        0.267654635106          0.067126573323          0.265708728852          0.054034631922          0.251572043288          0.061345231527          0.263607935475          0.070861539658          0.251412884511          0.060615419589          0.245520444656          0.075361156150          0.251814377594          0.077330617236          0.234926252256          0.074641998534          0.235010284412          0.091471008097          0.232748983723          0.089315455354          0.215911022045          0.095278971583          0.218079940054          0.110467944315          0.207799900785          0.108111437529
       -0.140604083687         -0.140168392452         -0.136761356321         -0.129761403304         -0.131483171909         -0.139027579901         -0.141413287446         -0.135601795005         -0.132836932127         -0.131029626878         -0.134545081479         -0.139179186544         -0.139853902871         -0.132069957199         -0.130877440578         -0.133009741180         -0.137297108353         -0.137408903255         -0.136974352030         -0.130225208937         -0.130888286624         -0.134455821076         -0.138865494151         -0.134959198128         -0.133917984135         -0.129799406258
        0.104883143418          0.089041871084          0.095039416448          0.081018132465          0.097974798825          0.091399663941          0.102283775671          0.085461837169          0.093310773851          0.084187914756          0.100178038037          0.091789837552          0.098590986070          0.083754547759          0.093317529567          0.087943057194          0.100496615136          0.090888690025          0.094972890064          0.084233443688          0.094037840298          0.091220507552          0.099058475104          0.089836964320          0.092039351270          0.086421048895
       -0.063236025434         -0.055491596129         -0.052739204660         -0.055637040084         -0.058745456923         -0.062458876353         -0.060416612749         -0.053674259141         -0.052737999595         -0.058992118625         -0.061333931405         -0.060209377415         -0.057256619128         -0.054081364357         -0.054640274318         -0.060988925462         -0.062077627953         -0.058021401878         -0.054878926544         -0.055773321476         -0.057385545697         -0.061506547721         -0.061200064842         -0.056745885991         -0.053855930845         -0.057595611970
        0.006920426959          0.026920966536          0.000062198286          0.029997643857          0.009704016169          0.034342002634          0.005050429049          0.025151444123          0.004201945400          0.032229176692          0.011658883073          0.030374895086          0.005157658135          0.025004695498          0.009261310368          0.032239483411          0.012886746844          0.026198579106          0.007487636891          0.025338197738          0.014334191033          0.029990876852          0.014275564152          0.022439548660          0.011542830614          0.025037978659
        0.008552426141          0.013693952336          0.013318949057          0.004739659742          0.003940642544          0.007315188726          0.011488664801          0.011117361689          0.009831370048          0.003014581337          0.004584720739          0.008996821712          0.012635478364          0.007681027515          0.006544944447          0.002923800505          0.006502651210          0.009090667911          0.011971505431          0.004669874707          0.004372980920          0.003561439906          0.008711521561          0.008034306119          0.010048627196          0.002723251461
       -0.037604295062         -0.022089142584         -0.034377680159         -0.012387588341         -0.029480097206         -0.018179548551         -0.037275141749         -0.019748016269         -0.030061322180         -0.012806258000         -0.030501427740         -0.020933793308         -0.034696344711         -0.017465739600         -0.026828653752         -0.015234067328         -0.030836940094         -0.022367925901         -0.030746908763         -0.016412653220         -0.024582747975         -0.018702562565         -0.029951326849         -0.022971938934         -0.026343449793         -0.017043651420
        0.035759840639          0.032621637530          0.029797261817          0.025499707518          0.028216028335          0.033911311429          0.035547912508          0.028870677046          0.027175922494          0.027124374010          0.031177287614          0.033281575178          0.033625169903          0.026388690895          0.026461210265          0.028901544267          0.033469071156          0.031411619658          0.030996650463          0.025386062982          0.027397188511          0.030015980159          0.034509973128          0.029378594474          0.028593509304          0.025381952530
       -0.028406282247         -0.026178910614         -0.019310246798         -0.021551742392         -0.024475377446         -0.030214756825         -0.026200983774         -0.023020781330         -0.019432478717         -0.024303788330         -0.026824189994         -0.029189004135         -0.023816639511         -0.021531243764         -0.021101847816         -0.026819845302         -0.027752105983         -0.027069088567         -0.022141615918         -0.021645773824         -0.023381031065         -0.028305967456         -0.027601441604         -0.024813563854         -0.021422612956         -0.022737287157
        0.018277671962          0.011093610908          0.009177486188          0.013781771546          0.016791645211          0.018170609265          0.015461531021          0.010500234182          0.010415630246          0.016771876705          0.018651252209          0.016173343715          0.012891889934          0.011688705413          0.013023604146          0.018389900687          0.018750596792          0.014557941961          0.011417472876          0.013656498174          0.015928642699          0.018790861279          0.017500212457          0.013743356193          0.011289569478          0.015482960878
        0.003812611493         -0.001329925553          0.008055605391         -0.006864381795         -0.000645343307         -0.008405557973          0.005459330546         -0.001288140793          0.004178316435         -0.009094765902         -0.001308826632         -0.005405743766          0.005367675386         -0.002712437256          0.000217228434         -0.009407471269         -0.001243902147         -0.002875922334          0.003677857021         -0.004487414674         -0.003142443916         -0.008043505704         -0.001136317378         -0.001160609053          0.001012446813         -0.005687243085
       -0.011578904808         -0.014167033156         -0.013082749523         -0.005322831518         -0.005500710628         -0.009684547313         -0.013628946908         -0.011160663657         -0.009543979371         -0.004346261853         -0.006806911196         -0.010718233236         -0.013851203862         -0.007885594442         -0.006695122050         -0.004638832801         -0.008949852301         -0.010392471319         -0.012491833977         -0.005316930441         -0.005205399580         -0.005395455394         -0.011038506412         -0.009340165366         -0.010223347615         -0.003736358048
        0.022199474911          0.017419877890          0.017035258110          0.008591547582          0.014899167952          0.015655038516          0.021585850728          0.014386108345          0.014065823366          0.009319198388          0.016673822880          0.017027963812          0.019428054903          0.011680718416          0.012474272648          0.011375986352          0.017826324172          0.016936763009          0.016627147895          0.010166157540          0.011994558710          0.013821204514          0.018126724029          0.015987270407          0.013857258163          0.010026572337
       -0.021613861387         -0.016913656155         -0.014112987288         -0.012271652436         -0.015414148724         -0.020056654122         -0.020625980466         -0.013947187034         -0.012455557928         -0.014304951671         -0.018288112690         -0.019128025835         -0.018348285545         -0.012361263278         -0.012661822941         -0.016148641671         -0.020163152330         -0.017414735154         -0.015784269778         -0.012031305284         -0.014278644307         -0.017322548799         -0.020674984498         -0.015734418650         -0.013726996014         -0.012414921872
        0.013509915251          0.012300283474          0.005272872620          0.010587679179          0.011880004200          0.017775317832          0.011478819997          0.009891786951          0.006465235648          0.013429986671          0.013961231198          0.016141820559          0.009706671982          0.009160880135          0.008809409886          0.015584382395          0.014794579102          0.013749148801          0.008754515042          0.009784789210          0.011491552880          0.016497104515          0.014744561142          0.011406784174          0.008618698329          0.011077261671
       -0.006872586816         -0.000799035049          0.000570102378         -0.005458171637         -0.007843612262         -0.007704447123         -0.004132104103         -0.001225694762         -0.001515011046         -0.008121212880         -0.008964175711         -0.006010079220         -0.002039507472         -0.002985892791         -0.004481376480         -0.009455474715         -0.008406247529         -0.004817558622         -0.001208577121         -0.005121674198         -0.007302789053         -0.009755762872         -0.006688825592         -0.004186182177         -0.001692587704         -0.006999722473
       -0.006997275823         -0.005386578439         -0.008793606307          0.001802136182         -0.001330966681          0.000769236721         -0.008136946342         -0.004358835431         -0.005079814420          0.003539582964         -0.001348714493         -0.001817072268         -0.007731844000         -0.002216409522         -0.001719554012          0.003445026250         -0.001942365052         -0.003621006032         -0.006134827725         -0.000038429275          0.000854113670          0.001926613253         -0.002676181440         -0.004518446897         -0.003872135195          0.001423609326
        0.012346783103          0.012624473083          0.011037307973          0.004357403245          0.005525613575          0.009971643193          0.013644103656          0.009516547846          0.007719684554          0.004042679602          0.007420705811          0.010579762854          0.013155827219          0.006567068716          0.005471022567          0.004694158419          0.009772508316          0.010115218873          0.011318117968          0.004413983610          0.004741663012          0.005718804153          0.011784015131          0.009189408875          0.008836115612          0.003123709433
       -0.016279929844         -0.013749871841         -0.009869252931         -0.006294853856         -0.010064826747         -0.014162388624         -0.015402623591         -0.010586837174         -0.007947395793         -0.007633455712         -0.012147912751         -0.014721144946         -0.013466849432         -0.008090101921         -0.007369403376         -0.009846920726         -0.013614162028         -0.013873186559         -0.011207965944         -0.006862309777         -0.007822595984         -0.012071765332         -0.014379941450         -0.012257182980         -0.009030828450         -0.006915134057
        0.015183371061          0.009692454538          0.006892437120          0.007324599769          0.010672121334          0.014229252632          0.013623780690          0.007555919660          0.006206631052          0.009645105308          0.013355283284          0.013231056280          0.011164178122          0.006722448193          0.007260409607          0.011586237104          0.014769996074          0.011709719761          0.008755984573          0.006885203293          0.009465753026          0.012914004238          0.014703886184          0.010147168911          0.007078101735          0.007632793932
       -0.007001592954         -0.005260500830          0.000031730814         -0.006255066825         -0.007368643978         -0.011665171598         -0.005222875928         -0.003696793416         -0.001872693666         -0.009120201637         -0.009136157359         -0.009647857655         -0.003889374257         -0.003764698424         -0.004560910991         -0.010954191504         -0.009765976500         -0.007170369434         -0.003275421715         -0.004964693571         -0.007417384877         -0.011391464042         -0.009469599482         -0.004899098264         -0.003343424184         -0.006613429425
        0.001175258283         -0.003345107402         -0.004259370219          0.002664786794          0.004246299858          0.003042967186         -0.001378525917         -0.002196940898         -0.001575530793          0.004977148441          0.004601504957          0.001593029952         -0.002980959390         -0.000129203079          0.001527122649          0.006048860859          0.003385775480          0.000562280506         -0.003221114023          0.002089588245          0.004093302325          0.006117214298          0.001179685670         -0.000146268181         -0.002157980922          0.004070632827
        0.008247594853          0.007994734479          0.007942655951         -0.000144271610          0.001913723206          0.003197894380          0.008986455800          0.006183118731          0.004552981524         -0.001236326736          0.002475571559          0.005432259926          0.008428812445          0.003627176944          0.001732679188         -0.000585429332          0.003566689286          0.006681889621          0.006930444979          0.001327390135         -0.000216414902          0.001311896106          0.004938478540          0.006947059400          0.004789652959         -0.000087851926
       -0.012412372791         -0.010754722651         -0.008682516346         -0.003400106894         -0.005484809742         -0.009835771447         -0.013023919551         -0.007807459882         -0.005793959673         -0.003667042015         -0.007871297295         -0.010256536243         -0.011939248466         -0.005231398855         -0.004256266713         -0.004721769655         -0.010355487394         -0.009819841211         -0.009710391928         -0.003407723743         -0.004351386909         -0.006205810613         -0.012191922815         -0.008913651960         -0.007062963574         -0.002416844274
        0.012802696635          0.010507507356          0.005724341991          0.004854301265          0.007858971207          0.012960154482          0.011828233298          0.007489700895          0.004676654314          0.006796416098          0.010152482175          0.012861791676          0.010082514966          0.005414504565          0.004849823487          0.009221291469          0.011845064911          0.011431945439          0.008058483940          0.004680965148          0.006041709041          0.011331587642          0.012771956669          0.009298386015          0.006056706742          0.005212182396
       -0.010910666355         -0.005361544885         -0.002510431459         -0.004988436821         -0.008325532281         -0.010902782536         -0.008919358856         -0.003958151479         -0.002752430355         -0.007516594362         -0.010680216501         -0.009911357631         -0.006376642586         -0.003674603088         -0.004555624870         -0.009593085177         -0.011519725803         -0.008406488889         -0.004175272730         -0.004233889117         -0.007236137220         -0.011024306586         -0.010726928586         -0.006638242700         -0.002953229330         -0.005434196174
        0.003251947477          0.000747865422         -0.002455571804          0.004176759367          0.005289856699          0.007529276137          0.001688804202          0.000024798893         -0.000128036406          0.006914153114          0.006725177219          0.005215695225          0.000556360504          0.000837569170          0.002754025163          0.008328236325          0.006984556346          0.002696791077          0.000029689470          0.002583284428          0.005714892007          0.008169053919          0.006071178588          0.000568887704          0.000264455271          0.004566768123
        0.002536121133          0.005295135355          0.005721463863         -0.001589136070         -0.002236804110         -0.000329509639          0.004831223651          0.003727795663          0.002665598090         -0.003543431702         -0.001790265363          0.001074760633          0.005934151109          0.001503445470         -0.000381563461         -0.004273194497          0.000106126141          0.002204532480          0.005571342209         -0.000828907286         -0.002503716463         -0.003821175256          0.002784310504          0.003038640313          0.003882107582         -0.002919657498
       -0.008817028400         -0.008934416577         -0.006779118680         -0.000500337546         -0.002229649812         -0.005842218215         -0.009355761898         -0.006560198312         -0.003782161632         -0.000151582618         -0.003346513878         -0.007730911280         -0.008776849325         -0.003783225341         -0.001444591543         -0.001452038588         -0.005052719998         -0.008440848810         -0.007258399756         -0.001539060488         -0.000143168437         -0.003830821683         -0.007062844582         -0.008022297964         -0.004938865241         -0.000417271076
        0.012098628211          0.009030696970          0.006370275870          0.002731447405          0.005630493047          0.009748511213          0.012066893439          0.006349968544          0.004056089907          0.003557054940          0.008398966696          0.010150206180          0.010430296052          0.004070888087          0.003315915593          0.005143454550          0.010881832842          0.009679681420          0.007829751370          0.002527785313          0.004305095052          0.007212341061          0.012311668490          0.008469812440          0.005086329358          0.001993459167
       -0.010431343927         -0.007540398735         -0.003042551405         -0.004014830905         -0.006819993839         -0.011797985318         -0.009430083743         -0.004831931406         -0.002678361738         -0.006489131066         -0.009308261605         -0.011069947764         -0.007704508964         -0.003293525365         -0.003488229134         -0.009062333436         -0.011091935427         -0.009058225130         -0.005614769192         -0.003191310087         -0.005417241131         -0.010932255659         -0.011747008763         -0.006431265007         -0.003635529942         -0.004363237476
        0.007469668104          0.002463320483         -0.000432549458          0.003837987772          0.006935338655          0.008717538753          0.005128927295          0.001593688916          0.000664850348          0.006554565427          0.008794535324          0.007603021777          0.002557712993          0.001716693325          0.003118822461          0.008732439027          0.008873506462          0.005803144264          0.000647186063          0.002723576353          0.006115746286          0.009988863764          0.007167009594          0.003611045672          0.000047910686          0.004488394290
       -0.000716903899          0.002445589050          0.003686083441         -0.003089328225         -0.004151162830         -0.004151788819          0.000809379342          0.002368896295          0.001105550051         -0.005523977952         -0.005147979156         -0.001567307261          0.001976257711          0.000858595881         -0.001939176429         -0.006338011525         -0.004733335509          0.000941227220          0.002453911080         -0.001384286827         -0.004896490579         -0.005370991908         -0.002862811205          0.002754481450          0.001831417893         -0.003562672415
       -0.005306947478         -0.006344535263         -0.006095355241          0.001146177235          0.000731765719         -0.001689039828         -0.007291511660         -0.004551904984         -0.002859459738          0.002692260806         -0.000568646319         -0.003293294034         -0.007840678008         -0.002159520185         -0.000058328909          0.002852583289         -0.003148957813         -0.004605964019         -0.006779390495          0.000343344110          0.001376060862          0.001533775613         -0.006150335017         -0.005317443528         -0.004404915859          0.002393580789
        0.009210098763          0.008974008863          0.005673328258          0.000857932318          0.002640455050          0.007854254765          0.009704958913          0.006196927411          0.003028555101          0.001342716929          0.004425474775          0.009338310349          0.009040254845          0.003343171287          0.001172480866          0.003362574999          0.006817856459          0.009384315594          0.007212636851          0.001351208460          0.000698816341          0.006190089581          0.009213725708          0.008121195219          0.004476618882          0.000799066930
       -0.011466396052         -0.007559661957         -0.004175855680         -0.002380364288         -0.005966234068         -0.009882227346         -0.010780494534         -0.005077822349         -0.002546662174         -0.003833617075         -0.008970613457         -0.010229156091         -0.008567325042         -0.002996858669         -0.002701523677         -0.006073843147         -0.011205738513         -0.009410770858         -0.005621300308         -0.001826067624         -0.004627582556         -0.008620316752         -0.011862875502         -0.007517165875         -0.002961842210         -0.002000055794
        0.008672554600          0.004739081528          0.001117030111          0.003598961673          0.006427099708          0.010479392413          0.007520323571          0.002446480495          0.001304551503          0.006496919742          0.009033279295          0.009048494296          0.005524918391          0.001561089486          0.002778859734          0.009038828055          0.010566753808          0.006406131870          0.003192219921          0.002226818258          0.005456303168          0.010359964553          0.010382606237          0.003384439021          0.001373495138          0.004086948193
       -0.004338759910         -0.000263700302          0.002504717159         -0.003312461369         -0.005892437393         -0.006990170417         -0.001684135393          0.000256751362          0.000617662448         -0.006188020730         -0.007031714923         -0.005446160116          0.000836845178         -0.000287640222         -0.002370787145         -0.008245642627         -0.006116519873         -0.003087535839          0.002268508735         -0.001885323463         -0.005421114677         -0.008841389188         -0.003388377709         -0.000536243548          0.002006886477         -0.004197942783
       -0.001345117467         -0.004826872167         -0.004422634829          0.002444031229          0.003327229598          0.001006571591         -0.003070790005         -0.003971596728         -0.001610205071          0.004356724294          0.003629438574         -0.001810139411         -0.004342755613         -0.001787784375          0.001576850376          0.004322590795          0.002190624938         -0.004137527061         -0.004535470203          0.000840856961          0.004263818742          0.002362990753         -0.000743052175         -0.005322905879         -0.003186938081          0.002939469893
        0.007532695429          0.007069156862          0.005820629874         -0.000905578235          0.000702305269          0.003655883733          0.009115757539          0.005054488266          0.002576123133         -0.001871863900          0.002898512508          0.005575574667          0.008961743253          0.002385144685          0.000256830369         -0.001136441465          0.006050454742          0.006847597284          0.007060957950         -0.000232333296         -0.000206286137          0.001247773338          0.009008910434          0.006965109844          0.004032088844         -0.001924437516
       -0.009667941960         -0.008390978186         -0.004633565452         -0.001214817113         -0.003323135252         -0.009439853684         -0.010081272330         -0.005319133677         -0.002282473160         -0.002619926717         -0.005881713756         -0.010339592768         -0.009029209441         -0.002554523007         -0.001043266184         -0.005338622338         -0.008794629927         -0.009489072658         -0.006571203522         -0.001077412154         -0.001645235965         -0.008362648631         -0.011007589703         -0.007245186873         -0.003403341330         -0.001343595388
        0.010457366666          0.006206219008          0.002074316063          0.002336297795          0.006405729321          0.010171019951          0.009029750295          0.003769315857          0.001251110693          0.004530908647          0.009400810226          0.010152876548          0.006201391358          0.001906493392          0.002401104641          0.007376347701          0.010997436572          0.008551026952          0.003045908961          0.001349745488          0.005191265776          0.009968768508          0.010468393111          0.005768653508          0.000794621491          0.002423043402
       -0.007129076170         -0.001989933402          0.000500570421         -0.003460195441         -0.006375792588         -0.008773188460         -0.005522566010         -0.000229592527         -0.000252273926         -0.006595206212         -0.008829221115         -0.006519787390         -0.003016428458         -0.000156350122         -0.002487149325         -0.008774428477         -0.009572494122         -0.003287290828         -0.000541822488         -0.001682957396         -0.005768013345         -0.009132528927         -0.008055457886         -0.000158644076          0.000732569812         -0.004095952405
        0.001229677703         -0.001737153929         -0.003970342262          0.003122981598          0.004829223227          0.005143649904         -0.001687109125         -0.001935130570         -0.001348908005          0.005995871568          0.004965663904          0.002854049021         -0.003962507715         -0.000793002590          0.001981116289          0.007493394304          0.002875481245         -0.000057370002         -0.004606356254          0.001487452072          0.004691016797          0.006921817268         -0.000746868685         -0.002562054686         -0.003257961566          0.004114232761
        0.003429079968          0.006611762825          0.004916529197         -0.001932892974         -0.002411252115          0.002162985216          0.005466253288          0.004948227565          0.001808066044         -0.003040840609         -0.001667019614          0.005049535382          0.006614607298          0.002139955113         -0.001377446827         -0.001917992898          0.000977775688          0.006845560238          0.006087310323         -0.000641182251         -0.003373921958          0.001028719166          0.004667805529          0.006998532253          0.003758461561         -0.002295019495
       -0.009329946033         -0.007639132963         -0.005048368249          0.000627243418         -0.002257615325         -0.005878376547         -0.010310205949         -0.005234772849         -0.001998492200          0.000717104829         -0.005295117551         -0.007921571059         -0.009218892952         -0.002233117640         -0.000461017072         -0.001162396424         -0.008684881639         -0.008640123940         -0.006398174109          0.000252957723         -0.001196975600         -0.004452983556         -0.011001791723         -0.007674262124         -0.002919112273          0.001253142930
        0.010175302150          0.007225640048          0.003487684402          0.001695361585          0.004348142477          0.010526059878          0.010192945784          0.003974904489          0.001486329001          0.004047266133          0.007599140816          0.010532015387          0.008337114585          0.001552358699          0.001128941116          0.007248759440          0.010529571050          0.008555995421          0.005115571779          0.000885642408          0.002944861818          0.009957241873          0.011807808570          0.005360585912          0.001821887613          0.002038023600
       -0.008909586528         -0.004666466078         -0.000030397236         -0.002580269612         -0.006780308443         -0.010268451155         -0.006615162706         -0.002204137274         -0.000169533642         -0.005533578423         -0.009369450838         -0.009390304313         -0.003236952809         -0.000780658916         -0.002350115337         -0.008635024771         -0.009852517031         -0.006703376540         -0.000200051077         -0.001118203417         -0.005720361720         -0.010600924938         -0.007845221015         -0.003228261043          0.001188652523         -0.002919181800
        0.005335364245         -0.000784624672         -0.002051614875          0.003450085294          0.006341187899          0.006422437998          0.002957732948         -0.001822126662         -0.000574302899          0.006499263693          0.008145398276          0.003308360381         -0.000029320285         -0.000907567804          0.002437102245          0.007863122676          0.007553983331         -0.000248039466         -0.002219055141          0.001440321819          0.005933897517          0.006899005235          0.004635573473         -0.002917798903         -0.002320035341          0.003879252417
        0.002011732680          0.003810090050          0.004903233080         -0.003045817350         -0.003467833995         -0.002688537548          0.005012078726          0.003482652447          0.001641453977         -0.005545910711         -0.002338972219          0.000419652457          0.006673289282          0.001523431976         -0.001704772202         -0.005961368514          0.000887272075          0.003480081859          0.006161170640         -0.001343665067         -0.003605807842         -0.004043272239          0.004821935934          0.004991182293          0.003451708617 
       -0.005793606036         -0.007800121702         -0.005124390005          0.001344534897          0.001088978664         -0.005374292452         -0.007943290323         -0.005280628953         -0.001716898674          0.001344170620         -0.000959843830         -0.007954023575         -0.008454679267         -0.002005977559          0.001134047649         -0.000948596015         -0.004603418650         -0.008718153644         -0.006781626435          0.000566883958          0.002053411130         -0.004450730572         -0.007854653411         -0.007116413023  
        0.010589299349          0.007891841278          0.003799946672         -0.000136680752          0.003954189790          0.008273564768          0.010638688447          0.004907563808          0.001234448624          0.000946590882          0.007565977560          0.009900831515          0.008397010684          0.001719395642          0.000790094348          0.003918759349          0.010591682838          0.009462488290          0.004764673179         -0.000259236653          0.002701324193          0.007119801557          0.011001207486   
       -0.010410105418         -0.005404169797         -0.002037650430         -0.002322965490         -0.005609063382         -0.010820782597         -0.009527533684         -0.002190485474         -0.000633251276         -0.005483634030         -0.009148378714         -0.009590775888         -0.006593846413         -0.000461024663         -0.001426672661         -0.008686083208         -0.011345841558         -0.006431846156         -0.002876040306         -0.000818185566         -0.004094503247         -0.009902021368    
        0.006603177729          0.002621370400         -0.001923901470          0.003035798503          0.006827720655          0.009619949734          0.003405745709          0.000305695066         -0.000665036940          0.006517270955          0.008493414361          0.007464989369         -0.000222757457         -0.000303745012          0.002416582841          0.009251408547          0.007469899085          0.003835837535         -0.002561194079          0.001036217169          0.005572746278     
       -0.002847629694          0.003539731609          0.003537236509         -0.003391183606         -0.005926251737         -0.003256990789          0.000370822614          0.003580668239          0.001149894430         -0.005890331297         -0.006505752824          0.000507845795          0.003408499328          0.001575023483         -0.002438234894         -0.006000289867         -0.004400504075          0.003752904732          0.004409968708         -0.001294621269      
       -0.005345785632         -0.005908955340         -0.005239367493          0.002846664869          0.001629053628         -0.000585137336         -0.008030555363         -0.004700171596         -0.001551618240          0.004462156289         -0.000844552924         -0.004148797764         -0.008570062498         -0.001841599294          0.001358623291          0.003513680358         -0.004699900010         -0.006249207555         -0.006299594776       
        0.008330461390          0.008214174461          0.004839322293         -0.000539421357          0.000782333680          0.008349938805          0.010036417638          0.004874588115          0.001334777419          0.000765490739          0.004065375888          0.010031876249          0.009317008333          0.001460450693         -0.000743304190          0.003909403672          0.007598613496          0.008819990877        
       -0.010996545773         -0.007454840490         -0.002088393326         -0.000655442646         -0.005615894703         -0.010346271208         -0.009758062241         -0.003892478952         -0.000385766215         -0.003001752234         -0.009248225278         -0.010846090346         -0.006342965422         -0.000918405113         -0.001213619543         -0.006239807673         -0.010606839213         
        0.009822548051          0.002878525595          0.000213284045          0.003012140494          0.006771172408          0.009932787016          0.007614752337          0.000084635410         -0.000208652927          0.006586887344          0.009902610110          0.007282189657          0.003786077725         -0.000558829830          0.001740306195          0.008666163534          
       -0.003394475261          0.000052306036          0.003637443940         -0.003521271239         -0.006241372053         -0.007716318035          0.000481997893          0.001773245627          0.001195380025         -0.007012971736         -0.006491353888         -0.004324229263          0.003691872775          0.001127224675         -0.002311081662           
       -0.000517529955         -0.006032532731         -0.004734929605          0.003089391377          0.004775047219         -0.000626373663         -0.004197278163         -0.004795278727         -0.001407747847          0.004529273448          0.003819092184         -0.004383350142         -0.006159068915         -0.001692050475            
        0.008451258702          0.007660215626          0.004855219051         -0.002315721124          0.000673926368          0.004411147655          0.010201738225          0.005272270293          0.001131598591         -0.002648911784          0.004132043718          0.007217498457          0.008696162331             
       -0.010518253330         -0.007598678787         -0.003863137783         -0.000509946773         -0.003049837281         -0.010518595764         -0.011046877177         -0.003676370955         -0.000714280306         -0.002983727167         -0.006658318932         -0.010140661631              
        0.010146568340          0.005978897155          0.000027672930          0.001686308505          0.006868854860          0.011359486015          0.007431726610          0.002214592224         -0.000415449691          0.004747652643          0.009278899036               
       -0.007903986286          0.000216340467          0.001826898360         -0.003565809284         -0.007350292793         -0.007588628013         -0.004417412642          0.002019602617          0.000856565606         -0.006583468538                
       -0.000589708330         -0.003118812032         -0.004838431083          0.003775458661          0.004798993342          0.004498816831         -0.004456192549         -0.003452498615         -0.001293466744                 
        0.004463659059          0.007817315882          0.005307805132         -0.002397828039         -0.002819843898          0.004627797957          0.007352932805          0.004916287315                  
       -0.010717865943         -0.008510312619         -0.003678232616          0.001393272003         -0.003086424350         -0.007587185895         -0.010336917639                   
        0.011593164124          0.005789739556          0.002210892377          0.001641382987          0.004957966763          0.010640019647                    
       -0.007765085262         -0.003456691403          0.002053733833         -0.002577013157         -0.006899160205                     
        0.004608887532         -0.003382579183         -0.003489008866          0.003553790981                      
        0.004708872203          0.005642609687          0.004956528654                       
       -0.007740201790         -0.007962874017                        
        0.010863619894                         
