        0.174693103701          0.174992157973          0.173011083559          0.169986423415          0.167698316322          0.167433645348          0.169270251800          0.172076328710          0.174200012132          0.174433434681          0.172693254225          0.170037783570          0.168028736763          0.167818892658          0.169495001031          0.172048221103          0.173977221635          0.174165671134          0.172524241607          0.170030234259          0.168149020583          0.167977618077          0.169608236409          0.172079313697          0.173939695049          0.174096449316
       -0.099827692773         -0.099277250028         -0.097738552768         -0.096132278226         -0.095379734163         -0.095878428041         -0.097294899785         -0.098780837557         -0.099475287091         -0.098998216962         -0.097654850141         -0.096242390263         -0.095579544175         -0.096034333043         -0.097320847873         -0.098676375789         -0.099310245949         -0.098861789294         -0.097603746479         -0.096277203503         -0.095657135899         -0.096101771462         -0.097346513667         -0.098660448560         -0.099273296893         -0.098824597039
        0.058952578060          0.057856017293          0.056217958862          0.054995978649          0.054871982236          0.055874274149          0.057384944343          0.058514939017          0.058621466324          0.057669087658          0.056233546557          0.055155607782          0.055050996562          0.055960137496          0.057335836155          0.058369676104          0.058463613968          0.057573254269          0.056227032492          0.055214008283          0.055123498078          0.056003702193          0.057336209987          0.058339695613          0.058425655449          0.057541690531
       -0.034411499116         -0.032970407512         -0.031471943722         -0.030773574039         -0.031242676163         -0.032565250765         -0.033948945565         -0.034591736808         -0.034141378463         -0.032884632591         -0.031566033507         -0.030948834693         -0.031374997115         -0.032576374566         -0.033840653320         -0.034430326767         -0.034009663518         -0.032833966530         -0.031595206814         -0.031016569466         -0.031432074495         -0.032594461170         -0.033821388405         -0.034393877187         -0.033975401191         -0.032808655179
        0.017551236361          0.015920500378          0.014704432666          0.014581501079          0.015579649219          0.017083634666          0.018208335668          0.018313820309          0.017364895181          0.015934959554          0.014861329295          0.014757216251          0.015662862610          0.017033209412          0.018062961576          0.018156352745          0.017269154798          0.015927832656          0.014918517270          0.014828348031          0.015705346264          0.017032999033          0.018032834232          0.018118498133          0.017237794656          0.015904316869
       -0.006166010910         -0.004620093757         -0.003896485041         -0.004377615046         -0.005742306452         -0.007173596492         -0.007842199961         -0.007381992215         -0.006087042860         -0.004725593788         -0.004086764858         -0.004525391772         -0.005765945073         -0.007073071510         -0.007684279488         -0.007251653926         -0.006038173755         -0.004758612965         -0.004160510205         -0.004589442718         -0.005790202313         -0.007057708508         -0.007648886995         -0.007216030903         -0.006010238107         -0.004736584230
       -0.001773865879         -0.002997351408         -0.003124064462         -0.002121965291         -0.000607278468          0.000529558597          0.000642439608         -0.000306876741         -0.001743129209         -0.002823676486         -0.002929929975         -0.002019457068         -0.000639580345          0.000399116217          0.000495888890         -0.000394950399         -0.001744020788         -0.002759854167         -0.002850924857         -0.001968437646         -0.000632196769          0.000373978339          0.000459666779         -0.000427469056         -0.001769936382         -0.002780697994
        0.006974516229          0.007690213798          0.007217394128          0.005869449563          0.004451594422          0.003784106652          0.004231495388          0.005505762964          0.006848905143          0.007480558440          0.007048296004          0.005822535743          0.004529160625          0.003922228464          0.004346824005          0.005544007434          0.006807637027          0.007398668124          0.006975079589          0.005788732672          0.004536410719          0.003952657620          0.004381104161          0.005573195714          0.006831717394          0.007416557067
       -0.010004021681         -0.010127312158         -0.009151965889         -0.007675308333         -0.006563640046         -0.006447439973         -0.007366025246         -0.008760724562         -0.009811358987         -0.009914794157         -0.009028267881         -0.007683557093         -0.006669875398         -0.006573005318         -0.007438322293         -0.008750700808         -0.009739345913         -0.009827979554         -0.008968745280         -0.007667621137         -0.006688024908         -0.006605089903         -0.007469625630         -0.008777266170         -0.009761430136         -0.009840574617
        0.011163736807          0.010702623728          0.009390172261          0.008008207059          0.007354702926          0.007785321333          0.009021042486          0.010325091066          0.010938274839          0.010517114502          0.009323785586          0.008063952916          0.007471516964          0.007882807015          0.009046258577          0.010274869137          0.010849506150          0.010437257961          0.009282961981          0.008064494191          0.007496736548          0.007914097106          0.009074489270          0.010299264476          0.010868450403          0.010441906851
       -0.010758888604         -0.009802558877         -0.008355741374         -0.007265668833         -0.007149486189         -0.008046097418         -0.009409035034         -0.010435677028         -0.010535639645         -0.009666801269         -0.008349367053         -0.007355831024         -0.007259895562         -0.008106188418         -0.009390399547         -0.010357853266         -0.010444310284         -0.009602859694         -0.008328823446         -0.007369682608         -0.007288682409         -0.008135533695         -0.009416220348         -0.010380156248         -0.010458136828         -0.009596797904
        0.009092876353          0.007795016629          0.006428663870          0.005782085328          0.006206776143          0.007427111754          0.008714998137          0.009320142372          0.008903052216          0.007722788808          0.006476818536          0.005890654715          0.006296894830          0.007446870202          0.008661338255          0.009229260236          0.008821472333          0.007680041395          0.006475220520          0.005913874297          0.006326678422          0.007474206758          0.008685403553          0.009248443252          0.008827108696          0.007660623476
       -0.006522518142         -0.005082088232         -0.003996704573         -0.003881097868         -0.004774300163         -0.006132188187         -0.007155214325         -0.007255071689         -0.006389619368         -0.005077057747         -0.004087094087         -0.003991474438         -0.004834825619         -0.006114684087         -0.007078930935         -0.007165160887         -0.006326576473         -0.005056850165         -0.004100975175         -0.004020274732         -0.004864252201         -0.006140532207         -0.007101053151         -0.007178589203         -0.006320077657         -0.005022281437
        0.003446486910          0.002081936219          0.001436080332          0.001861068767          0.003082114981          0.004371471787          0.004978476289          0.004562983347          0.003383667101          0.002138041480          0.001551951359          0.001958412135          0.003109030856          0.004324423196          0.004893075670          0.004485455766          0.003343699386          0.002138460163          0.001576939319          0.001989873509          0.003137660608          0.004348885075          0.004911390970          0.004488981688          0.003321329414          0.002089159872
       -0.000285662728          0.000797657563          0.000912856577          0.000019485592         -0.001339663386         -0.002365293747         -0.002468300476         -0.001605563029         -0.000294759330          0.000694427241          0.000789890826         -0.000053593672         -0.001334013939         -0.002299154273         -0.002386155010         -0.001547963468         -0.000278386880          0.000677384604          0.000758049720         -0.000085759333         -0.001361525090         -0.002321029382         -0.002397068290         -0.001537026997         -0.000238301046          0.000737658995
       -0.002560752408         -0.003203557666         -0.002779686399         -0.001561267782         -0.000272965889          0.000336150046         -0.000074417137         -0.001247680664         -0.002488334034         -0.003072309543         -0.002666893808         -0.001519069083         -0.000306078366          0.000262112213         -0.000143648422         -0.001281940477         -0.002483689681         -0.003043545268         -0.002631818486         -0.001487615911         -0.000280670678          0.000278687256         -0.000144546621         -0.001310591511         -0.002540001781         -0.003107626835
        0.004760968926          0.004874841786          0.003986234532          0.002633161160          0.001610041922          0.001503678576          0.002358174327          0.003659359257          0.004641898464          0.004736527434          0.003897575398          0.002623642953          0.001662798930          0.001575321549          0.002408318258          0.003670555996          0.004620804029          0.004700982805          0.003862170229          0.002594246113          0.001641397412          0.001567651210          0.002424781987          0.003717378705          0.004688111834          0.004759454831
       -0.006088575486         -0.005667147949         -0.004456458235         -0.003175062412         -0.002567096212         -0.002971727819         -0.004134493243         -0.005365092778         -0.005944352528         -0.005541460307         -0.004401101340         -0.003195587862         -0.002630353758         -0.003032750363         -0.004163011924         -0.005356386626         -0.005912314417         -0.005503523046         -0.004367572208         -0.003169692240         -0.002615476941         -0.003037457714         -0.004196854407         -0.005418412959         -0.005982332629         -0.005546468832
        0.006443435642          0.005559867563          0.004214220600          0.003195645386          0.003087855210          0.003935347613          0.005227346244          0.006203151733          0.006296816940          0.005462611520          0.004195790158          0.003239984072          0.003152501841          0.003980348199          0.005235030781          0.006179569632          0.006259278033          0.005425627283          0.004165611725          0.003219093681          0.003146799484          0.003999889612          0.005285431601          0.006250599969          0.006321885092          0.005444215167
       -0.005855491905         -0.004649354302         -0.003372335471         -0.002765780235         -0.003168027581         -0.004325884137         -0.005551621420         -0.006128600181         -0.005727053660         -0.004590568420         -0.003388975665         -0.002825394235         -0.003226249194         -0.004352597157         -0.005541844012         -0.006095817804         -0.005688446821         -0.004556513442         -0.003362995478         -0.002811108565         -0.003232134282         -0.004387824687         -0.005605125195         -0.006167005732         -0.005732948182         -0.004544236559
        0.004473852253          0.003130366126          0.002113098940          0.002005357280          0.002852017463          0.004143051321          0.005118403511          0.005212409826          0.004379184757          0.003113489720          0.002158413416          0.002070973391          0.002898243914          0.004152078906          0.005095942844          0.005175495534          0.004342288251          0.003083085925          0.002137296433          0.002065153364          0.002917549528          0.004201742702          0.005165535954          0.005236126687          0.004358780966          0.003036996847
       -0.002543379766         -0.001266753220         -0.000660351744         -0.001063243568         -0.002222656884         -0.003450515346         -0.004029235202         -0.003628308066         -0.002491380038         -0.001288978682         -0.000725007241         -0.001126335608         -0.002253915582         -0.003444474438         -0.003998943460         -0.003590819511         -0.002457322141         -0.001262365259         -0.000709851167         -0.001131086072         -0.002287302105         -0.003504695322         -0.004065625705         -0.003629551311         -0.002438496108         -0.001184447842
        0.000369833972         -0.000647085185         -0.000754407103          0.000093677955          0.001387367499          0.002365695919          0.002461637517          0.001628731881          0.000362315648         -0.000593485566         -0.000680875704          0.000147473651          0.001402993064          0.002348088219          0.002427418826          0.001592538623          0.000331267861         -0.000615855092         -0.000688229349          0.000164624686          0.001449122135          0.002412100852          0.002480242065          0.001599405892          0.000274546448         -0.000717733919
        0.001723642331          0.002329093856          0.001925825943          0.000765440480         -0.000464478085         -0.001045659785         -0.000646619016          0.000489269735          0.001691182122          0.002254938031          0.001853455785          0.000725540080         -0.000465457712         -0.001019934519         -0.000611071177          0.000523454358          0.001719040735          0.002271732274          0.001850743641          0.000695335449         -0.000520381151         -0.001078611615         -0.000639235216          0.000554548759          0.001809834772          0.002384181257
       -0.003442473934         -0.003549134463         -0.002701756055         -0.001408380177         -0.000428999203         -0.000330904060         -0.001161221493         -0.002425182014         -0.003379329741         -0.003466441521         -0.002639015030         -0.001384777040         -0.000440656125         -0.000361813368         -0.001196556650         -0.002456984167         -0.003403132297         -0.003475523389         -0.002624329617         -0.001342819003         -0.000383375859         -0.000318479360         -0.001201281610         -0.002526218284         -0.003517547129         -0.003581618238
        0.004560813795          0.004158147753          0.002999628645          0.001770742573          0.001188752450          0.001585354230          0.002717945423          0.003916840008          0.004479162340          0.004078407476          0.002952628988          0.001763774214          0.001210452116          0.001619097710          0.002752084859          0.003945592211          0.004497196068          0.004077344547          0.002925164462          0.001713520427          0.001158804886          0.001599993984          0.002793276888          0.004046511217          0.004619603366          0.004159589839
       -0.004949270213         -0.004103404792         -0.002811857264         -0.001833061683         -0.001733881189         -0.002561871618         -0.003823101984         -0.004775266465         -0.004862107326         -0.004036084506         -0.002783875850         -0.001841262968         -0.001762785402         -0.002596604772         -0.003855192773         -0.004799700055         -0.004871991866         -0.004022701537         -0.002744328989         -0.001787976172         -0.001724978388         -0.002607710458         -0.003930753658         -0.004919989091         -0.004984055011         -0.004065881801
        0.004587438356          0.003429946908          0.002201655442          0.001619470455          0.002015332297          0.003147002824          0.004345100209          0.004907074914          0.004506570182          0.003381388820          0.002193084807          0.001640072539          0.002048711715          0.003181283880          0.004374083971          0.004925184679          0.004505515139          0.003354221137          0.002143825497          0.001590261127          0.002031921925          0.003224542789          0.004476311577          0.005048348069          0.004588781616          0.003347605392
       -0.003561655585         -0.002269718462         -0.001290334051         -0.001191033127         -0.002019763403         -0.003282321364         -0.004235632403         -0.004322772286         -0.003496074661         -0.002242690846         -0.001299184923         -0.001220673185         -0.002055283074         -0.003314884230         -0.004259890372         -0.004331755559         -0.003481256726         -0.002201539058         -0.001244445756         -0.001181520776         -0.002064632729         -0.003387666453         -0.004376222061         -0.004439099734         -0.003519601117         -0.002140689856
        0.002049426874          0.000819781495          0.000236933518          0.000633752122          0.001767978184          0.002969058117          0.003532760237          0.003131783185          0.002004443902          0.000813817989          0.000259749296          0.000669132338          0.001803699457          0.002998386889          0.003549793206          0.003128256245          0.001973766352          0.000760541929          0.000205744675          0.000647741945          0.001841280092          0.003093306622          0.003663957722          0.003201178106          0.001956015612          0.000649015066
       -0.000292068797          0.000688430965          0.000787584046         -0.000043204308         -0.001309209571         -0.002265616873         -0.002353683138         -0.001525413406         -0.000269346361          0.000676115193          0.000754792782         -0.000081393717         -0.001343262727         -0.002289496140         -0.002360147032         -0.001506197113         -0.000222612159          0.000736893016          0.000800255568         -0.000083591056         -0.001407176688         -0.002394664052         -0.002453976681         -0.001529146061         -0.000145408465          0.000886505861
       -0.001441701709         -0.002024802190         -0.001627195319         -0.000490725330          0.000713356454          0.001279112334          0.000878041781         -0.000251018599         -0.001443446064         -0.001998269530         -0.001588352922         -0.000452375888          0.000743529356          0.001294529333          0.000870420108         -0.000287602193         -0.001503440826         -0.002059169316         -0.001617075161         -0.000423529678          0.000827322396          0.001394683045          0.000926678176         -0.000323637454         -0.001633469445         -0.002226035300
        0.002896090940          0.002995042884          0.002163577737          0.000895964268         -0.000062353838         -0.000151375845          0.000677265994          0.001934191061          0.002880146108          0.002958824156          0.002122305817          0.000860033156         -0.000085958295         -0.000155003419          0.000701477140          0.001987075168          0.002947293418          0.003010736588          0.002127420635          0.000805431703         -0.000178997240         -0.000233808246          0.000695559504          0.002081694922          0.003113464907          0.003169007938
       -0.003865538772         -0.003467906413         -0.002331134861         -0.001126074836         -0.000559275133         -0.000959972332         -0.002089158108         -0.003281617235         -0.003836329092         -0.003426444687         -0.002290649447         -0.001095123520         -0.000545119608         -0.000970877835         -0.002130294227         -0.003346462022         -0.003901944856         -0.003460204209         -0.002268167822         -0.001019934881         -0.000456136914         -0.000927762090         -0.002179935451         -0.003489023779         -0.004080141586         -0.003583717572
        0.004222753001          0.003391301717          0.002123227035          0.001164070087          0.001074542484          0.001903288944          0.003160464630          0.004106443629          0.004185050830          0.003348497731          0.002086213930          0.001140515123          0.001072392667          0.001930014792          0.003216097217          0.004176030463          0.004239261228          0.003356498682          0.002035886849          0.001053576527          0.001001236934          0.001932116127          0.003317571425          0.004347354374          0.004402133865          0.003423205068
       -0.003933938999         -0.002796406818         -0.001590150292         -0.001022552675         -0.001423526149         -0.002553816371         -0.003747340454         -0.004302435322         -0.003892103907         -0.002755259704         -0.001558717797         -0.001008541881         -0.001435149575         -0.002595672320         -0.003812346538         -0.004367607756         -0.003925273979         -0.002732644797         -0.001484301623         -0.000921252931         -0.001393900004         -0.002646014954         -0.003953624424         -0.004543142358         -0.004046424831         -0.002727455472
        0.003060555544          0.001790473033          0.000829617788          0.000739925415          0.001570310338          0.002829974820          0.003777755283          0.003856354120          0.003017941573          0.001753029959          0.000805499916          0.000737317934          0.001596353917          0.002884110073          0.003844749609          0.003907067369          0.003021955016          0.001698667306          0.000714784361          0.000662396667          0.001593691543          0.002978800996          0.004007274230          0.004060254115          0.003078953120          0.001615802048
       -0.001748329583         -0.000539392826          0.000029464201         -0.000372631334         -0.001506014598         -0.002702875087         -0.003259411974         -0.002847573774         -0.001707161297         -0.000507158090          0.000044532227         -0.000382922261         -0.001545675434         -0.002764233909         -0.003319318412         -0.002874054216         -0.001676865013         -0.000424670399          0.000139956719         -0.000332938870         -0.001585571819         -0.002892722662         -0.003480146776         -0.002979050949         -0.001654732900         -0.000269447985
        0.000204770564         -0.000758271374         -0.000848057723         -0.000015331060          0.001248079247          0.002198748570          0.002277269991          0.001435699332          0.000166609641         -0.000783691345         -0.000852156455          0.000008625853          0.001298693561          0.002260165866          0.002320208496          0.001430077762          0.000101574017         -0.000885217946         -0.000937935165         -0.000005940625          0.001379253865          0.002405973085          0.002454080345          0.001465765928         -0.000003998454         -0.001093270093
        0.001332491652          0.001902353598          0.001499324861          0.000363185566         -0.000836882142         -0.001394797945         -0.000981240148          0.000162833327          0.001366005468          0.001918871361          0.001490660139          0.000326146979         -0.000893635161         -0.001447541752         -0.000998086983          0.000204379524          0.001460045504          0.002025394846          0.001551924667          0.000299192568         -0.001006447100         -0.001589454512         -0.001081324857          0.000250361845          0.001637314830          0.002255559059
       -0.002632089894         -0.002721932367         -0.001887909721         -0.000622138294          0.000330482774          0.000408794041         -0.000435185107         -0.001707034383         -0.002658775711         -0.002727189172         -0.001865493025         -0.000574484431          0.000386615138          0.000443849250         -0.000450636740         -0.001782409159         -0.002769895587         -0.002821938551         -0.001889852647         -0.000506080722          0.000517013724          0.000559170560         -0.000435932305         -0.001906967068         -0.002993917648         -0.003032838838
        0.003503777531          0.003100381019          0.001962924616          0.000761094826          0.000202424232          0.000617125448          0.001763305976          0.002967913314          0.003521023115          0.003092354249          0.001927182437          0.000707234327          0.000154732094          0.000607197159          0.001812378669          0.003068623482          0.003633019914          0.003159051160          0.001907301878          0.000604202364          0.000025455238          0.000538900889          0.001871409512          0.003255527781          0.003863409763          0.003319419598
       -0.003825715423         -0.002990860670         -0.001723477456         -0.000769466373         -0.000691253305         -0.001536801505         -0.002810325539         -0.003762770380         -0.003830929619         -0.002968411032         -0.001676476002         -0.000715304465         -0.000659554255         -0.001556113913         -0.002888664725         -0.003875301869         -0.003926310038         -0.002994179336         -0.001611281914         -0.000590242946         -0.000551332333         -0.001546929873         -0.003015430001         -0.004090717475         -0.004133184938         -0.003062413881
        0.003560405104          0.002421068591          0.001217033039          0.000657338873          0.001072976434          0.002221250917          0.003427582348          0.003981102443          0.003551404347          0.002384222556          0.001162438222          0.000609605828          0.001063276173          0.002269655975          0.003525872451          0.004089286058          0.003614178399          0.002361154842          0.001057383363          0.000479299319          0.000992885281          0.002323802456          0.003697333263          0.004308874804          0.003745775898          0.002351352611
       -0.002758184295         -0.001487630558         -0.000531203516         -0.000452820870         -0.001300441889         -0.002576832116         -0.003531080063         -0.003598747046         -0.002733443200         -0.001437858791         -0.000474272067         -0.000418407780         -0.001316288837         -0.002649953729         -0.003636522900         -0.003686051046         -0.002750762791         -0.001364338148         -0.000341061234         -0.000301701339         -0.001296751404         -0.002757620125         -0.003836790046         -0.003856099086         -0.002823789288         -0.001204518304
        0.001548703004          0.000340964937         -0.000220386735          0.000196445009          0.001347949795          0.002557513840          0.003111968229          0.002679784684          0.001507833082          0.000281739505         -0.000272820880          0.000181664532          0.001389859733          0.002647225108          0.003209803620          0.002730770386          0.001472061667          0.000163375344         -0.000415919509          0.000097877192          0.001424996850          0.002802314022          0.003391099507          0.002868318876          0.001380493933         -0.000022498876
       -0.000121320815          0.000838016988          0.000916593959          0.000066524824         -0.001213556049         -0.002170241095         -0.002236816351         -0.001366935730         -0.000066019785          0.000900662906          0.000956595884          0.000056977159         -0.001278528043         -0.002265287596         -0.002311411893         -0.001369695495          0.000023391462          0.001048488371          0.001087114666          0.000091920564         -0.001371776293         -0.002432410527         -0.002488396535         -0.001352399236          0.000132405991          0.001427321548
       -0.001303712618         -0.001866388489         -0.001448459704         -0.000294029169          0.000918570853          0.001473590148          0.001038215043         -0.000138862641         -0.001368694447         -0.001924045391         -0.001468309827         -0.000258350844          0.000999837010          0.001560225854          0.001075489362         -0.000190261595         -0.001500955019         -0.002079006091         -0.001561307997         -0.000233117209          0.001132393213          0.001748955108          0.001128795453         -0.000214120731         -0.001860722964         -0.002273069184
        0.002509375979          0.002587930287          0.001736191916          0.000453520841         -0.000504783769         -0.000569992619          0.000303827971          0.001608360944          0.002576161299          0.002631213111          0.001730196516          0.000393776797         -0.000591998584         -0.000634060372          0.000313801661          0.001708676906          0.002732063174          0.002763444788          0.001769044476          0.000309075712         -0.000766155280         -0.000745947957          0.000256737745          0.002000974829          0.002881416730          0.002979662531
       -0.003315336940         -0.002896668809         -0.001740405610         -0.000525821253          0.000029430117         -0.000408275283         -0.001588399555         -0.002819530894         -0.003374231214         -0.002917264766         -0.001706362288         -0.000448118889          0.000110175182         -0.000378959233         -0.001646100779         -0.002954977029         -0.003523448347         -0.003007892805         -0.001674868825         -0.000310147807          0.000262387176         -0.000256016466         -0.001834712743         -0.003041647627         -0.003739747679 
        0.003604625875          0.002751481166          0.001466592453          0.000506749656          0.000442194644          0.001318287373          0.002624462227          0.003592160630          0.003646108538          0.002743835788          0.001406204404          0.000420430020          0.000380544557          0.001329365667          0.002722911483          0.003736150552          0.003770516741          0.002763293805          0.001318959164          0.000249718553          0.000214598784          0.001394416271          0.002740927810          0.003920983887  
       -0.003339557294         -0.002180643544         -0.000963226871         -0.000406887649         -0.000845832957         -0.002027980548         -0.003260126482         -0.003814402098         -0.003355923501         -0.002142478629         -0.000881998469         -0.000323366740         -0.000812927639         -0.002079636905         -0.003379861475         -0.003952064851         -0.003417771313         -0.002112238098         -0.000715245533         -0.000141278961         -0.000752663134         -0.002034727942         -0.003510374027   
        0.002565815684          0.001276838551          0.000314084759          0.000249349790          0.001127413004          0.002435847989          0.003404545718          0.003457458178          0.002551678249          0.001209663844          0.000220936566          0.000180733473          0.001129958935          0.002517895252          0.003535636246          0.003548851424          0.002576541589          0.001067165555          0.000049391531          0.000010713201          0.001037433807          0.002582320833    
       -0.001405247206         -0.000183329213          0.000374825941         -0.000065337579         -0.001250342302         -0.002485022933         -0.003039622246         -0.002577745526         -0.001358504418         -0.000092780083          0.000467032784         -0.000023400592         -0.001288133788         -0.002593174458         -0.003145809994         -0.002648873672         -0.001256147349          0.000045494309          0.000717137961          0.000095396709         -0.001286213859     
        0.000038098535         -0.000927838512         -0.000992495351         -0.000111940505          0.001199766635          0.002170324873          0.002221126251          0.001309484940         -0.000039152541         -0.001029757601         -0.001068895689         -0.000118135734          0.001273894240          0.002276917894          0.002324802785          0.001257292861         -0.000128173367         -0.001321103923         -0.001190869818         -0.000176628272      
        0.001324111255          0.001883141374          0.001441356591          0.000253408240         -0.000983940738         -0.001538196099         -0.001071762257          0.000154171650          0.001422060860          0.001980650021          0.001485521229          0.000218435940         -0.001078652635         -0.001658231108         -0.001073254340          0.000186187237          0.001712422341          0.002085091432          0.001583711815       
       -0.002471788333         -0.002535559812         -0.001652873163         -0.000338626945          0.000632987110          0.000681283743         -0.000235886752         -0.001586561443         -0.002575817043         -0.002607589328         -0.001656552135         -0.000264948203          0.000753021754          0.000733531540         -0.000211586181         -0.001836139225         -0.002647620245         -0.002725161596        
        0.003230563603          0.002787283839          0.001597271873          0.000358063196         -0.000195777232          0.000274238130          0.001501843812          0.002768561188          0.003318098165          0.002824415088          0.001550225999          0.000252611289         -0.000290060368          0.000201874762          0.001678434974          0.002800106237          0.003434938524         
       -0.003487754112         -0.002603267871         -0.001286555362         -0.000313492782         -0.000266500743         -0.001184870179         -0.002535036583         -0.003515215807         -0.003549729947         -0.002584893000         -0.001206997011         -0.000190464130         -0.000160130304         -0.001267839480         -0.002526660590         -0.003614493937          
        0.003207778169          0.002014608968          0.000772198798          0.000217288072          0.000687888986          0.001915914860          0.003175427837          0.003728928869          0.003216852934          0.001967990106          0.000636555264          0.000094336023          0.000670434777          0.001875061416          0.003245777903           
       -0.002435468456         -0.001113956161         -0.000137488411         -0.000090262279         -0.001009766981         -0.002355916709         -0.003341277826         -0.003356165679         -0.002424175309         -0.000982637013         -0.000015990730          0.000020358625         -0.000948960435         -0.002392491295            
        0.001289952153          0.000042149856         -0.000513912950         -0.000041951284          0.001185552460          0.002450889895          0.002987267569          0.002510883068          0.001178687479         -0.000061842408         -0.000698159842         -0.000107985227          0.001189800874             
        0.000052308626          0.001030672571          0.001076635458          0.000154547551         -0.001196793847         -0.002170406354         -0.002218949111         -0.001197320221          0.000126709131          0.001260040952          0.001134094449          0.000176282610              
       -0.001380946466         -0.001935850380         -0.001458687237         -0.000227922498          0.001032425954          0.001595484217          0.001037443676         -0.000168733909         -0.001622201239         -0.001974467105         -0.001497305740               
        0.002489819731          0.002528429598          0.001605508795          0.000252178774         -0.000736756992         -0.000724215028          0.000182044144          0.001732276201          0.002504427811          0.002574286284                
       -0.003203064108         -0.002727136858         -0.001487754516         -0.000226119462          0.000305344484         -0.000165490001         -0.001576566950         -0.002647729588         -0.003247759514                 
        0.003424834850          0.002487578702          0.001147035550          0.000155916773          0.000122653510          0.001181522341          0.002387035282          0.003421009628                  
       -0.003102317946         -0.001887285231         -0.000590276971         -0.000061186782         -0.000609520796         -0.001765728908         -0.003073344386                   
        0.002336629232          0.000932935133         -0.000008465209         -0.000050581597          0.000881136330          0.002262221816                    
       -0.001133317486          0.000074812703          0.000697066869          0.000130127017         -0.001114334541                     
       -0.000127233332         -0.001231154600         -0.001113006828         -0.000193418925                      
        0.001572238843          0.001917993805          0.001460893408                       
       -0.002424074815         -0.002495607932                        
        0.003142240667                         
