        0.227489244953          0.101010746445          0.222064304474          0.098422929459          0.201298063055          0.107849137085          0.202992056731          0.125893328255          0.189780952832          0.124771344811          0.173756483273          0.140022639870          0.173758630144          0.153708623967          0.156866049840          0.154577601830          0.145639245242          0.172542956614          0.144128990826          0.181440661373          0.125868093485          0.184058843671          0.120227811432          0.202763231594          0.116912003793          0.205737130252
       -0.138752145685         -0.137575035857         -0.136863546811         -0.129032914920         -0.130370471232         -0.134173578367         -0.139730362770         -0.134658707019         -0.133546842494         -0.129320714453         -0.132507228397         -0.134532316172         -0.139384987876         -0.133208303922         -0.131542656594         -0.129882263091         -0.134995571234         -0.135137317563         -0.138198379984         -0.132484423844         -0.130785992021         -0.130723560962         -0.137520070250         -0.136331696115         -0.136302687518         -0.131634310237
        0.102326639450          0.092463595684          0.094682793327          0.084930643547          0.094146206456          0.093341537573          0.099443400204          0.091470130109          0.091520796267          0.088118336799          0.094176136726          0.095720405742          0.096136504602          0.091555205017          0.089089443037          0.091529224702          0.093789053038          0.097570672222          0.092734972793          0.092076765920          0.087308041674          0.095020240321          0.093430986382          0.098758209455          0.089139207906          0.092741680793
       -0.064131026106         -0.058683189488         -0.054704314646         -0.056512264538         -0.058682820436         -0.062696292746         -0.062199416752         -0.057619798337         -0.054173197694         -0.058143127052         -0.061077763042         -0.061971269445         -0.059776696602         -0.057157928157         -0.054834345782         -0.058970025053         -0.062365659506         -0.061435148740         -0.057283673181         -0.056434820203         -0.056381562898         -0.059833579767         -0.062470942489         -0.060605421025         -0.055106483568         -0.055592920933
        0.015833300875          0.025115334271          0.009618713219          0.024770413059          0.017879037717          0.029355780322          0.017536016125          0.020835520527          0.014652675449          0.023450536547          0.022580183922          0.024185224658          0.019667247735          0.016888257243          0.019638636608          0.020988529071          0.026374394092          0.018674751913          0.021525494982          0.013249533165          0.024413322881          0.018151184297          0.028877403208          0.013076392188          0.022960573074          0.010500251596
        0.006342183381          0.008613867980          0.012120838437          0.003356972749          0.003285901326          0.002403198896          0.008817493938          0.007319507427          0.009706814963          0.002186715874          0.003294888452          0.003451682961          0.010567321687          0.006755613752          0.007407805412          0.001904643132          0.004575888019          0.004842337468          0.011562512353          0.006814784328          0.005480521501          0.002007962051          0.006872393339          0.007022886160          0.011562904879          0.006659607382
       -0.030286437373         -0.023945326312         -0.029468130436         -0.016900666159         -0.022646444663         -0.020118120148         -0.028593972383         -0.024605894213         -0.024649976595         -0.018661597719         -0.021042145727         -0.024329757967         -0.026423567011         -0.025654299825         -0.020534974119         -0.021463137369         -0.020110083017         -0.028332115519         -0.024192677942         -0.026782091493         -0.017130429899         -0.024849193237         -0.020195900450         -0.031922167707         -0.021676057684         -0.027535507962
        0.035067957129          0.031637738919          0.031126189633          0.024963693687          0.027784832516          0.030038938051          0.035418959842          0.029615241288          0.028740871489          0.025380143014          0.029975761663          0.030540092071          0.034662242741          0.028507124412          0.027401354424          0.026033844025          0.032222588462          0.031331041662          0.033076814406          0.027627338276          0.027166954606          0.027219875324          0.034191069433          0.032237574780          0.030845664308          0.026615721130
       -0.029376477809         -0.027616406266         -0.022569745791         -0.021845106115         -0.024238913397         -0.029126287967         -0.028638813116         -0.025139513284         -0.022023178688         -0.023028454277         -0.026265689734         -0.028927685087         -0.027569502596         -0.023261016633         -0.021999588993         -0.024214627923         -0.027968296161         -0.028137244853         -0.026054887191         -0.021744832050         -0.022584122396         -0.025564956578         -0.029259451780         -0.026689532140         -0.024050158782         -0.020784279799
        0.019947698854          0.015115549873          0.011349494365          0.014185985209          0.016960865286          0.019596798454          0.017917649375          0.014318260686          0.011552346141          0.015591819369          0.018757750041          0.018940950469          0.015496174359          0.013599442666          0.012574865233          0.016494205389          0.019332239863          0.018001275391          0.013052973605          0.012684194446          0.014244883555          0.017454874942          0.018595747295          0.016349728731          0.011101036466          0.012098464003
       -0.002686621373         -0.002143331225          0.002720293815         -0.004370249635         -0.004811789436         -0.007671886310         -0.002452235571         -0.000330859255         -0.000077461168         -0.004781429801         -0.006883908966         -0.004504114060         -0.002144343067          0.001180173487         -0.002770606873         -0.004274444678         -0.007883253327         -0.000966583822         -0.001615090465          0.002345207225         -0.005463468174         -0.003194022053         -0.007542052001          0.002785625941         -0.001284690450          0.002717339932
       -0.009484976561         -0.010288581132         -0.012723440211         -0.004803762234         -0.004952780502         -0.004943706389         -0.011575639634         -0.009377235748         -0.010300642639         -0.003951350470         -0.005616006576         -0.006290452121         -0.012941505174         -0.009015778900         -0.008142853100         -0.003809728046         -0.007439752153         -0.008155844477         -0.013443020507         -0.008801504791         -0.006543728470         -0.004273619559         -0.010109081791         -0.010550600209         -0.012815475078         -0.008096563657
        0.018115189882          0.017914889140          0.016437207808          0.010469243714          0.011575807299          0.014725048818          0.018137871173          0.016836244095          0.013747511110          0.010958408873          0.012156174727          0.016990166958          0.017779197443          0.015943246090          0.011597426896          0.012295266500          0.013453640629          0.018945906931          0.016941487473          0.015079621140          0.010130767740          0.014373803399          0.015417449608          0.020362595020          0.015288001431          0.014179407885
       -0.021479981524         -0.017888726447         -0.015889905497         -0.012074363530         -0.014919396988         -0.017617448449         -0.021287749238         -0.016252144614         -0.013985893929         -0.012645573546         -0.017215701827         -0.018271199529         -0.020015658509         -0.014994228182         -0.013127729219         -0.013513628806         -0.019323667143         -0.018876899188         -0.017927870332         -0.013719349651         -0.013467547882         -0.015019093721         -0.020807318821         -0.019047241614         -0.015389614304         -0.012527260781
        0.016085421166          0.013833350328          0.009262430311          0.009875919284          0.012298902773          0.016738072777          0.015557362532          0.011310272506          0.009165686820          0.010928917503          0.014558681235          0.015800504465          0.014415146216          0.009253939984          0.009585262775          0.011909427101          0.016321439548          0.014148727408          0.012628142513          0.007662220645          0.010781833802          0.012939537652          0.017230161975          0.011768092893          0.010516930718          0.006919575438
       -0.008744782467         -0.005162716083         -0.000979502767         -0.005341441159         -0.007752470173         -0.010121467608         -0.006453230550         -0.004300478640         -0.001659711318         -0.006664078937         -0.008981156454         -0.009163905997         -0.003907414294         -0.003370183620         -0.003065936805         -0.007603672209         -0.008848741448         -0.007559561994         -0.001587634679         -0.002516362753         -0.004981188679         -0.008416103405         -0.007302694612         -0.005126314631         -0.000129066833         -0.002382505034
       -0.001368210060         -0.004446595160         -0.005851163693         -0.000371852516          0.001483671426          0.001193670201         -0.002404208367         -0.005357833293         -0.003706939739          0.000323654312          0.002472406601         -0.001651856580         -0.003590489736         -0.005910009866         -0.001480986986          0.000113030190          0.002210427471         -0.004780203746         -0.004654846280         -0.006000388185          0.000782001743         -0.000877162786          0.000559424709         -0.007919447414         -0.004944429766         -0.005348945775
        0.010699554341          0.010415134381          0.011638271562          0.004485660199          0.005123685179          0.005873683202          0.012504068792          0.009708053125          0.009190875929          0.003853580319          0.006413228433          0.007595181672          0.013400232145          0.009177859851          0.007140692484          0.003953757770          0.008703763838          0.009696269575          0.013205293060          0.008442595876          0.005907046119          0.004898019139          0.011530923778          0.011866338565          0.011789498331          0.007208674663
       -0.014276542939         -0.014537006497         -0.011466337514         -0.007258911139         -0.008084567929         -0.012769092562         -0.014813589325         -0.012770241200         -0.009402991759         -0.007670429316         -0.009605635916         -0.014243086564         -0.014671128551         -0.011086919055         -0.007836364760         -0.008853967549         -0.011727990219         -0.015168035360         -0.013628039271         -0.009498061432         -0.007161706483         -0.010781255906         -0.014075285487         -0.015298846229         -0.011585623078         -0.008214517373
        0.015578957344          0.012195130687          0.008719993267          0.007072072822          0.010016266175          0.013197819658          0.014795486588          0.010513592068          0.007253561603          0.007828568272          0.012312160455          0.013702652272          0.012919067617          0.008904725290          0.006925360509          0.008952670266          0.014083259187          0.013719455009          0.010344208225          0.007339321301          0.007879118158          0.010659103387          0.014834913241          0.012894031666          0.007673293826          0.006236121822
       -0.010547649001         -0.006835473668         -0.003514032224         -0.004853297900         -0.007872708430         -0.011025356381         -0.009655331254         -0.004458531617         -0.003544480816         -0.006032749590         -0.009997728245         -0.009499720175         -0.007942221759         -0.002590774047         -0.004277806649         -0.007008350766         -0.011301597806         -0.007188273618         -0.005678192758         -0.001375406816         -0.005934094574         -0.007787498809         -0.011335245201         -0.004209770106         -0.003536019451         -0.001226358944
        0.002971976238          0.000474848683         -0.003631222532          0.001922089299          0.003890357678          0.005849223412          0.000415753743         -0.000531428811         -0.002467258775          0.003236510616          0.004469121725          0.004333599683         -0.002134556204         -0.001434794774         -0.000661383322          0.004117694996          0.003558642304          0.002040199808         -0.004084167709         -0.001908058112          0.001407894223          0.004564398009          0.001245161117         -0.000910874297         -0.004789169971         -0.001414202539
        0.003735364730          0.007562893834          0.007127262956          0.001938892697         -0.000031300747          0.002349669729          0.005382146138          0.007750744761          0.005128715368          0.001253560435         -0.000118328600          0.005083114433          0.006926657552          0.007475436889          0.002947259695          0.001551821616          0.001167491892          0.007869247778          0.007841256047          0.006699958386          0.000921060644          0.002814527298          0.003712444857          0.010335250816          0.007507687765          0.005369352881
       -0.011343123045         -0.010371114703         -0.009978867278         -0.003862348842         -0.005092342834         -0.006774593616         -0.012732853062         -0.009527630216         -0.007503581623         -0.003464840138         -0.006948117418         -0.008710707905         -0.012949352340         -0.008518669342         -0.005654075505         -0.003920425132         -0.009535619442         -0.010661307481         -0.011902512638         -0.007184878016         -0.004940207773         -0.005379018259         -0.012223379767         -0.012173671159         -0.009715746043         -0.005586419764
        0.012537768228          0.011694763461          0.008323828098          0.005071095334          0.006561599006          0.011622325477          0.013011891595          0.009434406069          0.006453088022          0.005706450104          0.008667179766          0.012395288067          0.012420531002          0.007288924118          0.005268412544          0.007023226596          0.011078601371          0.012357923320          0.010699284794          0.005438526978          0.005285515324          0.008951706613          0.013173859058          0.011340665299          0.008120982812          0.004270705838
       -0.011632441060         -0.008561941797         -0.003914287233         -0.004344376300         -0.007411322457         -0.010908414960         -0.010161904143         -0.006590106808         -0.002955240581         -0.005354596423         -0.009526088957         -0.010913895089         -0.007684978414         -0.004687410815         -0.003258244192         -0.006707524524         -0.010723223707         -0.010070233184         -0.004798757284         -0.003103232076         -0.004830800436         -0.008424936569         -0.010546143443         -0.008210129843         -0.002299347179         -0.002387439507
        0.007030894384          0.001984105065         -0.000126486528          0.002176602766          0.005615035222          0.007163044752          0.005473262907         -0.000100337089          0.000128995205          0.003492577397          0.007357258798          0.005059746371          0.003141700629         -0.001518662752          0.001304119163          0.004394312764          0.007897721045          0.002232336217          0.000635346455         -0.002101116790          0.003384549130          0.004788442574          0.006877278467         -0.001045707608         -0.001172884442         -0.001524598144
        0.001072064738          0.002750092947          0.006049852530         -0.000272649497         -0.001701510871         -0.002860547588          0.003773750984          0.003704523207          0.004358366822         -0.001570448953         -0.001534941983         -0.000731004311          0.006077170512          0.004240931790          0.002207749426         -0.002242226121          0.000162048043          0.002046086374          0.007361018603          0.004076925284          0.000172777924         -0.002146079706          0.003088049505          0.005112389982          0.007111052525          0.002907357922
       -0.005759420123         -0.009178342462         -0.007623523656         -0.002359535630         -0.000945569424         -0.004896415000         -0.007729206759         -0.008602400863         -0.005461123203         -0.001873085268         -0.001732266352         -0.007430614329         -0.009128068079         -0.007518584023         -0.003231668470         -0.002462964072         -0.003861354363         -0.009686899313         -0.009401327089         -0.006033312082         -0.001541523926         -0.004119589196         -0.006917950132         -0.011267344923         -0.008170812836         -0.004314167457
        0.011555374061          0.010129884420          0.007893211661          0.003179839043          0.005078568890          0.007783367226          0.012309531237          0.008821024863          0.005480424727          0.003110464852          0.007378448481          0.009610757614          0.011660545008          0.007197785114          0.004014219813          0.003997139225          0.010013411332          0.011002873459          0.009732122093          0.005373578429          0.003989167635          0.005904597627          0.012233278799          0.011534050735          0.006946543558          0.003676266015
       -0.011383386696         -0.008814097779         -0.005603740240         -0.003427106390         -0.005821636606         -0.010552559346         -0.011327390134         -0.006196790911         -0.003888924292         -0.004404411439         -0.008245403277         -0.010529315501         -0.009942478498         -0.003870227936         -0.003194928048         -0.005892471857         -0.010525014727         -0.009508704443         -0.007478216567         -0.002120585218         -0.003965209445         -0.007738587180         -0.011929535603         -0.007459624282         -0.004563518425         -0.001403481970
        0.008210305958          0.005413407137          0.000202633003          0.002605231145          0.005713694101          0.009138312520          0.006031061980          0.003169943242         -0.000107177800          0.003905637003          0.007424439537          0.008381791015          0.003102159430          0.001230468073          0.000904551176          0.005379194545          0.007833663147          0.006604502807          0.000205747453         -0.000044324651          0.003015652625          0.006881340418          0.006628756011          0.003868028308         -0.001774348883         -0.000131688879
       -0.003962522761          0.001851851249          0.002871161894         -0.000643592518         -0.004125309303         -0.003871646510         -0.001694049210          0.003428236747          0.002158624957         -0.002004039096         -0.005249476739         -0.001274439361          0.001021386303          0.004161916662          0.000442972560         -0.002684023612         -0.004846873218          0.001835942889          0.003366721018          0.003962936308         -0.001940953756         -0.002544278060         -0.002782067655          0.005066468348          0.004460134301          0.002666177617
       -0.004314373022         -0.005347623493         -0.007145121522         -0.000559601207          0.000158282470          0.000129895045         -0.006917145273         -0.005911351577         -0.004938741594          0.000621884852         -0.000807797981         -0.002459403635         -0.008659527740         -0.005783278791         -0.002599133752          0.000921324714         -0.003198178065         -0.005366899305         -0.009021726762         -0.004864934596         -0.000850385175          0.000174809212         -0.006475133908         -0.008114271678         -0.007728995801         -0.003107017797
        0.007625125486          0.009724233790          0.007428369966          0.002253715538          0.001821792431          0.006867577424          0.009501929250          0.008340119301          0.004999212080          0.002129595577          0.003426515510          0.008986444137          0.010291532844          0.006532521818          0.002839312610          0.003119077640          0.006145899544          0.010472018625          0.009619574971          0.004557938149          0.001692924698          0.005158336731          0.009301800347          0.010976826836          0.007451182560          0.002758454593
       -0.011215691070         -0.009399372416         -0.005432799521         -0.002492394978         -0.005087614088         -0.008665490563         -0.011119554053         -0.007455858506         -0.003277297748         -0.002860974318         -0.007632675950         -0.010015557260         -0.009527223286         -0.005289918492         -0.002411564365         -0.004182834927         -0.010015200723         -0.010529760156         -0.006837744012         -0.003220956519         -0.003193283874         -0.006391984505         -0.011454388485         -0.009913150792         -0.003745943309         -0.001727675063
        0.010080020511          0.005697002994          0.002877771356          0.002169374039          0.005394174282          0.009186327782          0.009178010005          0.002941908185          0.001506834354          0.003502998663          0.007843970656          0.008286300205          0.006926625239          0.000749125471          0.001490375176          0.005078765533          0.009620542439          0.006333744847          0.003910675266         -0.000581579261          0.003042734020          0.006670406386          0.010031209828          0.003451953764          0.001012738210         -0.000615363477
       -0.004817329995         -0.002241969220          0.002730725247         -0.001427742225         -0.004380469586         -0.007209576523         -0.002040166568          0.000030246893          0.002253124633         -0.002977149660         -0.005460874830         -0.005595923590          0.001061006796          0.001661621938          0.000537865657         -0.004404208602         -0.004938365481         -0.003002924036          0.003605961985          0.002336679390         -0.001933376214         -0.005470622714         -0.002726218253          0.000312863138          0.004742661239          0.001651425579
        0.000849312476         -0.004929893403         -0.004928407018         -0.000206254553          0.002876308503          0.000757702773         -0.001936512776         -0.005761881492         -0.003565766883          0.001043466604          0.003188515425         -0.002140720611         -0.004641867634         -0.005646006653         -0.001336459833          0.001342467691          0.001792026987         -0.005226046709         -0.006404383099         -0.004630540061          0.001129259865          0.000564263011         -0.001158018852         -0.008038689715         -0.006489968232         -0.002726723185
        0.006937536725          0.007355494411          0.007178991138          0.000920934659          0.001109494895          0.002548700531          0.009122689114          0.007206399561          0.004577698884          0.000014079888          0.002849011815          0.005294954029          0.010010834966          0.006254175369          0.002291887761          0.000219635630          0.005736622245          0.007932770317          0.009296727771          0.004616292259          0.001096653216          0.001640915358          0.009022552294          0.009968790635          0.007004039689          0.002462544366
       -0.009133968399         -0.009275788173         -0.006486605392         -0.001894444624         -0.002677951685         -0.008261106764         -0.010477994665         -0.007132757796         -0.003896071109         -0.002255639699         -0.004962062674         -0.009716404690         -0.010325332898         -0.004789876779         -0.002046960804         -0.003664897210         -0.007949741004         -0.010228194609         -0.008607392638         -0.002607576473         -0.001661118325         -0.005975457863         -0.010787408944         -0.009547674194         -0.005647895320         -0.001042025319
        0.010172005595          0.007949620764          0.002714803164          0.001836289834          0.005053918401          0.009110438883          0.009098989561          0.005418725488          0.001072186219          0.002711196773          0.007582259845          0.009675853403          0.006629918973          0.002947159301          0.000995834711          0.004395178951          0.009404116741          0.009135233561          0.003432148022          0.000946386208          0.002610887358          0.006703164273          0.009805312642          0.007363607128          0.000407253931         -0.000050328468
       -0.008232570287         -0.002367438111         -0.000130477442         -0.001235294675         -0.005015921221         -0.007333541369         -0.006377497324          0.000224644097          0.000625234391         -0.002850506633         -0.007178664590         -0.005566458331         -0.003415068336          0.001965036429         -0.000178125208         -0.004360477415         -0.008149443047         -0.002838980278         -0.000192182631          0.002619018133         -0.002446484885         -0.005498546973         -0.007399000630          0.000579017441          0.002280939853          0.001828638569
        0.001345014421         -0.000976012277         -0.004890170503          0.000643269536          0.003149745458          0.004863790865         -0.001785629089         -0.002918391271         -0.003560723634          0.002316976466          0.003412234567          0.002473837155         -0.004700563338         -0.003916060100         -0.001254551594          0.003504835675          0.001913444850         -0.000673745345         -0.006532036785         -0.003791665573          0.001316598938          0.003952101553         -0.001153211541         -0.004184512921         -0.006555020931         -0.002293863215
        0.002324137934          0.007198782974          0.006213277490          0.000604761072         -0.001647404443          0.002213092878          0.005268446600          0.007102590398          0.004145572904         -0.000350669364         -0.001032190220          0.005135694371          0.007528932943          0.006079081009          0.001567236285         -0.000137482628          0.001280306067          0.007851186159          0.008356884674          0.004322170527         -0.000691590062          0.001309819546          0.004832187098          0.009864577003          0.007264507417          0.002010312111
       -0.008852652873         -0.008574676360         -0.006281320923         -0.000982585035         -0.002228405496         -0.005052224521         -0.010299731311         -0.007522093667         -0.003515560954         -0.000520475468         -0.004619360563         -0.007590679215         -0.010124334092         -0.005752248292         -0.001573719957         -0.001305364100         -0.007718007457         -0.009585306562         -0.008306642966         -0.003558540757         -0.001167629881         -0.003340477043         -0.010599394406         -0.010589424461         -0.005180474226         -0.001289992579
        0.009985317152          0.007867844736          0.004823962596          0.001439597979          0.003481323351          0.008951895109          0.010439990938          0.005139742215          0.002331618545          0.002345437873          0.006217678280          0.009530161914          0.009189951034          0.002539064361          0.001072946544          0.004109999790          0.009110278189          0.008946849013          0.006514889881          0.000468067890          0.001609357076          0.006490105946          0.011228438804          0.007069321537          0.003101539945         -0.000540179111
       -0.008341882436         -0.005727519191          0.000059440481         -0.001254909772         -0.004892084298         -0.008865680339         -0.006298536587         -0.002844749468          0.000935852414         -0.002629657822         -0.007106572182         -0.008459905700         -0.003160162479         -0.000398412471          0.000109938457         -0.004535345590         -0.008088563103         -0.006842015584          0.000187477447          0.001209177009         -0.002251259043         -0.006701942499         -0.007274345603         -0.004121260191          0.002656767916          0.001348777488
        0.005710190535         -0.000992415567         -0.002446834878          0.000591825999          0.004520777624          0.004953924741          0.003003756885         -0.003089122261         -0.002349759477          0.002339122757          0.006094937199          0.002440621948         -0.000351734099         -0.004096664569         -0.000690445692          0.003595207272          0.006052215921         -0.000796079724         -0.003359053510         -0.003887067931          0.002118055473          0.004086124059          0.004186386999         -0.004257722227         -0.004700730549         -0.002111999595
        0.002094639397          0.004013915236          0.006187360445         -0.000168241750         -0.001893414574         -0.002102998260          0.005237941152          0.005268780292          0.004055700422         -0.001779165340         -0.001224180756          0.000839096998          0.007582890785          0.005394738909          0.001374746281         -0.002542463766          0.001172970054          0.004184114839          0.008367648802          0.004379599621         -0.000980489866         -0.002286517591          0.004693323303          0.007027297361          0.006736551963 
       -0.005329962583         -0.008514931852         -0.006607834830         -0.000702222135          0.000363873172         -0.004900718836         -0.008005855595         -0.007412099172         -0.003945256944         -0.000217386074         -0.001190002865         -0.007522521828         -0.009431449898         -0.005541318261         -0.001290092147         -0.001016431467         -0.004215610097         -0.009504371990         -0.009083529643         -0.003215593555          0.000464492118         -0.003006222459         -0.007535257613         -0.009839926216  
        0.009889189869          0.008806819408          0.004600632183          0.000861636594          0.003211029965          0.007134195019          0.010338692338          0.006837076874          0.001979905340          0.000981413776          0.006033042148          0.009108585091          0.009009864456          0.004407864235          0.000673944130          0.002345564576          0.008969657061          0.010150059144          0.006192593941          0.001947496492          0.001198369804          0.004591523051          0.010447274591   
       -0.009926835525         -0.005606404776         -0.002593112403         -0.000996379799         -0.004152132126         -0.008813077120         -0.009282693564         -0.002577708243         -0.000531294898         -0.002425653956         -0.007040631975         -0.008377249500         -0.006966588093         -0.000057138858         -0.000111791726         -0.004395649506         -0.009458323609         -0.006677625479         -0.003643342389          0.001530094083         -0.001563517891         -0.006247655054    
        0.005758247382          0.002867066715         -0.002632772701          0.000790891451          0.004519928549          0.007795325611          0.002894282141         -0.000014499740         -0.002548585168          0.002574308980          0.006122031314          0.006375729762         -0.000580324875         -0.002075272594         -0.000811918254          0.004507698177          0.006044542478          0.003870260366         -0.003555577487         -0.002805853242          0.001986747047     
       -0.002600435411          0.004103322884          0.004588204534         -0.000207019796         -0.003808192870         -0.002137983438          0.000686559582          0.005395557919          0.003508340900         -0.001884497723         -0.004543373773          0.000886070791          0.004016613164          0.005451560935          0.001083655033         -0.002692004626         -0.003458780119          0.004167328323          0.005994411274          0.004064480961      
       -0.005260777817         -0.006549417737         -0.006545848598         -0.000059527303          0.000567674324         -0.000900000228         -0.008025643438         -0.006842884863         -0.003784408424          0.001274412308         -0.001039871929         -0.004066298854         -0.009421460934         -0.005975958855         -0.001026734562          0.001491585719         -0.004026551812         -0.006787651364         -0.008451954815       
        0.007844138835          0.008754632017          0.006069835839          0.000616336165          0.000962424921          0.007081314146          0.009838514057          0.006695132327          0.003066421539          0.000735764808          0.003345624674          0.009049608217          0.010131641908          0.004148959255          0.000674087548          0.002070512637          0.006391446128          0.009456214707        
       -0.009896403836         -0.007961092312         -0.002349283284         -0.000653945637         -0.004006321208         -0.008532745712         -0.009193212366         -0.005232827218         -0.000217942634         -0.001426129428         -0.006937774876         -0.009637737214         -0.006754560189         -0.002459918877          0.000194294291         -0.003115578451         -0.008821270897         
        0.008829677984          0.002700355684          0.000050967562          0.000637695193          0.004594250264          0.007775628923          0.007051099515         -0.000264022228         -0.001251273630          0.002478702729          0.007284406682          0.006287194474          0.003938222528         -0.002281730547         -0.000611757968          0.004213060402          
       -0.002580188688          0.000351788887          0.004731668002         -0.000474047303         -0.003873840022         -0.005900494077          0.000814846094          0.002832781069          0.003586059299         -0.002496916075         -0.004598713962         -0.003631607484          0.004093032549          0.003922042059          0.000998042394           
       -0.000846054316         -0.006646072309         -0.006040621647          0.000038577541          0.002835690373         -0.000905597367         -0.004321467935         -0.006880853589         -0.003986447340          0.001419476842          0.002617507671         -0.004004847539         -0.006752582490         -0.005564480080            
        0.007849195533          0.008268574255          0.005954129943          0.000102425373          0.000802052298          0.003863005586          0.009822971796          0.007451321514          0.002842656112         -0.000766795936          0.003150053628          0.006475244372          0.009447517493             
       -0.009544245604         -0.007874781216         -0.004670133726         -0.000445853321         -0.002258823860         -0.008490606881         -0.010510571298         -0.005035251865         -0.001703589873         -0.001205702404         -0.004950609603         -0.008994745972              
        0.008802150559          0.006092748683         -0.000189994575          0.000439611959          0.004519392152          0.009027571746          0.006919412230          0.002953172745         -0.001463356183          0.001754569293          0.006805698135               
       -0.006718832462          0.000537272492          0.002480941705         -0.000405625898         -0.004712171673         -0.005857982450         -0.004013415830          0.002958473829          0.002591889809         -0.002340055361                
       -0.000909542160         -0.003554951550         -0.006092714330          0.000313989887          0.002921121273          0.003376458810         -0.004320316910         -0.004946789857         -0.003712468068                 
        0.004268456196          0.008296811158          0.006613687523         -0.000032063540         -0.001648876542          0.003779619084          0.007045355105          0.006951944485                  
       -0.009529689109         -0.008926064815         -0.004487911673         -0.000025362808         -0.002082481763         -0.006083649342         -0.009814983026                   
        0.010167572848          0.005940585615          0.002637051477          0.000269188210          0.003225550812          0.008435420456                    
       -0.006643444230         -0.003462326393          0.002612362702         -0.000274329913         -0.004409163331                     
        0.003841304488         -0.003619590602         -0.004386975965          0.000300847971                      
        0.004222205351          0.005964319987          0.006173572512                       
       -0.006839345489         -0.008338321592                        
        0.009503895066                         
