       -0.171113983488         -0.171113563742         -0.171113491764         -0.171113628556         -0.171113626897         -0.171113569946         -0.171113589201         -0.171113626888         -0.171113629030         -0.171113624855         -0.171113634014         -0.171113642215         -0.171113642941         -0.171113643236         -0.171113645502         -0.171113646891         -0.171113646944         -0.171113647079         -0.171113647472         -0.171113647621         -0.171113647574         -0.171113647585         -0.171113647634         -0.171113647628         -0.171113647601         -0.171113647599
        0.109544039691          0.109543681970          0.109543638834          0.109543654648          0.109543585151          0.109543537958          0.109543549162          0.109543558045          0.109543549355          0.109543547147          0.109543553403          0.109543556529          0.109543556232          0.109543557178          0.109543558980          0.109543559752          0.109543559911          0.109543560271          0.109543560641          0.109543560768          0.109543560809          0.109543560885          0.109543560940          0.109543560947          0.109543560944          0.109543560966
       -0.070555523426         -0.070555349870         -0.070555363276         -0.070555315100         -0.070555229546         -0.070555202828         -0.070555205717         -0.070555193497         -0.070555178970         -0.070555176987         -0.070555178517         -0.070555176684         -0.070555175033         -0.070555175540         -0.070555176169         -0.070555176068         -0.070555176053         -0.070555176333         -0.070555176513         -0.070555176545         -0.070555176596         -0.070555176672         -0.070555176708         -0.070555176713         -0.070555176726         -0.070555176749
        0.039993316400          0.039993360092          0.039993403446          0.039993344337          0.039993296025          0.039993295125          0.039993290284          0.039993271086          0.039993260007          0.039993258438          0.039993255752          0.039993251517          0.039993249623          0.039993249377          0.039993248822          0.039993248152          0.039993247979          0.039993248021          0.039993247966          0.039993247915          0.039993247935          0.039993247969          0.039993247965          0.039993247962          0.039993247984          0.039993247992
       -0.018431318890         -0.018431498583         -0.018431549800         -0.018431521965         -0.018431527222         -0.018431545705         -0.018431539677         -0.018431526553         -0.018431523590         -0.018431523093         -0.018431518993         -0.018431515266         -0.018431514069         -0.018431513361         -0.018431512237         -0.018431511477         -0.018431511247         -0.018431511070         -0.018431510857         -0.018431510762         -0.018431510750         -0.018431510728         -0.018431510701         -0.018431510700         -0.018431510715         -0.018431510703
        0.006504938818          0.006505129290          0.006505166125          0.006505177228          0.006505218579          0.006505242651          0.006505239840          0.006505237901          0.006505242253          0.006505242920          0.006505239936          0.006505238424          0.006505238311          0.006505237625          0.006505236659          0.006505236200          0.006505236029          0.006505235794          0.006505235586          0.006505235487          0.006505235453          0.006505235391          0.006505235349          0.006505235384          0.006505235387          0.006505235341
       -0.002535664742         -0.002535769631         -0.002535777327         -0.002535808878         -0.002535855088         -0.002535871449         -0.002535872066         -0.002535878779         -0.002535886217         -0.002535887462         -0.002535886735         -0.002535887533         -0.002535888271         -0.002535887943         -0.002535887552         -0.002535887555         -0.002535887509         -0.002535887330         -0.002535887238         -0.002535887213         -0.002535887174         -0.002535887140         -0.002535887119         -0.002535887132         -0.002535887143         -0.002535887116
        0.003003229703          0.003003220939          0.003003200559          0.003003228843          0.003003255454          0.003003257795          0.003003259730          0.003003268985          0.003003274952          0.003003275845          0.003003276971          0.003003279019          0.003003280012          0.003003280113          0.003003280329          0.003003280647          0.003003280732          0.003003280703          0.003003280712          0.003003280765          0.003003280743          0.003003280720          0.003003280763          0.003003280757          0.003003280706          0.003003280742
       -0.004339952511         -0.004339866357         -0.004339833223         -0.004339844334         -0.004339843953         -0.004339834604         -0.004339835934         -0.004339842308         -0.004339844254         -0.004339844339         -0.004339846142         -0.004339848071         -0.004339848754         -0.004339849071         -0.004339849627         -0.004339850025         -0.004339850157         -0.004339850247         -0.004339850335         -0.004339850394         -0.004339850403         -0.004339850427         -0.004339850446         -0.004339850411         -0.004339850343         -0.004339850427
        0.004420670718          0.004420571811          0.004420545124          0.004420539210          0.004420520283          0.004420506934          0.004420507008          0.004420508320          0.004420506441          0.004420505830          0.004420507203          0.004420508097          0.004420508191          0.004420508525          0.004420509036          0.004420509274          0.004420509378          0.004420509503          0.004420509593          0.004420509645          0.004420509664          0.004420509693          0.004420509696          0.004420509605          0.004420509599          0.004420509655
       -0.002947970950         -0.002947911745         -0.002947903247         -0.002947889238         -0.002947866834         -0.002947857176         -0.002947856495         -0.002947853703         -0.002947850045         -0.002947849219         -0.002947849628         -0.002947849350         -0.002947849000         -0.002947849151         -0.002947849352         -0.002947849383         -0.002947849413         -0.002947849486         -0.002947849545         -0.002947849553         -0.002947849566         -0.002947849596         -0.002947849542         -0.002947849488         -0.002947849566         -0.002947849520
        0.000830251850          0.000830249573          0.000830258750          0.000830246536          0.000830232789          0.000830230589          0.000830229865          0.000830225643          0.000830222533          0.000830222000          0.000830221556          0.000830220596          0.000830220080          0.000830220030          0.000830219935          0.000830219793          0.000830219754          0.000830219766          0.000830219758          0.000830219728          0.000830219756          0.000830219745          0.000830219683          0.000830219746          0.000830219868          0.000830219697
        0.000814659613          0.000814621215          0.000814603816          0.000814608709          0.000814609715          0.000814605528          0.000814605824          0.000814608959          0.000814610112          0.000814610147          0.000814610970          0.000814611947          0.000814612296          0.000814612457          0.000814612714          0.000814612901          0.000814612962          0.000814613006          0.000814613065          0.000814613075          0.000814613057          0.000814613108          0.000814613092          0.000814612911          0.000814612840          0.000814613049
       -0.001392793103         -0.001392745480         -0.001392730935         -0.001392728586         -0.001392720322         -0.001392713689         -0.001392713525         -0.001392714353         -0.001392713560         -0.001392713224         -0.001392713902         -0.001392714369         -0.001392714438         -0.001392714589         -0.001392714830         -0.001392714946         -0.001392714996         -0.001392715059         -0.001392715105         -0.001392715081         -0.001392715103         -0.001392715141         -0.001392715008         -0.001392714802         -0.001392714923         -0.001392714974
        0.001014975061          0.001014944549          0.001014939403          0.001014933439          0.001014922852          0.001014917772          0.001014917395          0.001014916229          0.001014914463          0.001014914025          0.001014914237          0.001014914125          0.001014913960          0.001014914028          0.001014914145          0.001014914146          0.001014914157          0.001014914203          0.001014914192          0.001014914173          0.001014914223          0.001014914207          0.001014913998          0.001014913989          0.001014914291          0.001014913993
       -0.000225804661         -0.000225800991         -0.000225805114         -0.000225799681         -0.000225792684         -0.000225791187         -0.000225790887         -0.000225788906         -0.000225787337         -0.000225787029         -0.000225786815         -0.000225786362         -0.000225786108         -0.000225786095         -0.000225786059         -0.000225785985         -0.000225785962         -0.000225785959         -0.000225785928         -0.000225785943         -0.000225786002         -0.000225785915         -0.000225785808         -0.000225786122         -0.000225786372         -0.000225785813
       -0.000414786549         -0.000414769981         -0.000414761421         -0.000414763857         -0.000414764996         -0.000414763266         -0.000414763354         -0.000414764918         -0.000414765596         -0.000414765645         -0.000414766041         -0.000414766508         -0.000414766702         -0.000414766770         -0.000414766877         -0.000414766968         -0.000414767007         -0.000414767035         -0.000414767037         -0.000414766973         -0.000414766950         -0.000414767049         -0.000414766880         -0.000414766405         -0.000414766470         -0.000414766939
        0.000621342237          0.000621319976          0.000621312625          0.000621311949          0.000621308533          0.000621305411          0.000621305303          0.000621305847          0.000621305553          0.000621305386          0.000621305709          0.000621305967          0.000621306021          0.000621306073          0.000621306183          0.000621306231          0.000621306263          0.000621306283          0.000621306224          0.000621306156          0.000621306213          0.000621306208          0.000621305811          0.000621305531          0.000621306072          0.000621305963
       -0.000433318116         -0.000433302880         -0.000433300128         -0.000433297747         -0.000433292857         -0.000433290301         -0.000433290152         -0.000433289715         -0.000433288883         -0.000433288638         -0.000433288769         -0.000433288746         -0.000433288657         -0.000433288685         -0.000433288726         -0.000433288724         -0.000433288750         -0.000433288734         -0.000433288644         -0.000433288662         -0.000433288783         -0.000433288629         -0.000433288241         -0.000433288587         -0.000433289312         -0.000433288318
        0.000081204232          0.000081201257          0.000081203120          0.000081200742          0.000081197196          0.000081196294          0.000081196204          0.000081195299          0.000081194488          0.000081194323          0.000081194253          0.000081194027          0.000081193897          0.000081193888          0.000081193863          0.000081193844          0.000081193866          0.000081193815          0.000081193777          0.000081193936          0.000081194038          0.000081193761          0.000081193797          0.000081194769          0.000081194929          0.000081193532
        0.000198686428          0.000198679613          0.000198675447          0.000198676714          0.000198677663          0.000198676959          0.000198676964          0.000198677762          0.000198678153          0.000198678184          0.000198678375          0.000198678620          0.000198678705          0.000198678734          0.000198678782          0.000198678781          0.000198678778          0.000198678828          0.000198678740          0.000198678509          0.000198678565          0.000198678768          0.000198678100          0.000198677200          0.000198678118          0.000198678845
       -0.000287538343         -0.000287528160         -0.000287524455         -0.000287524440         -0.000287523151         -0.000287521675         -0.000287521624         -0.000287521950         -0.000287521861         -0.000287521802         -0.000287521975         -0.000287522100         -0.000287522111         -0.000287522137         -0.000287522155         -0.000287522143         -0.000287522171         -0.000287522173         -0.000287521984         -0.000287521867         -0.000287522126         -0.000287522009         -0.000287521028         -0.000287521180         -0.000287522931         -0.000287521874
        0.000204114840          0.000204107278          0.000204105728          0.000204104889          0.000204102694          0.000204101392          0.000204101318          0.000204101159          0.000204100797          0.000204100698          0.000204100763          0.000204100751          0.000204100715          0.000204100712          0.000204100689          0.000204100706          0.000204100761          0.000204100684          0.000204100523          0.000204100703          0.000204101022          0.000204100466          0.000204100021          0.000204101676          0.000204102809          0.000204100005
       -0.000047841429         -0.000047839252         -0.000047839958         -0.000047838992         -0.000047837222         -0.000047836652         -0.000047836599         -0.000047836192         -0.000047835814         -0.000047835725         -0.000047835696         -0.000047835616         -0.000047835567         -0.000047835522         -0.000047835507         -0.000047835576         -0.000047835600         -0.000047835470         -0.000047835527         -0.000047835996         -0.000047835995         -0.000047835354         -0.000047836173         -0.000047838293         -0.000047837261         -0.000047834693
       -0.000079033104         -0.000079030595         -0.000079028657         -0.000079029245         -0.000079029891         -0.000079029686         -0.000079029699         -0.000079030074         -0.000079030287         -0.000079030325         -0.000079030383         -0.000079030455         -0.000079030512         -0.000079030553         -0.000079030518         -0.000079030449         -0.000079030512         -0.000079030578         -0.000079030225         -0.000079029855         -0.000079030332         -0.000079030475         -0.000079028675         -0.000079028025         -0.000079031307         -0.000079031175
        0.000123586896          0.000123582415          0.000123580565          0.000123580627          0.000123580201          0.000123579575          0.000123579542          0.000123579706          0.000123579715          0.000123579693          0.000123579722          0.000123579769          0.000123579811          0.000123579807          0.000123579738          0.000123579749          0.000123579876          0.000123579780          0.000123579342          0.000123579497          0.000123580231          0.000123579509          0.000123578034          0.000123580281          0.000123583821          0.000123579900
       -0.000091640727         -0.000091637069         -0.000091636184         -0.000091635870         -0.000091634934         -0.000091634312         -0.000091634243         -0.000091634195         -0.000091634073         -0.000091634006         -0.000091634005         -0.000091634036         -0.000091634045         -0.000091633986         -0.000091633945         -0.000091634069         -0.000091634197         -0.000091633924         -0.000091633800         -0.000091634599         -0.000091634952         -0.000091633629         -0.000091634120         -0.000091638487         -0.000091638835         -0.000091633123
        0.000024785141          0.000024783824          0.000024784045          0.000024783637          0.000024782803          0.000024782468          0.000024782408          0.000024782259          0.000024782107          0.000024782032          0.000024782042          0.000024782063          0.000024782019          0.000024781940          0.000024781990          0.000024782210          0.000024782179          0.000024781917          0.000024782381          0.000024783295          0.000024782705          0.000024781771          0.000024784610          0.000024787690          0.000024782918          0.000024780195
        0.000032288147          0.000032287209          0.000032286341          0.000032286615          0.000032286979          0.000032286960          0.000032286971          0.000032287103          0.000032287219          0.000032287243          0.000032287205          0.000032287216          0.000032287301          0.000032287335          0.000032287169          0.000032287033          0.000032287269          0.000032287273          0.000032286426          0.000032286243          0.000032287702          0.000032287283          0.000032283848          0.000032285688          0.000032293530          0.000032289667
       -0.000054739827         -0.000054737816         -0.000054736934         -0.000054736978         -0.000054736845         -0.000054736591         -0.000054736546         -0.000054736614         -0.000054736648         -0.000054736605         -0.000054736565         -0.000054736623         -0.000054736705         -0.000054736653         -0.000054736473         -0.000054736595         -0.000054736925         -0.000054736552         -0.000054735948         -0.000054737064         -0.000054738503         -0.000054736520         -0.000054735490         -0.000054743017         -0.000054748073         -0.000054738346
        0.000042997006          0.000042995256          0.000042994794          0.000042994656          0.000042994249          0.000042993946          0.000042993886          0.000042993891          0.000042993846          0.000042993766          0.000042993766          0.000042993856          0.000042993905          0.000042993773          0.000042993755          0.000042994160          0.000042994300          0.000042993714          0.000042994061          0.000042996065          0.000042996050          0.000042993591          0.000042997233          0.000043005905          0.000043001724          0.000042993035
       -0.000014048021         -0.000014047320         -0.000014047370         -0.000014047173         -0.000014046773         -0.000014046578         -0.000014046555         -0.000014046520         -0.000014046428         -0.000014046368         -0.000014046427         -0.000014046533         -0.000014046490         -0.000014046377         -0.000014046628         -0.000014047053         -0.000014046770         -0.000014046419         -0.000014047819         -0.000014049151         -0.000014046934         -0.000014046141         -0.000014053019         -0.000014054666         -0.000014041063         -0.000014042833
       -0.000012343930         -0.000012343562         -0.000012343189         -0.000012343331         -0.000012343538         -0.000012343551         -0.000012343526         -0.000012343579         -0.000012343667         -0.000012343664         -0.000012343554         -0.000012343512         -0.000012343643         -0.000012343624         -0.000012343221         -0.000012343163         -0.000012343820         -0.000012343538         -0.000012341960         -0.000012342924         -0.000012346354         -0.000012344108         -0.000012339313         -0.000012349613         -0.000012363767         -0.000012348890
        0.000024146644          0.000024145724          0.000024145315          0.000024145355          0.000024145324          0.000024145195          0.000024145149          0.000024145204          0.000024145243          0.000024145177          0.000024145084          0.000024145170          0.000024145323          0.000024145132          0.000024144875          0.000024145424          0.000024146051          0.000024145108          0.000024144759          0.000024148300          0.000024150341          0.000024145795          0.000024148793          0.000024166904          0.000024167995          0.000024148697
       -0.000020342925         -0.000020342083         -0.000020341854         -0.000020341807         -0.000020341621         -0.000020341452         -0.000020341429         -0.000020341470         -0.000020341457         -0.000020341363         -0.000020341374         -0.000020341580         -0.000020341628         -0.000020341359         -0.000020341563         -0.000020342505         -0.000020342472         -0.000020341416         -0.000020343289         -0.000020347252         -0.000020345144         -0.000020341697         -0.000020353610         -0.000020365111         -0.000020345565         -0.000020340523
        0.000007824443          0.000007824072          0.000007824086          0.000007824000          0.000007823791          0.000007823686          0.000007823706          0.000007823734          0.000007823674          0.000007823619          0.000007823769          0.000007823966          0.000007823818          0.000007823682          0.000007824367          0.000007824970          0.000007823964          0.000007823771          0.000007827077          0.000007827677          0.000007821539          0.000007823335          0.000007836300          0.000007826193          0.000007797064          0.000007819365
        0.000004508573          0.000004508430          0.000004508256          0.000004508333          0.000004508455          0.000004508451          0.000004508391          0.000004508397          0.000004508476          0.000004508439          0.000004508226          0.000004508216          0.000004508520          0.000004508352          0.000004507624          0.000004508103          0.000004509607          0.000004508405          0.000004506272          0.000004511218          0.000004517238          0.000004509688          0.000004508361          0.000004539698          0.000004552601          0.000004513238
       -0.000010702456         -0.000010702027         -0.000010701834         -0.000010701873         -0.000010701869         -0.000010701780         -0.000010701722         -0.000010701776         -0.000010701835         -0.000010701711         -0.000010701590         -0.000010701862         -0.000010702132         -0.000010701684         -0.000010701573         -0.000010703231         -0.000010704068         -0.000010701971         -0.000010703673         -0.000010712068         -0.000010711978         -0.000010703497         -0.000010720931         -0.000010751670         -0.000010726658         -0.000010703409
        0.000009690341          0.000009689932          0.000009689828          0.000009689823          0.000009689733          0.000009689623          0.000009689618          0.000009689711          0.000009689704          0.000009689561          0.000009689676          0.000009690117          0.000009690082          0.000009689629          0.000009690570          0.000009692385          0.000009691365          0.000009690024          0.000009695892          0.000009700961          0.000009691791          0.000009691107          0.000009718980          0.000009716159          0.000009661223          0.000009689747
       -0.000004253115         -0.000004252928         -0.000004252945         -0.000004252917         -0.000004252804         -0.000004252743         -0.000004252812         -0.000004252887         -0.000004252794         -0.000004252742         -0.000004253085         -0.000004253352         -0.000004252891         -0.000004252878         -0.000004254452         -0.000004254671         -0.000004251925         -0.000004253158         -0.000004259239         -0.000004254135         -0.000004241375         -0.000004253548         -0.000004267422         -0.000004217765         -0.000004179356         -0.000004256018
       -0.000001550919         -0.000001550853         -0.000001550756         -0.000001550791         -0.000001550868         -0.000001550845         -0.000001550743         -0.000001550755         -0.000001550898         -0.000001550792         -0.000001550447         -0.000001550685         -0.000001551343         -0.000001550717         -0.000001549774         -0.000001552122         -0.000001554670         -0.000001550927         -0.000001550735         -0.000001565465         -0.000001570081         -0.000001551557         -0.000001573046         -0.000001638592         -0.000001609450         -0.000001543514
        0.000004764205          0.000004763994          0.000004763891          0.000004763925          0.000004763939          0.000004763851          0.000004763791          0.000004763925          0.000004764032          0.000004763803          0.000004763770          0.000004764542          0.000004764876          0.000004763914          0.000004764834          0.000004768706          0.000004768428          0.000004764726          0.000004773528          0.000004787391          0.000004774834          0.000004766323          0.000004818213          0.000004836218          0.000004734762          0.000004757814
       -0.000004626230         -0.000004626023         -0.000004625979         -0.000004626008         -0.000004625960         -0.000004625863         -0.000004625917         -0.000004626115         -0.000004626076         -0.000004625873         -0.000004626342         -0.000004627165         -0.000004626669         -0.000004626165         -0.000004629022         -0.000004631252         -0.000004626995         -0.000004627387         -0.000004640740         -0.000004638514         -0.000004613603         -0.000004630479         -0.000004672177         -0.000004596436         -0.000004497207         -0.000004633123
        0.000002256813          0.000002256717          0.000002256750          0.000002256761          0.000002256675          0.000002256639          0.000002256800          0.000002256909          0.000002256688          0.000002256716          0.000002257466          0.000002257535          0.000002256309          0.000002257055          0.000002259888          0.000002257360          0.000002251804          0.000002258193          0.000002264173          0.000002240346          0.000002224809          0.000002262279          0.000002241866          0.000002107488          0.000002123774          0.000002277830
        0.000000479783          0.000000479745          0.000000479668          0.000000479693          0.000000479777          0.000000479720          0.000000479561          0.000000479685          0.000000479972          0.000000479644          0.000000479226          0.000000480337          0.000000481403          0.000000479570          0.000000479671          0.000000486548          0.000000488103          0.000000479460          0.000000490728          0.000000520849          0.000000504828          0.000000476949          0.000000568964          0.000000643199          0.000000466778          0.000000459108
       -0.000002121582         -0.000002121462         -0.000002121402         -0.000002121470         -0.000002121508         -0.000002121386         -0.000002121378         -0.000002121737         -0.000002121860         -0.000002121411         -0.000002121895         -0.000002123670         -0.000002123433         -0.000002121832         -0.000002126209         -0.000002132440         -0.000002126269         -0.000002123336         -0.000002148555         -0.000002155261         -0.000002107977         -0.000002125221         -0.000002225142         -0.000002120802         -0.000001891124         -0.000002115158
        0.000002202068          0.000002201950          0.000002201956          0.000002202039          0.000002201996          0.000002201895          0.000002202122          0.000002202490          0.000002202242          0.000002202057          0.000002203438          0.000002204408          0.000002202441          0.000002202940          0.000002209286          0.000002207879          0.000002196669          0.000002206025          0.000002225065          0.000002187951          0.000002145225          0.000002213380          0.000002210602          0.000001941975          0.000001882903          0.000002220275
       -0.000001169950         -0.000001169902         -0.000001169977         -0.000001170012         -0.000001169891         -0.000001169912         -0.000001170263         -0.000001170273         -0.000001169724         -0.000001170149         -0.000001171462         -0.000001170220         -0.000001167820         -0.000001171095         -0.000001173651         -0.000001162337         -0.000001156168         -0.000001174247         -0.000001162593         -0.000001099875         -0.000001112386         -0.000001180997         -0.000001018897         -0.000000794297         -0.000001055684         -0.000001163695
       -0.000000116947         -0.000000116907         -0.000000116823         -0.000000116892         -0.000000117024         -0.000000116858         -0.000000116676         -0.000000117204         -0.000000117642         -0.000000116748         -0.000000116881         -0.000000120074         -0.000000120527         -0.000000116529         -0.000000122300         -0.000000136056         -0.000000127621         -0.000000115990         -0.000000161285         -0.000000193262         -0.000000109626         -0.000000117980         -0.000000345099         -0.000000265546          0.000000221483         -0.000000203679
        0.000000942653          0.000000942561          0.000000942547          0.000000942715          0.000000942755          0.000000942543          0.000000942793          0.000000943603          0.000000943439          0.000000942750          0.000000944903          0.000000947684          0.000000944689          0.000000943801          0.000000955933          0.000000958320          0.000000936504          0.000000947339          0.000000994036          0.000000941692          0.000000840260          0.000000956471          0.000001041526          0.000000535196          0.000000306566 
       -0.000001042902         -0.000001042824         -0.000001042926         -0.000001043085         -0.000001042955         -0.000001042888         -0.000001043549         -0.000001043964         -0.000001043055         -0.000001043429         -0.000001046423         -0.000001045603         -0.000001040602         -0.000001045599         -0.000001054233         -0.000001036296         -0.000001018116         -0.000001051737         -0.000001046961         -0.000000920565         -0.000000902919         -0.000001058996         -0.000000790393         -0.000000225729  
        0.000000595191          0.000000595191          0.000000595354          0.000000595344          0.000000595091          0.000000595321          0.000000595924          0.000000595314          0.000000594287          0.000000595940          0.000000597016          0.000000591684          0.000000589314          0.000000597939          0.000000591588          0.000000562558          0.000000570497          0.000000600763          0.000000520073          0.000000419284          0.000000546683          0.000000574593          0.000000058733   
        0.000000006948          0.000000006860          0.000000006778          0.000000007030          0.000000007210          0.000000006777          0.000000006881          0.000000008357          0.000000008442          0.000000006606          0.000000009517          0.000000015755          0.000000011426          0.000000006686          0.000000028721          0.000000042351          0.000000003118          0.000000012351          0.000000120140          0.000000075732         -0.000000141899          0.000000084848    
       -0.000000416554         -0.000000416442         -0.000000416563         -0.000000416931         -0.000000416829         -0.000000416535         -0.000000417586         -0.000000418816         -0.000000417373         -0.000000417186         -0.000000422973         -0.000000423743         -0.000000413774         -0.000000420070         -0.000000441717         -0.000000415873         -0.000000371549         -0.000000430598         -0.000000465238         -0.000000225450         -0.000000141341     
        0.000000490856          0.000000490821          0.000000491132          0.000000491304          0.000000490883          0.000000491121          0.000000492524          0.000000492065          0.000000489853          0.000000492460          0.000000496338          0.000000487752          0.000000480151          0.000000496533          0.000000492727          0.000000433759          0.000000430065          0.000000501722          0.000000365799          0.000000110113      
       -0.000000298269         -0.000000298384         -0.000000298658         -0.000000298358         -0.000000297922         -0.000000298745         -0.000000299186         -0.000000296688         -0.000000295825         -0.000000299902         -0.000000296530         -0.000000283200         -0.000000287833         -0.000000301006         -0.000000261325         -0.000000216481         -0.000000277900         -0.000000280683         -0.000000034170       
        0.000000018267          0.000000018476          0.000000018410          0.000000017730          0.000000017748          0.000000018584          0.000000017130          0.000000014323          0.000000016508          0.000000018374          0.000000007746          0.000000002033          0.000000020267          0.000000013502         -0.000000037243         -0.000000013371          0.000000083073         -0.000000034818        
        0.000000182625          0.000000182496          0.000000183003          0.000000183543          0.000000182852          0.000000182872          0.000000185614          0.000000185809          0.000000181293          0.000000184796          0.000000194750          0.000000182125          0.000000163018          0.000000192595          0.000000206307          0.000000093612          0.000000064844         
       -0.000000229520         -0.000000229654         -0.000000230306         -0.000000230056         -0.000000229086         -0.000000230423         -0.000000232147         -0.000000228065         -0.000000224961         -0.000000232870         -0.000000230355         -0.000000203052         -0.000000203456         -0.000000236081         -0.000000168230         -0.000000053273          
        0.000000147631          0.000000148035          0.000000148210          0.000000147044          0.000000146758          0.000000148670          0.000000146909          0.000000140831          0.000000143414          0.000000149055          0.000000129709          0.000000109960          0.000000139314          0.000000135846          0.000000018933           
       -0.000000018274         -0.000000018653         -0.000000017932         -0.000000016679         -0.000000017770         -0.000000018466         -0.000000013373         -0.000000011033         -0.000000019441         -0.000000015135          0.000000008588         -0.000000003945         -0.000000046245          0.000000013972            
       -0.000000079243         -0.000000079301         -0.000000080592         -0.000000080603         -0.000000078575         -0.000000080470         -0.000000085012         -0.000000078889         -0.000000070786         -0.000000085450         -0.000000090642         -0.000000038043         -0.000000029572             
        0.000000106466          0.000000107142          0.000000107899          0.000000105967          0.000000104738          0.000000108530          0.000000107006          0.000000094447          0.000000095645          0.000000110373          0.000000076839          0.000000025584              
       -0.000000072149         -0.000000073039         -0.000000072130         -0.000000069377         -0.000000070775         -0.000000073145         -0.000000063772         -0.000000055175         -0.000000069108         -0.000000065246         -0.000000010166               
        0.000000012978          0.000000013217          0.000000010789          0.000000009859          0.000000013711          0.000000011160          0.000000000136          0.000000006612          0.000000024943         -0.000000005424                
        0.000000033609          0.000000034613          0.000000036671          0.000000033717          0.000000030346          0.000000037562          0.000000039391          0.000000014989          0.000000013398                 
       -0.000000048483         -0.000000050290         -0.000000049412         -0.000000043668         -0.000000044706         -0.000000051300         -0.000000034851         -0.000000012207                  
        0.000000034667          0.000000035640          0.000000031121          0.000000027425          0.000000034004          0.000000031141          0.000000005340                   
       -0.000000008562         -0.000000007118         -0.000000002021         -0.000000005328         -0.000000013165          0.000000002002                    
       -0.000000012812         -0.000000016340         -0.000000016905         -0.000000005645         -0.000000006028                     
        0.000000020790          0.000000023718          0.000000015698          0.000000005793                      
       -0.000000016621         -0.000000014786         -0.000000002761                       
        0.000000006837         -0.000000000679                        
        0.000000002693                         
