-1.70835e-21
3.33969e-21
-5.89489e-21
9.92519e-21
-1.62439e-20
2.5999e-20
-4.07721e-20
6.26446e-20
-9.41747e-20
1.38156e-19
-1.96905e-19
2.70643e-19
-3.54192e-19
4.30635e-19
-4.59727e-19
3.57404e-19
3.94699e-20
-1.03233e-18
3.15835e-18
-7.3475e-18
1.5171e-17
-2.92263e-17
5.37221e-17
-9.53458e-17
1.64517e-16
-2.77143e-16
4.56964e-16
-7.38526e-16
1.17057e-15
-1.81922e-15
2.76938e-15
-4.12113e-15
5.97474e-15
-8.39249e-15
1.13164e-14
-1.44052e-14
1.67288e-14
-1.62187e-14
8.70691e-15
1.37079e-14
-6.53815e-14
1.71559e-13
-3.75468e-13
7.49435e-13
-1.41197e-12
2.55345e-12
-4.47384e-12
7.63638e-12
-1.27415e-11
2.08238e-11
-3.33691e-11
5.24415e-11
-8.07808e-11
1.21794e-10
-1.79278e-10
2.56562e-10
-3.54516e-10
4.67435e-10
-5.75103e-10
6.28214e-10
-5.22503e-10
5.41281e-11
1.15543e-09
-3.78306e-09
9.00371e-09
-1.88063e-08
3.64834e-08
-6.73747e-08
1.19968e-07
-2.07486e-07
3.50093e-07
-5.77832e-07
9.3427e-07
-1.48053e-06
2.29874e-06
-3.49257e-06
5.18016e-06
-7.47004e-06
1.0403e-05
-1.38284e-05
1.71621e-05
-1.89305e-05
1.59467e-05
-1.85784e-06
-3.53614e-05
0.000117655
-0.000283971
0.000601936
-0.00118687
0.00223247
-0.00405996
0.00719654
-0.0125008
0.0213658
-0.036058
0.0603241
-0.100641
0.169682
-0.312695
