0.00720207
-0.00963747
0.0063301
-0.000425178
-0.00783766
0.00982421
-0.00659265
0.000680887
0.00745969
-0.00966052
0.00662776
-0.000931466
-0.007079
0.00945206
-0.00667515
0.00119833
0.00669124
-0.00923507
0.00674816
-0.00149658
-0.00627719
0.00901348
-0.00685003
0.00183766
0.00582034
-0.00878394
0.00698225
-0.00223193
-0.00530474
0.0085403
-0.00714541
0.00268948
0.00471431
-0.00827512
0.00733912
-0.00321987
-0.0040335
0.0079809
-0.00756258
0.00383207
0.00324837
-0.00765101
0.00781481
-0.00453465
-0.00234661
0.00728058
-0.00809625
0.00533662
0.0013178
-0.00686735
0.00841002
-0.00624888
-0.000152171
0.00641218
-0.00876437
0.00728725
-0.00116187
-0.00591957
0.00917599
-0.00847699
0.00264229
0.00539799
-0.00967488
0.00986018
-0.00432107
-0.00486027
0.0103126
-0.0115083
0.00625724
0.00432524
-0.0111773
0.0135448
-0.00856028
-0.00382294
0.0124263
-0.0161915
0.011439
0.00341028
-0.0143638
0.0198771
-0.0153232
-0.0032185
0.0176506
-0.0255425
0.0212402
0.00360659
-0.0239561
0.0357235
-0.0323536
-0.00567874
0.0382972
-0.0599404
0.0630053
0.0125661
-0.0789319
0.162975
-0.24566
0.0164429
