0.00578662
-0.00887266
0.00735054
-0.00232013
-0.00592799
0.00890534
-0.00754134
0.00255857
0.00544658
-0.00860662
0.00748662
-0.00283667
-0.00486621
0.00820152
-0.00743621
0.00319084
0.00415127
-0.00770864
0.00738982
-0.0036317
-0.00329013
0.00713394
-0.00734064
0.00415441
0.0022952
-0.00648833
0.00728245
-0.00474402
-0.00119483
0.00578909
-0.00721166
0.00538069
2.61335e-05
-0.00505774
0.0071284
-0.00604455
0.00117249
0.00431706
-0.00703704
0.00671991
-0.00236787
-0.00358802
0.0069461
-0.00739864
0.00353743
0.00288731
-0.00686779
0.00808251
-0.00467262
-0.00222581
0.0068176
-0.00878465
0.00578092
0.00160785
-0.0068143
0.00953085
-0.00688724
-0.00103116
0.00688054
-0.0103614
0.00803541
0.000487369
-0.00704528
0.0113355
-0.00929245
3.75649e-05
0.00734895
-0.0125398
0.0107584
-0.000562644
-0.00785473
0.0141085
-0.0125883
0.00111024
0.00867324
-0.0162659
0.0150435
-0.00170257
-0.0100213
0.0194312
-0.0186257
0.00234666
0.0123816
-0.0245176
0.0244885
-0.0029857
-0.0169826
0.0339946
-0.0360804
0.00340685
0.0274026
-0.057113
0.0684196
-0.00440675
-0.0549349
0.156131
-0.255533
0.10572
