-4.1443e-21
6.96241e-21
-1.07853e-20
1.60538e-20
-2.32635e-20
3.28808e-20
-4.51656e-20
5.97877e-20
-7.50594e-20
8.64927e-20
-8.41728e-20
4.81031e-20
5.98839e-20
-3.09942e-19
8.27466e-19
-1.83173e-18
3.69935e-18
-7.06735e-18
1.29988e-17
-2.32464e-17
4.06676e-17
-6.98719e-17
1.18219e-16
-1.97342e-16
3.25442e-16
-5.30699e-16
8.56273e-16
-1.36749e-15
2.16194e-15
-3.38335e-15
5.23981e-15
-8.02656e-15
1.2152e-14
-1.81623e-14
2.67543e-14
-3.87533e-14
5.50116e-14
-7.61431e-14
1.01943e-13
-1.30222e-13
1.54586e-13
-1.60372e-13
1.17385e-13
3.27697e-14
-3.98415e-13
1.17451e-12
-2.70381e-12
5.57759e-12
-1.07996e-11
2.005e-11
-3.61068e-11
6.35094e-11
-1.09596e-10
1.86108e-10
-3.11632e-10
5.15301e-10
-8.42286e-10
1.36186e-09
-2.17899e-09
3.45068e-09
-5.40834e-09
8.3872e-09
-1.28631e-08
1.94939e-08
-2.91588e-08
4.29765e-08
-6.22641e-08
8.83617e-08
-1.2218e-07
1.63216e-07
-2.0757e-07
2.44175e-07
-2.47869e-07
1.66982e-07
9.84042e-08
-7.33935e-07
2.07464e-06
-4.71173e-06
9.66976e-06
-1.86976e-05
3.47417e-05
-6.27097e-05
0.000110691
-0.000191889
0.000327668
-0.000552301
0.00092031
-0.00151774
0.00247928
-0.00401399
0.00644342
-0.0102574
0.0161937
-0.0253501
0.0393239
-0.0604325
0.0915725
-0.137817
0.196201
