-0.00565415
0.00765748
-0.0112263
0.0112869
-0.00865382
0.00716396
-0.000215547
-0.00180483
0.0082689
-0.0095245
0.0111449
-0.0107749
0.0065909
-0.00479256
-0.00220868
0.0043512
-0.00941028
0.0105501
-0.0104067
0.00971482
-0.00472259
0.0024588
0.00385009
-0.00641333
0.00986547
-0.0110799
0.00963853
-0.00848706
0.00342924
-0.000311782
-0.00486789
0.00815794
-0.0101806
0.0114034
-0.00926768
0.00723004
-0.00263079
-0.0017835
0.00578693
-0.0098683
0.0108772
-0.0116965
0.00936615
-0.00585227
0.00188636
0.00411513
-0.00719895
0.0117929
-0.0122239
0.0119606
-0.00967363
0.0040941
-0.000617369
-0.00701625
0.00956306
-0.0140945
0.0142355
-0.0120571
0.00976429
-0.0015836
-0.0017498
0.01087
-0.0132417
0.0169202
-0.0168502
0.0117528
-0.00916487
-0.00224353
0.00590017
-0.0163158
0.0188199
-0.0205839
0.0201893
-0.0106535
0.0072305
0.00859248
-0.0132708
0.0249418
-0.0280003
0.0260217
-0.0250303
0.0077234
-0.00232297
-0.0212484
0.0287531
-0.0423718
0.0476361
-0.0370108
0.0353131
0.00182071
-0.0134741
0.0615993
-0.0838857
0.110767
-0.141859
0.10028
-0.13138
-0.128358
