-0.000967924
0.000868385
-0.00037658
-0.000307534
0.000891729
-0.00111301
0.000854496
-0.00020369
-0.000576582
0.00115335
-0.00126328
0.000830324
-8.78297e-06
-0.000870735
0.00143311
-0.00141645
0.000790732
0.000215619
-0.00119789
0.00173626
-0.00157274
0.000730514
0.000478507
-0.00156752
0.00206892
-0.00173218
0.000643084
0.000790878
-0.00199088
0.00243799
-0.0018941
0.000519839
0.00116648
-0.00248169
0.00285152
-0.002057
0.000349402
0.00162287
-0.0030571
0.00331914
-0.00221823
0.000116555
0.00218298
-0.00373918
0.00385287
-0.00237357
-0.00019939
0.0028775
-0.00455724
0.00446832
-0.00251664
-0.000627165
0.00374875
-0.00555158
0.00518675
-0.00263797
-0.00120782
0.00485724
-0.00678007
0.00603875
-0.00272336
-0.00200223
0.00629334
-0.00833
0.00707104
-0.00275121
-0.00310503
0.00819977
-0.0103415
0.00836053
-0.00268743
-0.00467314
0.0108186
-0.0130581
0.0100457
-0.00247526
-0.00698992
0.0146015
-0.0169497
0.0124073
-0.00201198
-0.0106339
0.0205153
-0.0230705
0.0161178
-0.00108481
-0.0170315
0.031114
-0.0344114
0.0232675
0.000891644
-0.0311176
0.0563216
-0.0641432
0.0444152
0.00811952
-0.0931338
0.206779
-0.348613
