-2.48358e-15
2.85373e-15
-3.23846e-15
4.04726e-15
-5.11112e-15
6.64432e-15
-8.71595e-15
1.1535e-14
-1.53209e-14
2.03999e-14
-2.71984e-14
3.62949e-14
-4.84579e-14
6.4717e-14
-8.64462e-14
1.15484e-13
-1.54286e-13
2.06132e-13
-2.75407e-13
3.67965e-13
-4.91633e-13
6.56866e-13
-8.77633e-13
1.1726e-12
-1.56672e-12
2.09332e-12
-2.79694e-12
3.73712e-12
-4.99344e-12
6.67225e-12
-8.91575e-12
1.1914e-11
-1.59213e-11
2.12774e-11
-2.8437e-11
3.80081e-11
-5.0804e-11
6.79128e-11
-9.07904e-11
1.21385e-10
-1.62302e-10
2.17029e-10
-2.90234e-10
3.8816e-10
-5.19164e-10
6.94428e-10
-9.28912e-10
1.24264e-09
-1.66239e-09
2.22401e-09
-2.97546e-09
3.98088e-09
-5.32605e-09
7.12559e-09
-9.53247e-09
1.27504e-08
-1.70498e-08
2.27878e-08
-3.0433e-08
4.05929e-08
-5.40441e-08
7.17564e-08
-9.49017e-08
1.24823e-07
-1.62928e-07
2.10436e-07
-2.67881e-07
3.34208e-07
-4.05219e-07
4.71054e-07
-5.12271e-07
4.94045e-07
-3.58037e-07
1.18208e-08
6.83356e-07
-1.9236e-06
3.9652e-06
-7.10429e-06
1.16042e-05
-1.75163e-05
2.42974e-05
-3.0059e-05
3.01684e-05
-1.47379e-05
-3.5723e-05
0.000157648
-0.000416466
0.000925897
-0.00187818
0.00359017
-0.00657173
0.0116237
-0.019972
0.0334385
-0.0546478
0.0871241
-0.135942
0.207322
