-2.86986e-42
-2.69049e-43
-7.17465e-43
0
-7.17465e-43
-2.86986e-42
0
0
7.17465e-43
7.17465e-43
-1.43493e-42
-4.48416e-44
7.17465e-43
-1.43493e-42
7.17465e-43
0
-7.17465e-43
3.58732e-43
7.17465e-43
-7.17465e-43
7.17465e-43
-1.43493e-42
1.43493e-42
-1.79366e-43
0
0
0
3.58732e-43
7.17465e-43
-3.58732e-43
-1.43493e-42
-1.43493e-42
7.17465e-43
-7.17465e-43
1.0762e-42
1.43493e-42
-7.17465e-43
5.73972e-42
-1.43493e-42
-1.43493e-42
0
2.86986e-42
0
2.86986e-42
-1.43493e-42
0
1.43493e-42
0
-1.43493e-42
1.0762e-42
-4.48416e-44
0
-5.38099e-42
-4.37654e-41
-3.09945e-40
-2.31311e-39
-1.70749e-38
-1.26262e-37
-9.33671e-37
-6.90416e-36
-5.10538e-35
-3.77525e-34
-2.79167e-33
-2.06434e-32
-1.52651e-31
-1.1288e-30
-8.34706e-30
-6.17236e-29
-4.56424e-28
-3.3751e-27
-2.49577e-26
-1.84553e-25
-1.36471e-24
-1.00915e-23
-7.46232e-23
-5.51813e-22
-4.08046e-21
-3.01736e-20
-2.23123e-19
-1.64992e-18
-1.22005e-17
-9.02188e-17
-6.67136e-16
-4.93324e-15
-3.64795e-14
-2.69753e-13
-1.99473e-12
-1.47503e-11
-1.09072e-10
-8.06517e-10
-5.96299e-09
-4.40676e-08
-3.25015e-07
-2.37054e-06
-1.63281e-05
-0.000106304
-0.000654705
-0.00358413
-0.0144306
