-0.000218972
-1.63801e-06
-0.00132068
0.00106281
-0.00229766
0.0020651
-0.00316608
0.00297015
-0.00388651
0.00373655
-0.00442502
0.00432895
-0.00475635
0.0047199
-0.00486461
0.00489086
-0.00474378
0.0048328
-0.00439773
0.0045465
-0.00384001
0.0040424
-0.00309321
0.0033402
-0.00218803
0.00246801
-0.001162
0.00146129
-5.80795e-05
0.000361483
0.00107707
-0.000785564
0.00219481
-0.0019313
0.00324632
-0.00302627
0.00418445
-0.00402192
0.00496539
-0.00487237
0.0055503
-0.00553604
0.00590671
-0.0059772
0.00600975
-0.00616723
0.00584307
-0.00608571
0.00539959
-0.00572119
0.00468185
-0.00507173
0.00370215
-0.00414515
0.00248238
-0.00295898
0.00105361
-0.00154022
-0.000544575
7.51727e-05
-0.0022649
0.00184297
-0.00405332
0.00371142
-0.00584992
0.0056221
-0.0075899
0.00751089
-0.00920515
0.00931031
-0.0106296
0.0109576
-0.0118185
0.0124214
-0.0128018
0.0137678
-0.0137955
0.0152682
-0.0153322
0.017462
-0.0182361
0.0209541
-0.023178
0.0258018
-0.0298666
0.0308603
-0.0366012
0.0339016
-0.0409384
0.0326217
-0.0409196
0.0251703
-0.0351419
0.00830786
-0.0201238
-0.030989
0.0224674
-0.205007
