3.57489e-16
-5.27647e-16
7.56393e-16
-1.06949e-15
1.50205e-15
-2.10258e-15
2.93839e-15
-4.1031e-15
5.72725e-15
-7.99288e-15
1.1154e-14
-1.55651e-14
2.17209e-14
-3.03121e-14
4.23035e-14
-5.90416e-14
8.24071e-14
-1.15027e-13
1.60569e-13
-2.24158e-13
3.12955e-13
-4.36965e-13
6.10168e-13
-8.52108e-13
1.1901e-12
-1.66235e-12
2.32227e-12
-3.24459e-12
4.53383e-12
-6.3363e-12
8.85675e-12
-1.23819e-11
1.73132e-11
-2.42133e-11
3.38704e-11
-4.73897e-11
6.63209e-11
-9.28383e-11
1.29994e-10
-1.82072e-10
2.55092e-10
-3.57516e-10
5.0124e-10
-7.03005e-10
9.86378e-10
-1.38456e-09
1.94434e-09
-2.73175e-09
3.83995e-09
-5.4006e-09
7.59978e-09
-1.07008e-08
1.50766e-08
-2.12556e-08
2.99876e-08
-4.23374e-08
5.98182e-08
-8.45835e-08
1.197e-07
-1.69542e-07
2.40352e-07
-3.4105e-07
4.844e-07
-6.88685e-07
9.80123e-07
-1.39636e-06
1.99151e-06
-2.84349e-06
4.06456e-06
-5.81675e-06
8.33419e-06
-1.19557e-05
1.71721e-05
-2.46957e-05
3.55615e-05
-5.12759e-05
7.40344e-05
-0.000107043
0.000154989
-0.000224742
0.000326384
-0.000474744
0.000691678
-0.00100947
0.00147591
-0.00216192
0.00317298
-0.00466638
0.00687735
-0.0101585
0.01504
-0.0223212
0.033211
-0.0495413
0.0740884
-0.111027
0.166419
-0.24894
