-0.00119679
0.0011746
-0.000729123
0.000405826
1.27154e-05
-0.000398595
0.000775237
-0.00110473
0.00137824
-0.00157976
0.00170092
-0.00173573
0.00168289
-0.00154517
0.00132963
-0.00104721
0.000712309
-0.00034202
-4.47554e-05
0.000428307
-0.000789152
0.00110903
-0.0013718
0.00156422
-0.00167657
0.0017031
-0.00164231
0.00149706
-0.00127446
0.000985541
-0.000644789
0.000269393
0.00012159
-0.00050821
0.000870635
-0.00119015
0.00145012
-0.00163675
0.00173987
-0.00175337
0.00167557
-0.00150935
0.00126209
-0.000945386
0.000574506
-0.000167718
-0.000254604
0.000670978
-0.00105988
0.00140083
-0.00167538
0.00186808
-0.00196722
0.00196549
-0.00186039
0.0016545
-0.00135543
0.000975653
-0.000532013
4.50138e-05
0.000462083
-0.000964329
0.00143626
-0.00185312
0.00219198
-0.00243289
0.00255978
-0.00256129
0.00243137
-0.00216972
0.00178203
-0.00127986
0.000680441
-5.95137e-06
-0.000717299
0.00146004
-0.00219138
0.00288016
-0.00349638
0.0040124
-0.00440391
0.00465041
-0.00473526
0.00464471
-0.00436586
0.00388252
-0.00316825
0.00217474
-0.000813052
-0.00107601
0.0037679
-0.00772385
0.0136909
-0.0228374
0.0369057
-0.0583583
0.0901878
-0.136036
0.193666
