3.30226e-05
-0.000718671
0.00341587
-0.00353511
0.00264963
-0.000396081
-0.00194811
0.00347891
-0.00347596
0.00196525
0.000409547
-0.00260726
0.0036701
-0.00313553
0.00123311
0.00121241
-0.00313464
0.00369615
-0.00265057
0.000446208
0.00196164
-0.00352467
0.00356114
-0.00204856
-0.000364988
0.00263442
-0.00377197
0.00327756
-0.00135385
-0.00117551
0.0032156
-0.00387641
0.00285917
-0.000587335
-0.0019666
0.00369593
-0.0038409
0.00231848
0.000234927
-0.00272551
0.00407052
-0.00366884
0.00166443
0.00110289
-0.00344513
0.00433685
-0.00336155
0.000900139
0.00201347
-0.00412314
0.00449255
-0.00291525
2.03586e-05
0.00297168
-0.00476124
0.00453274
-0.00231746
-0.000991891
0.00399245
-0.00536451
0.00444672
-0.00154175
-0.00217091
0.00510458
-0.00594164
0.00421341
-0.000538855
-0.00357928
0.00635969
-0.00650744
0.00379377
0.000781388
-0.00533218
0.00785437
-0.00709129
0.00311556
0.0025924
-0.00765894
0.00979011
-0.00776465
0.00203625
0.00526885
-0.0110867
0.0126657
-0.00874121
0.00022789
0.00980618
-0.0171516
0.0180937
-0.0108539
-0.00336901
0.0201009
-0.0327534
0.0344989
-0.0190654
-0.0174434
0.074914
-0.153512
0.265555
