-0.00170046
0.00191199
-0.00581252
0.00587312
-0.00885393
0.00890049
-0.0105306
0.0105609
-0.0105968
0.01061
-0.00904665
0.0090453
-0.00611741
0.00610302
-0.00225024
0.00222204
0.00197656
-0.00201975
0.00593169
-0.005989
0.00902203
-0.00908939
0.0107788
-0.0108496
0.0109268
-0.0109928
0.00942559
-0.00947804
0.00647671
-0.00650638
0.00249608
-0.00249388
-0.00194435
0.00198576
-0.00619662
0.00628025
-0.00962746
0.00974978
-0.011708
0.011858
-0.0120908
0.0122507
-0.0106632
0.0108101
-0.00756979
0.00767776
-0.00319957
0.00324279
0.0018608
-0.00190414
0.00690116
-0.0070438
0.0111804
-0.0114212
0.0140263
-0.0143468
0.0149301
-0.0152942
0.0136247
-0.013981
0.0101357
-0.0104215
0.00479642
-0.0049441
-0.00177529
0.00182986
-0.00873727
0.00904312
-0.0151133
0.0156912
-0.019904
0.0207341
-0.0222084
0.0232211
-0.0213421
0.022413
-0.0169409
0.0178888
-0.00903522
0.00962159
0.00191397
-0.00198362
0.0150194
-0.0160895
0.0290054
-0.0314578
0.0422595
-0.0464973
0.0528635
-0.0592968
0.0585206
-0.067558
0.0561471
-0.0681453
0.0402099
-0.0549943
-0.00545859
-0.00592363
-0.206537
