-3.08411e-21
6.54027e-21
-1.06556e-20
1.57084e-20
-2.18377e-20
2.88081e-20
-3.56283e-20
3.97829e-20
-3.5861e-20
1.31312e-20
4.86422e-20
-1.86326e-19
4.65345e-19
-9.99431e-19
1.98296e-18
-3.74327e-18
6.82458e-18
-1.2121e-17
2.10859e-17
-3.60566e-17
6.07554e-17
-1.01051e-16
1.66104e-16
-2.70067e-16
4.34568e-16
-6.92278e-16
1.09192e-15
-1.7051e-15
2.63533e-15
-4.02923e-15
6.08926e-15
-9.08588e-15
1.33636e-14
-1.933e-14
2.74056e-14
-3.78938e-14
5.06962e-14
-6.47423e-14
7.69057e-14
-8.00205e-14
5.93451e-14
1.36021e-14
-1.91604e-13
5.69564e-13
-1.31417e-12
2.71271e-12
-5.25242e-12
9.74827e-12
-1.75465e-11
3.08454e-11
-5.31963e-11
9.02767e-11
-1.51071e-10
2.49653e-10
-4.07835e-10
6.59057e-10
-1.05399e-09
1.6684e-09
-2.61401e-09
4.05273e-09
-6.21455e-09
9.41794e-09
-1.40894e-08
2.07739e-08
-3.01172e-08
4.2787e-08
-5.92641e-08
7.93825e-08
-1.01405e-07
1.20257e-07
-1.24268e-07
8.93461e-08
3.12557e-08
-3.24584e-07
9.47977e-07
-2.1794e-06
4.50102e-06
-8.73651e-06
1.62746e-05
-2.94301e-05
5.20212e-05
-9.02867e-05
0.000154329
-0.000260367
0.000434221
-0.000716675
0.0011716
-0.00189824
0.00304949
-0.00485864
0.00767802
-0.0120334
0.018698
-0.0287871
0.0438681
-0.0660336
0.0978833
-0.140251
0.169592
