-3.03978e-11
3.74335e-11
-3.85603e-11
4.44811e-11
-4.95076e-11
5.69725e-11
-6.54357e-11
7.60739e-11
-8.87359e-11
1.04049e-10
-1.22327e-10
1.44166e-10
-1.70161e-10
2.01082e-10
-2.37808e-10
2.81406e-10
-3.33127e-10
3.94467e-10
-4.67192e-10
5.53403e-10
-6.55585e-10
7.76682e-10
-9.20191e-10
1.09026e-09
-1.29179e-09
1.53061e-09
-1.81359e-09
2.14892e-09
-2.54627e-09
3.0171e-09
-3.57501e-09
4.23609e-09
-5.01941e-09
5.94759e-09
-7.04742e-09
8.35067e-09
-9.89496e-09
1.17248e-08
-1.38931e-08
1.64623e-08
-1.95068e-08
2.31143e-08
-2.7389e-08
3.24544e-08
-3.84568e-08
4.55698e-08
-5.39992e-08
6.39891e-08
-7.58292e-08
8.98635e-08
-1.065e-07
1.26225e-07
-1.49616e-07
1.77362e-07
-2.10282e-07
2.49354e-07
-2.95742e-07
3.50833e-07
-4.16275e-07
4.94012e-07
-5.86323e-07
6.9584e-07
-8.2553e-07
9.78612e-07
-1.15835e-06
1.36765e-06
-1.60829e-06
1.87962e-06
-2.17638e-06
2.48532e-06
-2.77988e-06
3.01229e-06
-3.10215e-06
2.92053e-06
-2.26912e-06
8.5505e-07
1.73394e-06
-6.04061e-06
1.2707e-05
-2.23454e-05
3.52228e-05
-5.06001e-05
6.54135e-05
-7.18376e-05
5.29546e-05
2.46598e-05
-0.000223248
0.000653745
-0.00150684
0.00310027
-0.00594736
0.0108545
-0.0190417
0.032292
-0.0530489
0.0842944
-0.129571
0.186163
