0.0010866
-0.00131764
0.0012553
-0.000900162
0.000320253
0.000360734
-0.00098907
0.00141513
-0.00152857
0.00128643
-0.000727273
-3.29886e-05
0.000824086
-0.00145879
0.00177669
-0.0016842
0.00118106
-0.000366021
-0.000581137
0.00143829
-0.00199237
0.0020917
-0.00168653
0.000847288
0.000245471
-0.00133868
0.00216446
-0.00250491
0.00224859
-0.00142423
0.00020206
0.00113969
-0.00227689
0.00291676
-0.00287196
0.00211325
-0.000786253
-0.000814013
0.00230707
-0.00331599
0.00356102
-0.00293482
0.00153976
0.000324529
-0.00222317
0.00368555
-0.00431989
0.00391557
-0.00250694
0.000380582
0.00197958
-0.00399967
0.00515258
-0.00509207
0.00375097
-0.00137675
-0.00150849
0.00421879
-0.00606343
0.00651821
-0.00536755
0.00278047
0.000703177
-0.00427908
0.00705814
-0.00828045
0.00751381
-0.00478668
0.000618361
0.00406913
-0.00814529
0.0105324
-0.0104759
0.00775876
-0.00280405
-0.00336915
0.00933817
-0.0135844
0.014853
-0.0124845
0.00663787
0.00165793
-0.0106496
0.0181894
-0.0221905
0.0211169
-0.0144043
0.00271702
0.0120262
-0.0268742
0.0382761
-0.0426327
0.0368346
-0.0186451
-0.013217
0.0594247
-0.120965
0.200978
-0.311099
