     -198.995383073046
     -199.016039656200
     -199.016051370733
     -199.016057404180
     -199.016058482031
     -199.016059274460
     -199.016060032508
     -199.016186373662
     -199.016189450224
     -199.016190188169
     -199.016190494731
     -199.016190628515
     -199.016190689019
     -199.016190717180
     -199.016018146044
     -199.016012278475
     -199.016011690146
     -199.016011409582
     -199.016011306301
     -199.016011257331
     -199.016011233874
     -199.016011238550
     -199.016011236511
     -199.016011233680
     -199.016011232025
     -199.016011231217
     -199.016011230866
     -199.016011230731
     -199.016011230698
     -199.016011230699
     -199.016011230709
     -199.016011230728
     -199.016011230740
     -199.016011230750
     -199.016011230755
     -199.016011230760
     -199.017005285634
     -199.017075319427
     -199.017078654635
     -199.017078873679
     -199.017078909437
     -199.017078918316
     -199.017078921745
     -199.017078928516
     -199.017078928967
     -199.017078929120
     -199.017078929167
     -199.017078929179
     -199.017078929179
     -199.017078929186
     -199.017078929185
     -199.017078929192
     -199.017078929192
     -199.017078929191
     -199.017078929194
     -199.017078929192
     -199.017078929190
     -199.017078929195
     -199.017091065216
     -199.017091476199
     -199.017091491908
     -199.017091493178
     -199.017091493699
     -199.017091494118
     -199.017091500974
     -199.017091501172
     -199.017091501169
     -199.017091501161
     -199.017091501221
     -199.017091501220
     -199.017091501216
     -199.017091501218
     -199.017091501216
     -199.017091501217
     -199.017091635708
     -199.017091640321
     -199.017091641507
     -199.017091641861
     -199.017091642032
     -199.017091642097
     -199.017091642111
     -199.017091642132
     -199.017091641635
     -199.017091643697
     -199.017091643749
     -199.017091643787
     -199.017091643790
