     -536.310406615839
     -536.355604796592
     -536.355597555853
     -536.355593998710
     -536.355592844367
     -536.355592415876
     -536.355592248368
     -536.357521059907
     -536.357544834998
     -536.357552348204
     -536.357557531273
     -536.357557610807
     -536.357557611738
     -536.357557605833
     -536.357539799674
     -536.357539005543
     -536.357539386673
     -536.357539745778
     -536.357540128061
     -536.357540533336
     -536.357540946743
     -536.357541378731
     -536.357541835295
     -536.357542309765
     -536.357542796116
     -536.357543300349
     -536.357543838795
     -536.357544385295
     -536.357544925264
     -536.357545463088
     -536.357546013649
     -536.357546593096
     -536.357547206867
     -536.357547844721
     -536.357548486829
     -536.357549118999
     -536.361529462508
     -536.361546360110
     -536.361547824946
     -536.361547851991
     -536.361547855268
     -536.361547854998
     -536.361547854935
     -536.361547854916
     -536.361547854920
     -536.361547854893
     -536.361547854887
     -536.361547854907
     -536.361547854912
     -536.361547854894
     -536.361547854894
     -536.361547854896
     -536.361547854896
     -536.361547854915
     -536.361547854889
     -536.361547854908
     -536.361547854902
     -536.361547854904
     -536.361587412641
     -536.361587514852
     -536.361587519954
     -536.361587520625
     -536.361587520813
     -536.361587520899
     -536.361587520948
     -536.361587521000
     -536.361587521045
     -536.361587521049
     -536.361587521065
     -536.361587521078
     -536.361587521102
     -536.361587521120
     -536.361587521136
     -536.361587521119
     -536.361588021894
     -536.361588022952
     -536.361588022972
     -536.361588022965
     -536.361588022966
     -536.361588022964
     -536.361588022958
     -536.361588022970
     -536.361588021158
     -536.361588028846
     -536.361588028904
     -536.361588028890
     -536.361588028907
     -536.361588028887
     -536.361588021814
     -536.361588028917
     -536.361588028902
     -536.361588028916
     -536.361588028881
