     -570.039736618445
     -570.237882646552
     -570.239868350758
     -570.239991002030
     -570.239994733589
     -570.239995064897
     -570.239995082226
     -570.246184113344
     -570.246668658596
     -570.246770397902
     -570.246880726444
     -570.246911705799
     -570.246922352862
     -570.246928146016
     -570.246926260575
     -570.246929331677
     -570.246930656608
     -570.246935736609
     -570.246939203062
     -570.246938076204
     -570.246937941343
     -570.246938841360
     -570.246938755789
     -570.246937681469
     -570.246937661947
     -570.246938689689
     -570.246938689390
     -570.246937649853
     -570.246937645314
     -570.246938679788
     -570.246938682299
     -570.246937642915
     -570.246937635420
     -570.246938662051
     -570.246938648352
     -570.246937579551
     -570.250432394026
     -570.250482018085
     -570.250494172393
     -570.250498556995
     -570.250500334762
     -570.250501276633
     -570.250501978696
     -570.250502338696
     -570.250502480645
     -570.250502497540
     -570.250502509529
     -570.250502510412
     -570.250502516044
     -570.250502534831
     -570.250502577457
     -570.250502580013
     -570.250502582415
     -570.250502582223
     -570.250502590867
     -570.250502585597
     -570.250502588220
     -570.250502583109
     -570.250540275030
     -570.250541238661
     -570.250541387541
     -570.250541418387
     -570.250541427318
     -570.250541434825
     -570.250541433848
     -570.250541434578
     -570.250541435045
     -570.250541438154
     -570.250541435314
     -570.250541435501
     -570.250541435638
     -570.250541435661
     -570.250541435685
     -570.250541435733
     -570.250541879704
     -570.250541890182
     -570.250541893311
     -570.250541894919
     -570.250541895940
     -570.250541896684
     -570.250541897213
     -570.250541897586
     -570.250541896349
     -570.250541903388
     -570.250541903775
     -570.250541903957
     -570.250541904127
     -570.250541904093
     -570.250541898106
     -570.250541904074
     -570.250541904141
     -570.250541904275
     -570.250541904233
