       -0.024038427980        -0.024039090976        -0.024039306738        -0.024039346822        -0.024039347036        -0.024039339693        -0.024039334540        -0.024039333682
       -0.004901789234        -0.004902025739        -0.004902027511        -0.004902009021        -0.004901989355        -0.004901977549        -0.004901972260        -0.004901973389
       -0.000349468290        -0.000349568238        -0.000349612693        -0.000349618793        -0.000349618973        -0.000349617840        -0.000349617704        -0.000349619857
       -0.000529270695        -0.000529245560        -0.000529217740        -0.000529207393        -0.000529202084        -0.000529200162        -0.000529200445        -0.000529203620
        0.000197245191         0.000197208049         0.000197185744         0.000197178823         0.000197175926         0.000197175238         0.000197175531         0.000197176552
       -0.000169277675        -0.000169250794        -0.000169234361        -0.000169228793        -0.000169226543        -0.000169225896        -0.000169227025        -0.000169231535
        0.000101971865         0.000101952012         0.000101940938         0.000101937654         0.000101937118         0.000101938799         0.000101942693         0.000101951218
       -0.000068156165        -0.000068142240        -0.000068134201        -0.000068131815        -0.000068131499        -0.000068133428        -0.000068139176        -0.000068152173
        0.000043165169         0.000043154894         0.000043149820         0.000043148650         0.000043149668         0.000043153468         0.000043162333         0.000043186043
       -0.000027550528        -0.000027543656        -0.000027540414        -0.000027540296        -0.000027542555        -0.000027548763        -0.000027565328        -0.000027596730
        0.000017332135         0.000017327500         0.000017325848         0.000017326883         0.000017330993         0.000017342286         0.000017364302         0.000017440618
       -0.000010844811        -0.000010841961        -0.000010841597        -0.000010844092        -0.000010851671        -0.000010867017        -0.000010918961        -0.000010952907
        0.000006725686         0.000006724233         0.000006725243         0.000006730169         0.000006740707         0.000006775784         0.000006802542         0.000007170431
       -0.000004138780        -0.000004138652        -0.000004141536        -0.000004148647        -0.000004172207        -0.000004192532        -0.000004434740        -0.000004166100
        0.000002524875         0.000002526273         0.000002530854         0.000002546541         0.000002561524         0.000002720337         0.000002556311
       -0.000001526872        -0.000001529630        -0.000001539912        -0.000001550688        -0.000001654410        -0.000001555033
        0.000000915023         0.000000921613         0.000000929170         0.000000996620         0.000000936919
       -0.000000545227        -0.000000550383        -0.000000594045        -0.000000558517
        0.000000321724         0.000000349827         0.000000328919
       -0.000000203125        -0.000000190964
        0.000000108985
