        0.075400007336          0.075399559772          0.075399393247          0.075399325382          0.075399314178          0.075399318539          0.075399327527          0.075399335305          0.075399341075          0.075399344861          0.075399347130          0.075399348232          0.075399348369
       -0.033925336980         -0.033924637220         -0.033924295958         -0.033924132191         -0.033924050171         -0.033924007290         -0.033923983260         -0.033923969075         -0.033923960429         -0.033923955255         -0.033923952498         -0.033923951659         -0.033923952583
        0.013919795144          0.013919463652          0.013919318927          0.013919269256          0.013919252743          0.013919249806          0.013919250554          0.013919252149          0.013919253481          0.013919254368          0.013919254788          0.013919254769          0.013919254302
       -0.005324297727         -0.005324054576         -0.005323933625         -0.005323886045         -0.005323863533         -0.005323853830         -0.005323848856         -0.005323846304         -0.005323844883         -0.005323844168         -0.005323843946         -0.005323844163         -0.005323844853
        0.001388756413          0.001388610411          0.001388537480          0.001388512004          0.001388500444          0.001388496250          0.001388494318          0.001388493508          0.001388493103          0.001388492929          0.001388492908          0.001388493014          0.001388493283
        0.000181095572          0.000181189690          0.000181239616          0.000181257481          0.000181266460          0.000181270287          0.000181272354          0.000181273362          0.000181273881          0.000181274056          0.000181273903          0.000181273399          0.000181272525
       -0.000721488407         -0.000721546321         -0.000721578577         -0.000721590036         -0.000721596015         -0.000721598581         -0.000721600055         -0.000721600809         -0.000721601160         -0.000721601143         -0.000721600857         -0.000721600198         -0.000721599140
        0.000788468782          0.000788505465          0.000788526697          0.000788534518          0.000788538979          0.000788540944          0.000788542072          0.000788542661          0.000788542886          0.000788542747          0.000788542232          0.000788541257          0.000788539582
       -0.000679117631         -0.000679140603         -0.000679154602         -0.000679159973         -0.000679163365         -0.000679165017         -0.000679165848         -0.000679166219         -0.000679166258         -0.000679165888         -0.000679165009         -0.000679163776         -0.000679161530
        0.000523258594          0.000523273303          0.000523282776          0.000523286532          0.000523289064          0.000523290348          0.000523290936          0.000523291137          0.000523290942          0.000523290251          0.000523289119          0.000523287177          0.000523284280
       -0.000377088314         -0.000377097950         -0.000377104416         -0.000377107149         -0.000377109078         -0.000377110085         -0.000377110481         -0.000377110442         -0.000377109956         -0.000377109045         -0.000377107374         -0.000377104876         -0.000377101286
        0.000259107395          0.000259113861          0.000259118359          0.000259120423          0.000259121904          0.000259122636          0.000259122815          0.000259122537          0.000259121866          0.000259120540          0.000259118439          0.000259115347          0.000259110593
       -0.000171458516         -0.000171462992         -0.000171466215         -0.000171467790         -0.000171468883         -0.000171469366         -0.000171469329         -0.000171468884         -0.000171467875         -0.000171466191         -0.000171463565         -0.000171459623         -0.000171454098
        0.000109827013          0.000109830216          0.000109832555          0.000109833744          0.000109834527          0.000109834763          0.000109834554          0.000109833820          0.000109832504          0.000109830352          0.000109827091          0.000109822511          0.000109815617
       -0.000068257774         -0.000068260111         -0.000068261825         -0.000068262721         -0.000068263214         -0.000068263240         -0.000068262767         -0.000068261766         -0.000068260052         -0.000068257407         -0.000068253617         -0.000068248077         -0.000068241288
        0.000041173354          0.000041175096          0.000041176367          0.000041176996          0.000041177238          0.000041177003          0.000041176288          0.000041174960          0.000041172847          0.000041169760          0.000041165274          0.000041159674          0.000041151235
       -0.000024066466         -0.000024067785         -0.000024068704         -0.000024069097         -0.000024069073         -0.000024068607         -0.000024067622         -0.000024065961         -0.000024063473         -0.000024059852         -0.000024055190         -0.000024048526         -0.000024042401
        0.000013579452          0.000013580445          0.000013581074          0.000013581228          0.000013580978          0.000013580281          0.000013579006          0.000013577023          0.000013574103          0.000013570226          0.000013564815          0.000013559477          0.000013550588
       -0.000007344237         -0.000007344963         -0.000007345333         -0.000007345279         -0.000007344822         -0.000007343865         -0.000007342308         -0.000007339958         -0.000007336741         -0.000007332284         -0.000007327530         -0.000007320609         -0.000007320716
        0.000003758565          0.000003759056          0.000003759208          0.000003758969          0.000003758276          0.000003757067          0.000003755189          0.000003752531          0.000003748832          0.000003744606          0.000003738839          0.000003737566          0.000003730658
       -0.000001775175         -0.000001775465         -0.000001775431         -0.000001774976         -0.000001774055         -0.000001772564         -0.000001770385         -0.000001767311         -0.000001763594         -0.000001758629         -0.000001756333         -0.000001751810         -0.000001770150
        0.000000730502          0.000000730619          0.000000730377          0.000000729714          0.000000728543          0.000000726772          0.000000724228          0.000000721007          0.000000716692          0.000000713819          0.000000710009          0.000000722289          0.000000714833
       -0.000000216460         -0.000000216386         -0.000000215948         -0.000000215060         -0.000000213636         -0.000000211544         -0.000000208796         -0.000000205063         -0.000000201992         -0.000000198319         -0.000000205899         -0.000000204701         -0.000000265142
       -0.000000010403         -0.000000010657         -0.000000011303         -0.000000012419         -0.000000014124         -0.000000016432         -0.000000019629         -0.000000022629         -0.000000026265         -0.000000022022         -0.000000021986          0.000000024670         -0.000000089368
        0.000000090530          0.000000090971          0.000000091823          0.000000093188          0.000000095100          0.000000097806          0.000000100569          0.000000104095          0.000000102061          0.000000102697          0.000000067248          0.000000133035 
       -0.000000101871         -0.000000102497         -0.000000103570         -0.000000105127         -0.000000107389         -0.000000109834         -0.000000113148         -0.000000112480         -0.000000114221         -0.000000087458         -0.000000128302  
        0.000000085604          0.000000086429          0.000000087675          0.000000089540          0.000000091642          0.000000094663          0.000000094776          0.000000097454          0.000000077226          0.000000105363   
       -0.000000062057         -0.000000063036         -0.000000064555         -0.000000066319         -0.000000069004         -0.000000069514         -0.000000072781         -0.000000057388         -0.000000078975    
        0.000000040153          0.000000041373          0.000000042827          0.000000045162          0.000000045833          0.000000049350          0.000000037508          0.000000055487     
       -0.000000023102         -0.000000024282         -0.000000026277         -0.000000026971         -0.000000030474         -0.000000021242         -0.000000036931      
        0.000000011036          0.000000012715          0.000000013360          0.000000016672          0.000000009372          0.000000023320       
       -0.000000003716         -0.000000004277         -0.000000007296         -0.000000001444         -0.000000013870        
       -0.000000001327          0.000000001353         -0.000000003397          0.000000007609         
        0.000000002124          0.000000006020         -0.000000003642          
       -0.000000007151          0.000000001249           
        0.000000000107            
