        0.086634748376          0.085822924180          0.084700235661          0.085122899260          0.086371730072          0.086585250760          0.085381497494          0.084558857668
       -0.056308790122         -0.051095112013         -0.049227865742         -0.053858573946         -0.057669711054         -0.054642946255         -0.049342188422         -0.050116687774
        0.019321357425          0.015852152184          0.017227466593          0.021552345159          0.021988464222          0.017738754893          0.015379430376          0.018763503858
       -0.001805057259         -0.000535107618         -0.004111931453         -0.007064950440         -0.004690302091         -0.000570920407         -0.001208204760         -0.005835451878
       -0.010853751388         -0.009605496256         -0.005826829156         -0.005463213041         -0.009129923090         -0.011188218084         -0.008273512546         -0.004768533220
        0.014103631245          0.010744846278          0.007824872254          0.010094721219          0.014054687892          0.013495656484          0.009074310920          0.007646316340
       -0.011638872821         -0.007702450273         -0.007249778567         -0.011239780872         -0.013452492256         -0.010254239111         -0.006474295763         -0.008182665771
        0.004969217721          0.002288371606          0.004484724315          0.008319986823          0.007718443615          0.003402846184          0.002098168246          0.006109276911
        0.002139233215          0.002496092065         -0.001249700370         -0.003257269553         -0.000277744593          0.003229205342          0.001645967860         -0.002961430100
       -0.007257232799         -0.005204211165         -0.001467382713         -0.002031004217         -0.006179354334         -0.007466618418         -0.003608486396         -0.000635828670
        0.008685176020          0.005012292334          0.002903153891          0.005934401305          0.009462886487          0.007913237413          0.003348088480          0.002525290931
       -0.006225445732         -0.002591892309         -0.003168037125         -0.007303803587         -0.008665731171         -0.004545268882         -0.001375285588         -0.005098814086
        0.001408176089         -0.000543845391          0.002403904429          0.005889292113          0.003976829138         -0.000053360635         -0.000463176216          0.003249811006
        0.003527520107          0.002998501665         -0.001085627755         -0.002013468247          0.001156436693          0.005179190583          0.001816265290         -0.003746362572
       -0.006575163573         -0.003770214513         -0.000451098517         -0.001537173697         -0.007236957224         -0.005617813317         -0.002097966430 
        0.006612603516          0.002557779162          0.001165839794          0.005989454065          0.006777095390          0.006538913035  
       -0.003449879341         -0.000366032700         -0.002296752629         -0.005016213997         -0.007928503630   
       -0.000470441552         -0.002107011012          0.001344356235          0.005898244810    
        0.005219107625          0.002646510689         -0.001596906670     
       -0.005181008835         -0.003116096340      
        0.006127794219       
