        0.073696893009          0.074408437128          0.075036139043          0.075478338170          0.075671547799          0.075597471846          0.075283026520          0.074793843912          0.074222219100          0.073671438730          0.073238831196          0.073000078803          0.072997115806
       -0.035902860632         -0.035771131182         -0.035672659470         -0.035620691339         -0.035620650048         -0.035669956182         -0.035758476605         -0.035870282173         -0.035986180209         -0.036086727772         -0.036155251200         -0.036180428217         -0.036158042251
        0.014734121963          0.014688357873          0.014661766787          0.014657539756          0.014675251613          0.014711503693          0.014760242696          0.014813716564          0.014863596459          0.014902199077          0.014923605889          0.014924525672          0.014904775311
       -0.006246771674         -0.006171641502         -0.006133567866         -0.006136767319         -0.006178717418         -0.006251227841         -0.006341602684         -0.006434680137         -0.006515154752         -0.006569925173         -0.006590097118         -0.006572346008         -0.006519432607
        0.001804459334          0.001761027437          0.001749001597          0.001768985228          0.001816449209          0.001882958458          0.001957344236          0.002027456089          0.002081995392          0.002112225800          0.002113293184          0.002084961823          0.002031656686
       -0.000060509089         -0.000034090117         -0.000038005237         -0.000070479601         -0.000125256555         -0.000192947924         -0.000262367808         -0.000322260742         -0.000363002334         -0.000378059579         -0.000364985505         -0.000325794354         -0.000266663728
       -0.000655113813         -0.000663564518         -0.000646550353         -0.000607592683         -0.000553563879         -0.000493396538         -0.000436807136         -0.000392821151         -0.000368417709         -0.000367477762         -0.000390195867         -0.000433045987         -0.000489308000
        0.000806892586          0.000802255166          0.000775161939          0.000730536143          0.000675903988          0.000620128729          0.000572115239          0.000539470165          0.000527356476          0.000537713678          0.000568960475          0.000616229566          0.000672097671
       -0.000760224841         -0.000744352816         -0.000709391879         -0.000661329338         -0.000608023027         -0.000557988339         -0.000519129666         -0.000497561957         -0.000496685903         -0.000516676275         -0.000554449541         -0.000604127655         -0.000657916095
        0.000641928497          0.000616205583          0.000574430510          0.000523546228          0.000471720446          0.000427164804          0.000396882958          0.000385632191          0.000395199710          0.000424132278          0.000467951651          0.000519825098          0.000571590568
       -0.000522396757         -0.000487998097         -0.000440890422         -0.000388761854         -0.000339875190         -0.000301932838         -0.000280878061         -0.000280021928         -0.000299532681         -0.000336411255         -0.000384939077         -0.000437535215         -0.000485887232
        0.000421556185          0.000379706838          0.000328782150          0.000277001252          0.000232505136          0.000202281711          0.000191060549          0.000200621698          0.000229516131          0.000273284271          0.000325124963          0.000376908254          0.000420399165
       -0.000344162821         -0.000296459074         -0.000243649566         -0.000194193661         -0.000155819937         -0.000134543745         -0.000133696980         -0.000153449521         -0.000190771797         -0.000239892151         -0.000293155028         -0.000342175881         -0.000379058547
        0.000286322188          0.000234627875          0.000182017492          0.000136873919          0.000106220205          0.000094858819          0.000104581106          0.000133920260          0.000178361887          0.000231015928          0.000283658008          0.000327917615          0.000356618257
       -0.000242597462         -0.000189012055         -0.000138771289         -0.000099849230         -0.000078278307         -0.000077444025         -0.000097508203         -0.000135407129         -0.000185294701         -0.000239429117         -0.000289285132         -0.000326925990         -0.000345936711
        0.000207706445          0.000154430726          0.000108656429          0.000077627342          0.000066138075          0.000076009672          0.000105754077          0.000150809945          0.000204225923          0.000257654042          0.000302696746          0.000331883597          0.000340469547
       -0.000177596101         -0.000126832930         -0.000087449296         -0.000065665809         -0.000064841426         -0.000085151265         -0.000123499322         -0.000174004061         -0.000228823824         -0.000279424075         -0.000317562952         -0.000337241811         -0.000333900246
        0.000149493301          0.000103343157          0.000072010181          0.000060441571          0.000070423669          0.000100467135          0.000145989362          0.000199964675          0.000254054053          0.000299562322          0.000329456849          0.000337629139          0.000324075505
       -0.000121786318         -0.000082158655         -0.000060203415         -0.000059398571         -0.000079881379         -0.000118558434         -0.000169492466         -0.000224865576         -0.000275868170         -0.000314700143         -0.000333940394         -0.000332055108         -0.000303550434
        0.000093765488          0.000062298292          0.000050661696          0.000060726745          0.000090980353          0.000136808316          0.000191216859          0.000245624958          0.000291766936          0.000321197719          0.000330895453          0.000313378166          0.000281030762
       -0.000065374139         -0.000043367238         -0.000042566381         -0.000063169101         -0.000102044546         -0.000153291713         -0.000208891954         -0.000260434929         -0.000298782344         -0.000319534665         -0.000313522748         -0.000291726533         -0.000232136720
        0.000036985450          0.000025348805          0.000035463035          0.000065831105          0.000111866303          0.000166414505          0.000221250342          0.000266897534          0.000297752075          0.000303318380          0.000292727019          0.000241303443          0.000203851975
       -0.000009226288         -0.000008448940         -0.000029111671         -0.000068107625         -0.000119427716         -0.000175338838         -0.000226397443         -0.000266017772         -0.000282786677         -0.000283634054         -0.000242193981         -0.000212736112         -0.000098020399
       -0.000017155213         -0.000007019367          0.000023421545          0.000069483732          0.000124242544          0.000178634005          0.000225359703          0.000252525250          0.000264613116          0.000234576609          0.000214059883          0.000101357299          0.000099215679
        0.000041377556          0.000020700943         -0.000018326524         -0.000069772039         -0.000125322829         -0.000177241394         -0.000213607465         -0.000236314865         -0.000218651045         -0.000207699839         -0.000101193467         -0.000104008728 
       -0.000062698319         -0.000032256884          0.000013901410          0.000068415103          0.000123450827          0.000167485568          0.000199800366          0.000194994467          0.000193881482          0.000097463724          0.000104968197  
        0.000080414846          0.000041377813         -0.000010008243         -0.000065988343         -0.000115899219         -0.000156463931         -0.000164508010         -0.000173144282         -0.000090273471         -0.000102072183   
       -0.000094008033         -0.000047797370          0.000006989205          0.000060778417          0.000107956807          0.000128359000          0.000146302852          0.000079877307          0.000095454625    
        0.000102831014          0.000051415866         -0.000004176987         -0.000056102298         -0.000087922334         -0.000114401207         -0.000066658459         -0.000085394307     
       -0.000107021841         -0.000051858625          0.000002837637          0.000044713266          0.000078664071          0.000051106681          0.000072299884      
        0.000105206357          0.000049908126         -0.000000341903         -0.000040439120         -0.000033796120         -0.000056689968       
       -0.000100132080         -0.000043588225          0.000001157372          0.000015359186          0.000039170669        
        0.000085407717          0.000037756232          0.000003529888         -0.000020407994         
       -0.000074819154         -0.000022198522          0.000001108607          
        0.000039938930          0.000018023954           
       -0.000036258361            
