        0.075927155793          0.075926730997          0.075926593538          0.075926544424          0.075926548363          0.075926563033          0.075926579356          0.075926592064          0.075926601137          0.075926607038          0.075926610574          0.075926612288          0.075926612479
       -0.033977543763         -0.033976785960         -0.033976406284         -0.033976217128         -0.033976117292         -0.033976061865         -0.033976028893         -0.033976008416         -0.033975995448         -0.033975987479         -0.033975983166         -0.033975981849         -0.033975983326
        0.013958780848          0.013958454667          0.013958314070          0.013958269999          0.013958257584          0.013958257921          0.013958260985          0.013958264231          0.013958266666          0.013958268227          0.013958268958          0.013958268924          0.013958268112
       -0.005345453989         -0.005345202744         -0.005345073652         -0.005345022518         -0.005344997090         -0.005344985641         -0.005344979345         -0.005344975935         -0.005344973955         -0.005344972930         -0.005344972615         -0.005344972941         -0.005344973954
        0.001392461505          0.001392315253          0.001392239779          0.001392214372          0.001392202532          0.001392198411          0.001392196451          0.001392195705          0.001392195294          0.001392195115          0.001392195061          0.001392195128          0.001392195427
        0.000181105509          0.000181200602          0.000181253595          0.000181272551          0.000181282493          0.000181286811          0.000181289230          0.000181290549          0.000181291243          0.000181291431          0.000181291278          0.000181290672          0.000181289618
       -0.000723568726         -0.000723626901         -0.000723660782         -0.000723672410         -0.000723678961         -0.000723681975         -0.000723683586         -0.000723684432         -0.000723684816         -0.000723684740         -0.000723684379         -0.000723683631         -0.000723682493
        0.000790209827          0.000790247119          0.000790270463          0.000790278751          0.000790283785          0.000790286222          0.000790287704          0.000790288434          0.000790288662          0.000790288578          0.000790287836          0.000790286624          0.000790284455
       -0.000680181438         -0.000680204895         -0.000680220366         -0.000680226294         -0.000680230106         -0.000680231877         -0.000680233040         -0.000680233518         -0.000680233560         -0.000680233137         -0.000680232053         -0.000680230195         -0.000680227557
        0.000523590448          0.000523605704          0.000523616177          0.000523620472          0.000523623414          0.000523624834          0.000523625696          0.000523625934          0.000523625654          0.000523624890          0.000523623592          0.000523621311          0.000523617731
       -0.000376898451         -0.000376908508         -0.000376915742         -0.000376919035         -0.000376921306         -0.000376922388         -0.000376922970         -0.000376922930         -0.000376922320         -0.000376921315         -0.000376919600         -0.000376916536         -0.000376911972
        0.000258612532          0.000258619447          0.000258624629          0.000258627153          0.000258628889          0.000258629692          0.000258629961          0.000258629589          0.000258628854          0.000258627418          0.000258624997          0.000258621135          0.000258615566
       -0.000170837477         -0.000170842387         -0.000170846150         -0.000170848119         -0.000170849426         -0.000170849906         -0.000170849817         -0.000170849332         -0.000170848207         -0.000170846216         -0.000170843060         -0.000170838527         -0.000170832098
        0.000109198824          0.000109202424          0.000109205222          0.000109206748          0.000109207635          0.000109207775          0.000109207540          0.000109206697          0.000109205135          0.000109202551          0.000109198889          0.000109193634          0.000109185983
       -0.000067689993         -0.000067692713         -0.000067694799         -0.000067695912         -0.000067696416         -0.000067696383         -0.000067695826         -0.000067694626         -0.000067692582         -0.000067689620         -0.000067685346         -0.000067679152         -0.000067671505
        0.000040695709          0.000040697786          0.000040699308          0.000040700056          0.000040700312          0.000040700004          0.000040699141          0.000040697555          0.000040695184          0.000040691725          0.000040686722          0.000040680437          0.000040671061
       -0.000023684574         -0.000023686156         -0.000023687232         -0.000023687699         -0.000023687683         -0.000023687111         -0.000023685930         -0.000023684043         -0.000023681262         -0.000023677227         -0.000023672061         -0.000023664705         -0.000023658229
        0.000013285603          0.000013286794          0.000013287513          0.000013287723          0.000013287446          0.000013286607          0.000013285135          0.000013282908          0.000013279657          0.000013275401          0.000013269511          0.000013263830          0.000013254504
       -0.000007124805         -0.000007125661         -0.000007126099         -0.000007126056         -0.000007125530         -0.000007124409         -0.000007122644         -0.000007120029         -0.000007116522         -0.000007111718         -0.000007106671         -0.000007099407         -0.000007100104
        0.000003598519          0.000003599116          0.000003599291          0.000003599015          0.000003598208          0.000003596829          0.000003594732          0.000003591850          0.000003587891          0.000003583403          0.000003577373          0.000003576462          0.000003570245
       -0.000001660580         -0.000001660930         -0.000001660874         -0.000001660327         -0.000001659281         -0.000001657614         -0.000001655253         -0.000001651980         -0.000001648035         -0.000001642844         -0.000001640781         -0.000001636828         -0.000001657496
        0.000000649546          0.000000649677          0.000000649361          0.000000648592          0.000000647287          0.000000645369          0.000000642664          0.000000639250          0.000000634741          0.000000632009          0.000000628649          0.000000642616          0.000000637989
       -0.000000159744         -0.000000159633         -0.000000159107         -0.000000158106         -0.000000156566         -0.000000154343         -0.000000151433         -0.000000147536         -0.000000144552         -0.000000141207         -0.000000150071         -0.000000150947         -0.000000216045
       -0.000000050029         -0.000000050338         -0.000000051075         -0.000000052291         -0.000000054103         -0.000000056546         -0.000000059880         -0.000000062822         -0.000000066226         -0.000000060973         -0.000000059441         -0.000000009039         -0.000000116923
        0.000000118284          0.000000118789          0.000000119722          0.000000121182          0.000000123201          0.000000126020          0.000000128742          0.000000132109          0.000000129253          0.000000128829          0.000000090217          0.000000151971 
       -0.000000121466         -0.000000122152         -0.000000123303         -0.000000124948         -0.000000127302         -0.000000129715         -0.000000132924         -0.000000131568         -0.000000132571         -0.000000103051         -0.000000141382  
        0.000000099616          0.000000100501          0.000000101816          0.000000103758          0.000000105831          0.000000108788          0.000000108315          0.000000110486          0.000000087809          0.000000114502   
       -0.000000072248         -0.000000073278         -0.000000074857         -0.000000076598         -0.000000079247         -0.000000079256         -0.000000082183         -0.000000064592         -0.000000085472    
        0.000000047701          0.000000048968          0.000000050399          0.000000052720          0.000000052959          0.000000056257          0.000000042439          0.000000060209     
       -0.000000028799         -0.000000029957         -0.000000031950         -0.000000032273         -0.000000035646         -0.000000024638         -0.000000040450      
        0.000000015358          0.000000017045          0.000000017368          0.000000020615          0.000000011722          0.000000026010       
       -0.000000007064         -0.000000007350         -0.000000010347         -0.000000003074         -0.000000015974        
        0.000000001054          0.000000003743         -0.000000002272          0.000000009285         
        0.000000000237          0.000000005251         -0.000000004997          
       -0.000000006639          0.000000002355           
       -0.000000000801            
