       -0.008762042347
       -0.002375202132
       -0.000942479545
       -0.000395305820
       -0.000163817551
       -0.000068619979
       -0.000028449907
       -0.000011798938
       -0.000004856918
       -0.000001993060
       -0.000000812837
       -0.000000330050
       -0.000000133263
       -0.000000053543
       -0.000000021395
       -0.000000008505
       -0.000000003362
       -0.000000001322
       -0.000000000517
       -0.000000000201
       -0.000000000077
       -0.000000000030
       -0.000000000011
       -0.000000000004
       -0.000000000001
