      -74.166497483605
      -74.207654814110
      -74.208988548165
      -74.209216950137
      -74.209296398506
      -74.209346462188
      -74.209390189536
      -74.225006692109
      -74.228754088451
      -74.229374043101
      -74.229438794287
      -74.229449020489
      -74.229451533944
      -74.229453409715
      -74.230946297385
      -74.231104462914
      -74.231143333984
      -74.231151617238
      -74.231153787735
      -74.231155033275
      -74.231154919556
      -74.231154790126
      -74.231154761927
      -74.231154743396
      -74.231154733630
      -74.231154727091
      -74.231154722286
      -74.231155189060
      -74.231155190491
      -74.231155186367
      -74.231155179494
      -74.231155169759
      -74.231155156202
      -74.231155136871
      -74.231155109270
      -74.231155080171
      -74.232126657468
      -74.232141417286
      -74.232142239961
      -74.232142333299
      -74.232142354264
      -74.232142357669
      -74.232142358062
      -74.232142358226
      -74.232142358300
      -74.232142358335
      -74.232142358351
      -74.232142358361
      -74.232142358376
      -74.232142358527
      -74.232142358733
      -74.232142358841
      -74.232142358904
      -74.232142358953
      -74.232142358994
      -74.232142359026
      -74.232142359057
      -74.232142359091
      -74.232152223508
      -74.232152279068
      -74.232152280835
      -74.232152281011
      -74.232152281074
      -74.232152281073
      -74.232152281072
      -74.232152281073
      -74.232152281072
      -74.232152281073
      -74.232152281074
      -74.232152281075
      -74.232152281076
      -74.232152281076
      -74.232152281076
      -74.232152281078
      -74.232152398962
      -74.232152399445
      -74.232152399457
      -74.232152399459
      -74.232152399460
      -74.232152399460
      -74.232152399460
      -74.232152399460
      -74.232152399215
      -74.232152400731
      -74.232152400738
      -74.232152400739
      -74.232152400738
