      -83.026179848313
      -83.060957854719
      -83.062612666427
      -83.062789208272
      -83.062809228041
      -83.062811814825
      -83.062812219234
      -83.063786322670
      -83.063797348435
      -83.063797516645
      -83.063797511079
      -83.063797507921
      -83.063797507239
      -83.063797507122
      -83.063792929519
      -83.063792949295
      -83.063792951149
      -83.063792951469
      -83.063792951531
      -83.063792951542
      -83.063792951545
      -83.063792951545
      -83.063792951545
      -83.063792951545
      -83.063792951545
      -83.063792951545
      -83.063792951545
      -83.063792951545
      -83.063792951545
      -83.063792951545
      -83.063792951545
      -83.063792951544
      -83.063792951546
      -83.063792951544
      -83.063792951546
      -83.063792951545
      -83.064494858410
      -83.064501953588
      -83.064503047575
      -83.064503636302
      -83.064503957346
      -83.064504109919
      -83.064504126409
      -83.064504180470
      -83.064504255495
      -83.064504274732
      -83.064504299934
      -83.064504312967
      -83.064504326452
      -83.064504315373
      -83.064504315982
      -83.064504316200
      -83.064504316391
      -83.064504316622
      -83.064504316837
      -83.064504316978
      -83.064504317036
      -83.064504317036
      -83.064512641695
      -83.064512731087
      -83.064512733274
      -83.064512733509
      -83.064512733588
      -83.064512733591
      -83.064512733593
      -83.064512733681
      -83.064512733680
      -83.064512733679
      -83.064512733677
      -83.064512733680
      -83.064512733678
      -83.064512733678
      -83.064512733679
      -83.064512733678
      -83.064512824048
      -83.064512824363
      -83.064512824373
      -83.064512824375
      -83.064512824377
      -83.064512824375
      -83.064512824377
      -83.064512824378
      -83.064512824138
      -83.064512825428
      -83.064512825433
      -83.064512825432
      -83.064512825432
