      -49.392928360497
      -49.411281619835
      -49.411937524865
      -49.412119593078
      -49.412187232625
      -49.412219890874
      -49.412238424056
      -49.412863719329
      -49.412877257315
      -49.412889825944
      -49.412897422232
      -49.412907376343
      -49.412921063653
      -49.412924682830
      -49.412925046104
      -49.412927727425
      -49.412931403050
      -49.412933404801
      -49.412936515543
      -49.412938048880
      -49.412939393378
      -49.412940578769
      -49.412941606539
      -49.412942537832
      -49.412943367216
      -49.412944107074
      -49.412944768447
      -49.412945360771
      -49.412945892142
      -49.412946369545
      -49.412946799039
      -49.412947185900
      -49.412947534740
      -49.412947849607
      -49.412948134061
      -49.412948392282
      -49.413329778286
      -49.413339785648
      -49.413343376090
      -49.413344447444
      -49.413344835181
      -49.413345015794
      -49.413345108920
      -49.413345166921
      -49.413345215389
      -49.413345238551
      -49.413345261142
      -49.413345277044
      -49.413345288297
      -49.413345296307
      -49.413345302035
      -49.413345306143
      -49.413345309099
      -49.413345311228
      -49.413345312765
      -49.413345313875
      -49.413345314677
      -49.413345315257
      -49.413349830935
      -49.413349852324
      -49.413349853287
      -49.413349853463
      -49.413349853555
      -49.413349853619
      -49.413349853662
      -49.413349853692
      -49.413349853713
      -49.413349853728
      -49.413349853737
      -49.413349853745
      -49.413349853750
      -49.413349853755
      -49.413349853758
      -49.413349853761
      -49.413349905630
      -49.413349905793
      -49.413349905799
      -49.413349905801
      -49.413349905801
      -49.413349905802
      -49.413349905802
      -49.413349905802
      -49.413349905655
      -49.413349906394
      -49.413349906397
      -49.413349906397
      -49.413349906398
