        0.774259161483         0.703858758518         0.677228355285         0.646514359926         0.637148060805         0.624139636960         0.616746056805         0.607412898995         0.602280982313         0.596478569171         0.593339913484         0.591554537005         0.590863632131         0.590821728599         0.591246644818         0.591590308962         0.592471572558         0.593529062812         0.595323127254         0.598629180738         0.601750104149         0.607501330435         0.614339342518         0.623317081181         0.631757378889         0.638320420222         0.633982576064         0.606024582125         0.504559118120         0.000000000000
        0.794442089879         0.727045221038         0.703917260825         0.676649962563         0.667784376083         0.659781831586         0.655403074056         0.652011472663         0.650077938132         0.649071403272         0.648805419846         0.648944992144         0.649274702396         0.649634889577         0.649975720041         0.650335333151         0.650825289821         0.651621520992         0.652933902093         0.654983107146         0.657946546034         0.661840489379         0.666406148915         0.670876800799         0.673550973519         0.671290085760         0.657678487087         0.619752552497         0.512375341971         0.000000000000
        0.795760646517         0.728456655523         0.705552277552         0.678492031745         0.670128005194         0.662876979527         0.659635049855         0.657780036788         0.657817353924         0.659117853325         0.661318898021         0.663798935870         0.666002368412         0.667506972483         0.668110231066         0.667803221055         0.666790159874         0.665459682593         0.664312557219         0.663915788937         0.664659168763         0.666780130827         0.670050309180         0.673629088979         0.675660067733         0.672841510982         0.658715835762         0.620338105880         0.512709681844         0.000000000000
        0.795885133835         0.728600769757         0.705797625628         0.678921401791         0.670925809475         0.664341391734         0.662145731157         0.661747767439         0.663540760072         0.666757861514         0.670841769212         0.674998898509         0.678543764800         0.680910045149         0.681782678475         0.681110978679         0.679121253785         0.676287872917         0.673262540001         0.670804217737         0.669577105842         0.669966536913         0.671890477814         0.674573869206         0.676108204513         0.673046384533         0.658809639519         0.620379769919         0.512727013570         0.000000000000
        0.795881044057         0.728614344067         0.705919532931         0.679260093034         0.671664782486         0.665749106351         0.664538419648         0.665364289358         0.668553510955         0.673243885625         0.678741392197         0.684131002655         0.688597112344         0.691494782517         0.692453644141         0.691414006298         0.688636290309         0.684666384180         0.680255075544         0.676283007699         0.673577521532         0.672644638650         0.673484877901         0.675398390240         0.676470523628         0.673179939937         0.658847934712         0.620387240072         0.512723629511         0.000000000000
        0.795910485267         0.728666637368         0.706081158423         0.679634227961         0.672404927618         0.667081839285         0.666717389772         0.668627781910         0.673083884680         0.679127579259         0.685964209539         0.692535754628         0.697915335603         0.701371224935         0.702479874479         0.701156188643         0.697677866736         0.692658622958         0.686955351129         0.681570469189         0.677442633835         0.675226747876         0.675052326812         0.676237755986         0.676856896131         0.673333763125         0.658898598217         0.620400771520         0.512723152900         0.000000000000
        0.796042116358         0.728847001166         0.706474661081         0.680437434957         0.673890758542         0.669640710758         0.670725411103         0.674438550548         0.680978368379         0.689212599073         0.698160448400         0.706553463427         0.713271596779         0.717446975586         0.718581873207         0.716575353537         0.711794076323         0.704967065371         0.697135998008         0.689486230863         0.683172899889         0.679056322434         0.677393552973         0.677519283542         0.677478173261         0.673603187836         0.659004835822         0.620438420192         0.512732546415         0.000000000000
        0.804947591682         0.744806499420         0.735943993187         0.727328321305         0.743644953936         0.766316026534         0.797616343001         0.832967129513         0.870559337909         0.907397932486         0.940916570026         0.968363847080         0.987727999977         0.997402550470         0.996541595062         0.985045882129         0.963695926104         0.933998226865         0.898133795495         0.858779704030         0.818924510992         0.781550148253         0.749149133459         0.723276924780         0.703511850225         0.686550665975         0.664682975144         0.622584209813         0.513422443656         0.000000000000
        0.812910775738         0.759922701836         0.763226098625         0.768802975380         0.802641743743         0.844808021330         0.896799313717         0.952564257396         1.009358009971         1.063194528810         1.110726612061         1.148870109337         1.175154451032         1.187825617917         1.185988590813         1.169623556140         1.139631683050         1.097753936632         1.046513027179         0.989074309409         0.929054559335         0.870291684458         0.816453505407         0.770371553995         0.733227200215         0.702999868661         0.672552077336         0.625780665392         0.514496023977         0.000000000000
        0.813231950257         0.760652599383         0.764575617961         0.770872942635         0.805551003903         0.848567108457         0.901399138283         0.957954656657         1.015419001142         1.069767434753         1.117638081699         1.155950485267         1.182261390193         1.194854016733         1.192865487370         1.176264815260         1.145985580651         1.103767076144         1.052114782387         0.994178725500         0.933561783000         0.874106860044         0.819495925040         0.772619746554         0.734722739725         0.703853937434         0.672961965188         0.625940478716         0.514546155644         0.000000000000
        0.813250070317         0.760689735442         0.764647702237         0.770979973990         0.805699853666         0.848761261792         0.901637447623         0.958232974883         1.015736616786         1.070109920634         1.117996328188         1.156319441794         1.182637607660         1.195227306674         1.193227461044         1.176610473717         1.146310257863         1.104067351699         1.052384892532         0.994414424591         0.933763357561         0.874276564534         0.819625932740         0.772710500980         0.734780523072         0.703882911294         0.672974767176         0.625946628210         0.514547949986         0.000000000000
        0.813252049173         0.760693076375         0.764654707093         0.770989915639         0.805714277123         0.848781054516         0.901662744948         0.958263278307         1.015766813689         1.070140697214         1.118035755380         1.156365757671         1.182685778360         1.195274567688         1.193271882796         1.176651132354         1.146345823355         1.104097691412         1.052409760632         0.994434232962         0.933777966459         0.874287284127         0.819632728918         0.772714189200         0.734782160313         0.703883004944         0.672974109305         0.625946861854         0.514548081197         0.000000000000
        0.813252435862         0.760693651376         0.764655465769         0.770990708920         0.805715454498         0.848782882887         0.901665220213         0.958266509046         1.015770736503         1.070145563811         1.118040971158         1.156370596454         1.182689713300         1.195279113511         1.193275897962         1.176655552254         1.146349637586         1.104100572395         1.052411636949         0.994435250412         0.933778205599         0.874287080811         0.819632218949         0.772713608452         0.734781602376         0.703882528405         0.672973495885         0.625946791618         0.514548075495         0.000000000000
        0.813252502697         0.760693752699         0.764655582432         0.770990814526         0.805715665744         0.848783343844         0.901665831298         0.958267265198         1.015771712895         1.070146570473         1.118041911105         1.156371557180         1.182690611711         1.195279810386         1.193276466091         1.176655863445         1.146349655502         1.104100275926         1.052411066434         0.994434496697         0.933777351484         0.874286251652         0.819631489478         0.772713058063         0.734781202075         0.703882296573         0.672973216240         0.625946740862         0.514548064187         0.000000000000
        0.813278779287         0.760700116887         0.764690309447         0.771050739846         0.805802596520         0.848894114465         0.901797332935         0.958418424221         1.015948922462         1.070330231037         1.118225424885         1.156545287288         1.182856141681         1.195436990187         1.193412094061         1.176770473659         1.146438844585         1.104167068074         1.052457458845         0.994469083319         0.933806539617         0.874309968417         0.819649182363         0.772724545963         0.734786411267         0.703879538148         0.672957635124         0.625909858787         0.514499582241         0.000000000000
        0.813279538902         0.760706129282         0.764704123576         0.771073156314         0.805834125677         0.848934254903         0.901844665956         0.958471506765         1.016005973231         1.070386044638         1.118278713330         1.156590911797         1.182889590517         1.195461077406         1.193424282493         1.176774490017         1.146436810569         1.104157245552         1.052446373176         0.994458211973         0.933797046571         0.874302475621         0.819643830081         0.772721128648         0.734784480305         0.703878554637         0.672957087718         0.625909199909         0.514497843565         0.000000000000
        0.813279602680         0.760706716387         0.764705485272         0.771075382853         0.805837304180         0.848938398532         0.901849620725         0.958477046645         1.016011763475         1.070391559770         1.118283844039         1.156595078094         1.182892335734         1.195462497301         1.193424094909         1.176773175411         1.146434535222         1.104154213763         1.052442985253         0.994454812581         0.933793933888         0.874299862085         0.819641834062         0.772719768159         0.734783670863         0.703878150678         0.672956906370         0.625909103586         0.514497720664         0.000000000000
        0.813279607194         0.760706759543         0.764705583181         0.771075540887         0.805837542782         0.848938743779         0.901850033982         0.958477504977         1.016012248135         1.070392017393         1.118284282264         1.156595420707         1.182892553390         1.195462595016         1.193424028165         1.176772990002         1.146434240595         1.104153840760         1.052442565765         0.994454387623         0.933793539753         0.874299526354         0.819641573813         0.772719588310         0.734783561779         0.703878095673         0.672956879824         0.625909089781         0.514497704746         0.000000000000
        0.813279607049         0.760706753350         0.764705565926         0.771075509690         0.805837508662         0.848938728125         0.901850014802         0.958477481957         1.016012227756         1.070391997031         1.118284273536         1.156595413061         1.182892556114         1.195462606734         1.193424038802         1.176773004462         1.146434254596         1.104153855115         1.052442579851         0.994454401251         0.933793552280         0.874299536984         0.819641581979         0.772719593954         0.734783564795         0.703878097071         0.672956879167         0.625909088585         0.514497702185         0.000000000000
        0.813279606535         0.760706744101         0.764705542126         0.771075468254         0.805837457622         0.848938684219         0.901849961888         0.958477421826         1.016012167513         1.070391940055         1.118284226926         1.156595376538         1.182892539690         1.195462608378         1.193424054396         1.176773033866         1.146434294130         1.104153902458         1.052442631588         0.994454453372         0.933793600769         0.874299578466         0.819641614247         0.772719616356         0.734783578168         0.703878103719         0.672956881471         0.625909089072         0.514497701740         0.000000000000
        0.813279606089         0.760706736604         0.764705522957         0.771075434948         0.805837416375         0.848938648014         0.901849918339         0.958477372432         1.016012117839         1.070391893492         1.118284187824         1.156595346021         1.182892525121         1.195462608064         1.193424065912         1.176773056456         1.146434325296         1.104153940156         1.052442672998         0.994454495175         0.933793639689         0.874299611773         0.819641640173         0.772719634355         0.734783588963         0.703878109088         0.672956883495         0.625909089622         0.514497701667         0.000000000000
        0.813279605748         0.760706730958         0.764705508514         0.771075409825         0.805837385392         0.848938621196         0.901849886134         0.958477335896         1.016012081144         1.070391859285         1.118284158946         1.156595323523         1.182892514088         1.195462607242         1.193424073690         1.176773072141         1.146434347190         1.104153966759         1.052442702273         0.994454524748         0.933793667223         0.874299635335         0.819641658511         0.772719647083         0.734783596604         0.703878112886         0.672956884959         0.625909090036         0.514497701661         0.000000000000
        0.813279605495         0.760706726760         0.764705497760         0.771075391087         0.805837362415         0.848938601706         0.901849862764         0.958477309362         1.016012054557         1.070391834607         1.118284138110         1.156595307316         1.182892505965         1.195462606312         1.193424078842         1.176773082835         1.146434362252         1.104153985120         1.052442722502         0.994454545187         0.933793686252         0.874299651614         0.819641671178         0.772719655873         0.734783601881         0.703878115509         0.672956885978         0.625909090328         0.514497701665         0.000000000000
        0.813279605304         0.760706723639         0.764705489750         0.771075377110         0.805837345375         0.848938587550         0.901849845817         0.958477290109         1.016012035319         1.070391816820         1.118284123114         1.156595295671         1.182892500008         1.195462605414         1.193424082230         1.176773090104         1.146434372578         1.104153997746         1.052442736424         0.994454559257         0.933793699350         0.874299662816         0.819641679892         0.772719661917         0.734783605510         0.703878117311         0.672956886679         0.625909090529         0.514497701670         0.000000000000
        0.813279605162         0.760706721314         0.764705483780         0.771075366679         0.805837332729         0.848938577262         0.901849833516         0.958477276122         1.016012021380         1.070391803977         1.118284112308         1.156595287295         1.182892495638         1.195462604610         1.193424084448         1.176773095044         1.146434379660         1.104154006431         1.052442746011         0.994454568947         0.933793708369         0.874299670527         0.819641685888         0.772719666075         0.734783608005         0.703878118551         0.672956887162         0.625909090667         0.514497701673         0.000000000000
        0.813279605055         0.760706719578         0.764705479317         0.771075358870         0.805837323312         0.848938569753         0.901849824547         0.958477265918         1.016012011239         1.070391794665         1.118284104490         1.156595281245         1.182892492421         1.195462603916         1.193424085892         1.176773098405         1.146434384525         1.104154012416         1.052442752625         0.994454575633         0.933793714590         0.874299675844         0.819641690021         0.772719668940         0.734783609724         0.703878119404         0.672956887494         0.625909090763         0.514497701675         0.000000000000
        0.813279604981         0.760706718277         0.764705475971         0.771075353008         0.805837316276         0.848938564249         0.901849817982         0.958477258443         1.016012003830         1.070391787886         1.118284098810         1.156595276859         1.182892490043         1.195462603330         1.193424086826         1.176773100693         1.146434387874         1.104154016551         1.052442757198         0.994454580256         0.933793718892         0.874299679519         0.819641692877         0.772719670919         0.734783610911         0.703878119993         0.672956887724         0.625909090828         0.514497701677         0.000000000000
        0.813279604920         0.760706717297         0.764705473456         0.771075348598         0.805837311010         0.848938560207         0.901849813164         0.958477252952         1.016011998401         1.070391782935         1.118284094671         1.156595273667         1.182892488282         1.195462602845         1.193424087425         1.176773102253         1.146434390184         1.104154019414         1.052442760368         0.994454583462         0.933793721873         0.874299682065         0.819641694854         0.772719672288         0.734783611732         0.703878120400         0.672956887882         0.625909090874         0.514497701678         0.000000000000
        0.813279604867         0.760706716558         0.764705471558         0.771075345269         0.805837307050         0.848938557218         0.901849809605         0.958477248895         1.016011994400         1.070391779297         1.118284091637         1.156595271331         1.182892486971         1.195462602449         1.193424087805         1.176773103318         1.146434391783         1.104154021404         1.052442762574         0.994454585692         0.933793723947         0.874299683836         0.819641696228         0.772719673240         0.734783612302         0.703878120683         0.672956887992         0.625909090905         0.514497701679         0.000000000000
        0.813279604845         0.760706716011         0.764705470123         0.771075342743         0.805837304055         0.848938554993         0.901849806959         0.958477245879         1.016011991434         1.070391776609         1.118284089400         1.156595269612         1.182892485989         1.195462602126         1.193424088042         1.176773104045         1.146434392891         1.104154022789         1.052442764112         0.994454587248         0.933793725393         0.874299685070         0.819641697186         0.772719673902         0.734783612699         0.703878120880         0.672956888069         0.625909090927         0.514497701679         0.000000000000
        0.813279604808         0.760706715583         0.764705469034         0.771075340832         0.805837301801         0.848938553347         0.901849805001         0.958477243643         1.016011989239         1.070391774626         1.118284087751         1.156595268348         1.182892485256         1.195462601868         1.193424088187         1.176773104543         1.146434393661         1.104154023757         1.052442765188         0.994454588337         0.933793726404         0.874299685932         0.819641697855         0.772719674365         0.734783612976         0.703878121017         0.672956888122         0.625909090942         0.514497701680         0.000000000000
        0.813279604792         0.760706715265         0.764705468202         0.771075339367         0.805837300076         0.848938552102         0.901849803524         0.958477241958         1.016011987590         1.070391773140         1.118284086520         1.156595267405         1.182892484700         1.195462601659         1.193424088273         1.176773104884         1.146434394199         1.104154024436         1.052442765945         0.994454589102         0.933793727115         0.874299686538         0.819641698324         0.772719674690         0.734783613170         0.703878121113         0.672956888160         0.625909090953         0.514497701680         0.000000000000
        0.813279604772         0.760706715013         0.764705467570         0.771075338256         0.805837298775         0.848938551181         0.901849802429         0.958477240705         1.016011986364         1.070391772038         1.118284085608         1.156595266707         1.182892484283         1.195462601494         1.193424088322         1.176773105118         1.146434394575         1.104154024914         1.052442766477         0.994454589641         0.933793727616         0.874299686965         0.819641698655         0.772719674918         0.734783613306         0.703878121181         0.672956888186         0.625909090960         0.514497701680         0.000000000000
        0.813279604762         0.760706714824         0.764705467083         0.771075337399         0.805837297772         0.848938550476         0.901849801593         0.958477239750         1.016011985434         1.070391771204         1.118284084919         1.156595266181         1.182892483964         1.195462601361         1.193424088348         1.176773105279         1.146434394840         1.104154025253         1.052442766856         0.994454590024         0.933793727972         0.874299687267         0.819641698889         0.772719675080         0.734783613403         0.703878121229         0.672956888204         0.625909090966         0.514497701680         0.000000000000
        0.813279604753         0.760706714685         0.764705466708         0.771075336735         0.805837296997         0.848938549936         0.901849800954         0.958477239021         1.016011984725         1.070391770571         1.118284084397         1.156595265783         1.182892483720         1.195462601255         1.193424088359         1.176773105390         1.146434395028         1.104154025495         1.052442767127         0.994454590299         0.933793728226         0.874299687484         0.819641699056         0.772719675195         0.734783613472         0.703878121263         0.672956888218         0.625909090970         0.514497701680         0.000000000000
        0.813279604746         0.760706714569         0.764705466422         0.771075336233         0.805837296414         0.848938549539         0.901849800481         0.958477238478         1.016011984196         1.070391770099         1.118284084007         1.156595265487         1.182892483536         1.195462601173         1.193424088364         1.176773105468         1.146434395162         1.104154025667         1.052442767320         0.994454590495         0.933793728408         0.874299687638         0.819641699176         0.772719675278         0.734783613521         0.703878121287         0.672956888227         0.625909090972         0.514497701680         0.000000000000
        0.813726402380         0.762105761194         0.766902825800         0.773872599462         0.809037392948         0.852384360996         0.905335039733         0.961852208682         1.019138707762         1.073209831579         1.120769558434         1.158768482257         1.184821908688         1.197252954850         1.195210293489         1.178704978706         1.148613987900         1.106643188589         1.055250577797         0.997525269990         0.937019784007         0.877505969216         0.822629369373         0.775303894212         0.736834400162         0.705357368662         0.673951248524         0.626509728197         0.514849037091         0.000000000000
        0.813740376028         0.762152607019         0.766978414883         0.773980806717         0.809174466338         0.852543603655         0.905508124732         0.962029374115         1.019311014537         1.073370567994         1.120913805826         1.158894732727         1.184931782909         1.197350829881         1.195303473258         1.178801019071         1.148720466044         1.106765976362         1.055391839813         0.997682343609         0.937186129938         0.877672123369         0.822784735363         0.775439697404         0.736944053022         0.705442013516         0.674021190635         0.626575471506         0.514920475408         0.000000000000
        0.813741335056         0.762155469269         0.766982732351         0.773986286826         0.809180703116         0.852550384141         0.905515114440         0.962036156545         1.019317377781         1.073376328935         1.120918955126         1.158899146785         1.184935473326         1.197353921359         1.195306317740         1.178803956163         1.148723755793         1.106769759400         1.055396175928         0.997687145059         0.937191124678         0.877676991976         0.822789352526         0.775443984460         0.736947881869         0.705445710613         0.674025448275         0.626580518625         0.514925840951         0.000000000000
        0.813741443407         0.762155792495         0.766983209002         0.773986889464         0.809181377049         0.852551165982         0.905515981097         0.962037012095         1.019318101156         1.073376937115         1.120919470728         1.158899568888         1.184935803977         1.197354161504         1.195306491639         1.178804082575         1.148723866585         1.106769878174         1.055396301985         0.997687319813         0.937191390388         0.877677295782         0.822789647418         0.775444305726         0.736948283350         0.705446211752         0.674026085629         0.626581322955         0.514926665647         0.000000000000
        0.813741453706         0.762155824504         0.766983254293         0.773986944017         0.809181433124         0.852551232038         0.905516050782         0.962037082283         1.019318165804         1.073376989382         1.120919511793         1.158899605664         1.184935841672         1.197354184915         1.195306502333         1.178804080269         1.148723856503         1.106769864455         1.055396286226         0.997687305916         0.937191386059         0.877677299290         0.822789661330         0.775444325258         0.736948317019         0.705446264940         0.674026159737         0.626581415102         0.514926765446         0.000000000000
        0.813741455290         0.762155829318         0.766983260829         0.773986951026         0.809181439646         0.852551238553         0.905516056680         0.962037087018         1.019318168580         1.073376989143         1.120919508964         1.158899607397         1.184935907569         1.197354261549         1.195306552450         1.178804099422         1.148723877497         1.106769886829         1.055396308653         0.997687327888         0.937191407058         0.877677318096         0.822789677902         0.775444338671         0.736948328673         0.705446276609         0.674026172889         0.626581430002         0.514926780512         0.000000000000
        0.813741456230         0.762155836355         0.766983276223         0.773986975156         0.809181472630         0.852551279836         0.905516104592         0.962037139241         1.019318223237         1.073377043481         1.120919565639         1.158899682547         1.184936029631         1.197354386486         1.195306608222         1.178804139806         1.148723900028         1.106769902968         1.055396321233         0.997687338792         0.937191416866         0.877677326678         0.822789685243         0.775444344354         0.736948332865         0.705446279810         0.674026175708         0.626581432802         0.514926783153         0.000000000000
        0.813741456426         0.762155837569         0.766983278750         0.773986979081         0.809181477995         0.852551286576         0.905516112484         0.962037147797         1.019318232008         1.073377051741         1.120919573261         1.158899691052         1.184936039134         1.197354394986         1.195306611957         1.178804140207         1.148723898362         1.106769899982         1.055396317638         0.997687335160         0.937191413594         0.877677324020         0.822789683432         0.775444343277         0.736948332395         0.705446279802         0.674026176006         0.626581433268         0.514926783650         0.000000000000
        0.813741456461         0.762155837753         0.766983279098         0.773986979583         0.809181478646         0.852551287370         0.905516113398         0.962037148764         1.019318232993         1.073377052647         1.120919574093         1.158899692003         1.184936040048         1.197354395670         1.195306612331         1.178804140191         1.148723898108         1.106769899579         1.055396317178         0.997687334692         0.937191413153         0.877677323639         0.822789683195         0.775444343147         0.736948332349         0.705446279823         0.674026176072         0.626581433362         0.514926783747         0.000000000000
        0.813741456471         0.762155837800         0.766983279183         0.773986979699         0.809181478789         0.852551287540         0.905516113592         0.962037148964         1.019318233197         1.073377052833         1.120919574265         1.158899692186         1.184936040200         1.197354395778         1.195306612395         1.178804140182         1.148723898059         1.106769899499         1.055396317094         0.997687334606         0.937191413065         0.877677323555         0.822789683152         0.775444343127         0.736948332344         0.705446279830         0.674026176087         0.626581433381         0.514926783766         0.000000000000
        0.813741456474         0.762155837816         0.766983279210         0.773986979735         0.809181478833         0.852551287592         0.905516113651         0.962037149025         1.019318233260         1.073377052891         1.120919574318         1.158899692236         1.184936040238         1.197354395802         1.195306612406         1.178804140174         1.148723898040         1.106769899472         1.055396317067         0.997687334578         0.937191413035         0.877677323524         0.822789683138         0.775444343121         0.736948332342         0.705446279831         0.674026176090         0.626581433385         0.514926783770         0.000000000000
        0.813741456476         0.762155837821         0.766983279220         0.773986979749         0.809181478849         0.852551287611         0.905516113672         0.962037149046         1.019318233283         1.073377052911         1.120919574336         1.158899692253         1.184936040249         1.197354395810         1.195306612409         1.178804140171         1.148723898033         1.106769899462         1.055396317057         0.997687334568         0.937191413023         0.877677323512         0.822789683133         0.775444343118         0.736948332341         0.705446279831         0.674026176090         0.626581433386         0.514926783771         0.000000000000
        0.813741456476         0.762155837824         0.766983279224         0.773986979754         0.809181478855         0.852551287618         0.905516113680         0.962037149055         1.019318233292         1.073377052920         1.120919574344         1.158899692259         1.184936040253         1.197354395812         1.195306612409         1.178804140169         1.148723898030         1.106769899457         1.055396317053         0.997687334563         0.937191413018         0.877677323506         0.822789683130         0.775444343117         0.736948332340         0.705446279831         0.674026176091         0.626581433386         0.514926783771         0.000000000000
        0.813741456476         0.762155837824         0.766983279225         0.773986979756         0.809181478857         0.852551287621         0.905516113683         0.962037149058         1.019318233295         1.073377052923         1.120919574346         1.158899692261         1.184936040255         1.197354395813         1.195306612409         1.178804140168         1.148723898028         1.106769899455         1.055396317051         0.997687334562         0.937191413016         0.877677323504         0.822789683129         0.775444343117         0.736948332340         0.705446279831         0.674026176091         0.626581433386         0.514926783771         0.000000000000
        0.813741456476         0.762155837825         0.766983279226         0.773986979756         0.809181478858         0.852551287621         0.905516113684         0.962037149059         1.019318233296         1.073377052923         1.120919574347         1.158899692261         1.184936040255         1.197354395813         1.195306612408         1.178804140168         1.148723898028         1.106769899454         1.055396317051         0.997687334561         0.937191413015         0.877677323502         0.822789683129         0.775444343117         0.736948332340         0.705446279831         0.674026176091         0.626581433386         0.514926783771         0.000000000000
        0.813741456477         0.762155837825         0.766983279226         0.773986979756         0.809181478858         0.852551287621         0.905516113684         0.962037149058         1.019318233295         1.073377052923         1.120919574347         1.158899692261         1.184936040255         1.197354395813         1.195306612409         1.178804140168         1.148723898028         1.106769899454         1.055396317051         0.997687334562         0.937191413015         0.877677323502         0.822789683129         0.775444343117         0.736948332340         0.705446279831         0.674026176091         0.626581433386         0.514926783771         0.000000000000
        0.813741456476         0.762155837825         0.766983279226         0.773986979756         0.809181478858         0.852551287622         0.905516113684         0.962037149059         1.019318233296         1.073377052924         1.120919574347         1.158899692262         1.184936040255         1.197354395813         1.195306612408         1.178804140167         1.148723898027         1.106769899453         1.055396317050         0.997687334560         0.937191413014         0.877677323501         0.822789683128         0.775444343117         0.736948332340         0.705446279831         0.674026176091         0.626581433386         0.514926783771         0.000000000000
        0.813741456476         0.762155837825         0.766983279225         0.773986979756         0.809181478858         0.852551287621         0.905516113683         0.962037149058         1.019318233295         1.073377052923         1.120919574346         1.158899692261         1.184936040255         1.197354395812         1.195306612408         1.178804140167         1.148723898027         1.106769899454         1.055396317051         0.997687334561         0.937191413015         0.877677323502         0.822789683129         0.775444343117         0.736948332340         0.705446279831         0.674026176091         0.626581433386         0.514926783771         0.000000000000
        0.813741456477         0.762155837824         0.766983279225         0.773986979755         0.809181478857         0.852551287620         0.905516113683         0.962037149057         1.019318233294         1.073377052922         1.120919574346         1.158899692260         1.184936040255         1.197354395812         1.195306612408         1.178804140168         1.148723898028         1.106769899454         1.055396317051         0.997687334562         0.937191413015         0.877677323502         0.822789683129         0.775444343117         0.736948332340         0.705446279831         0.674026176091         0.626581433386         0.514926783771         0.000000000000
        0.813741456476         0.762155837825         0.766983279226         0.773986979756         0.809181478858         0.852551287621         0.905516113683         0.962037149058         1.019318233295         1.073377052923         1.120919574347         1.158899692261         1.184936040255         1.197354395812         1.195306612408         1.178804140167         1.148723898027         1.106769899453         1.055396317050         0.997687334560         0.937191413014         0.877677323501         0.822789683128         0.775444343117         0.736948332340         0.705446279831         0.674026176091         0.626581433386         0.514926783771         0.000000000000
        0.813741456476         0.762155837824         0.766983279225         0.773986979755         0.809181478857         0.852551287620         0.905516113682         0.962037149057         1.019318233294         1.073377052922         1.120919574346         1.158899692261         1.184936040254         1.197354395812         1.195306612408         1.178804140167         1.148723898027         1.106769899454         1.055396317050         0.997687334561         0.937191413014         0.877677323502         0.822789683129         0.775444343117         0.736948332340         0.705446279831         0.674026176091         0.626581433386         0.514926783771         0.000000000000
        0.813741456476         0.762155837824         0.766983279225         0.773986979754         0.809181478856         0.852551287618         0.905516113680         0.962037149055         1.019318233293         1.073377052921         1.120919574344         1.158899692259         1.184936040254         1.197354395812         1.195306612408         1.178804140168         1.148723898028         1.106769899455         1.055396317052         0.997687334562         0.937191413016         0.877677323503         0.822789683129         0.775444343117         0.736948332341         0.705446279831         0.674026176091         0.626581433386         0.514926783771         0.000000000000
        0.813750164013         0.762181959262         0.767023899976         0.774037356296         0.809236966178         0.852609159316         0.905573657135         0.962092403614         1.019369641423         1.073423619476         1.120961096416         1.158936918745         1.184970070551         1.197386781607         1.195339164099         1.178838307666         1.148761004723         1.106810820130         1.055441286512         0.997735822390         0.937242078334         0.877728678537         0.822839575088         0.775490289402         0.736988278872         0.705479283215         0.674052526661         0.626602051826         0.514942034525         0.000000000000
        0.813750328762         0.762182513550         0.767024831000         0.774038681141         0.809238610511         0.852611044890         0.905575705321         0.962094517847         1.019371720835         1.073425580779         1.120962870428         1.158938466638         1.184971382352         1.197387884569         1.195340112679         1.178839175727         1.148761869409         1.106811760372         1.055442354631         0.997737041519         0.937243440719         0.877730140091         0.822841081496         0.775491811768         0.736989834307         0.705480953997         0.674054354326         0.626604021459         0.514943900427         0.000000000000
        0.813750336856         0.762182537716         0.767024870170         0.774038735704         0.809238675378         0.852611114723         0.905575779349         0.962094591687         1.019371792397         1.073425647882         1.120962930394         1.158938520012         1.184971428173         1.197387922056         1.195340142237         1.178839199786         1.148761891122         1.106811783073         1.055442381501         0.997737074714         0.937243483775         0.877730194779         0.822841148486         0.775491893434         0.736989929748         0.705481065623         0.674054476453         0.626604147550         0.514944014719         0.000000000000
        0.813750337535         0.762182539553         0.767024872952         0.774038739441         0.809238679620         0.852611119233         0.905575784291         0.962094596573         1.019371796874         1.073425651514         1.120962933585         1.158938522860         1.184971431133         1.197387925116         1.195340145011         1.178839202244         1.148761893071         1.106811785345         1.055442384690         0.997737078910         0.937243488739         0.877730201047         0.822841156277         0.775491903589         0.736989942228         0.705481080050         0.674054491878         0.626604163748         0.514944029475         0.000000000000
        0.813750337627         0.762182539859         0.767024873470         0.774038740194         0.809238680553         0.852611120291         0.905575785497         0.962094597840         1.019371798119         1.073425652574         1.120962934582         1.158938523742         1.184971431862         1.197387925731         1.195340145632         1.178839202597         1.148761893223         1.106811785487         1.055442384857         0.997737079271         0.937243489486         0.877730201957         0.822841157425         0.775491905033         0.736989944043         0.705481082240         0.674054494301         0.626604166254         0.514944031748         0.000000000000
        0.813750337638         0.762182539890         0.767024873515         0.774038740251         0.809238680617         0.852611120351         0.905575785564         0.962094597901         1.019371798180         1.073425652618         1.120962934636         1.158938523789         1.184971431892         1.197387925753         1.195340145669         1.178839202612         1.148761893278         1.106811785550         1.055442384952         0.997737079396         0.937243489642         0.877730202123         0.822841157636         0.775491905292         0.736989944369         0.705481082632         0.674054494736         0.626604166702         0.514944032145         0.000000000000
        0.813750337640         0.762182539896         0.767024873522         0.774038740259         0.809238680625         0.852611120355         0.905575785570         0.962094597904         1.019371798184         1.073425652618         1.120962934640         1.158938523793         1.184971431894         1.197387925754         1.195340145682         1.178839202608         1.148761893317         1.106811785575         1.055442384996         0.997737079454         0.937243489684         0.877730202161         0.822841157682         0.775491905345         0.736989944436         0.705481082710         0.674054494823         0.626604166791         0.514944032222         0.000000000000
        0.813750337641         0.762182539897         0.767024873525         0.774038740262         0.809238680628         0.852611120357         0.905575785573         0.962094597907         1.019371798187         1.073425652620         1.120962934644         1.158938523797         1.184971431897         1.197387925753         1.195340145687         1.178839202601         1.148761893337         1.106811785579         1.055442385007         0.997737079475         0.937243489690         0.877730202164         0.822841157685         0.775491905351         0.736989944446         0.705481082725         0.674054494841         0.626604166810         0.514944032238         0.000000000000
        0.813750337641         0.762182539898         0.767024873526         0.774038740264         0.809238680630         0.852611120359         0.905575785576         0.962094597909         1.019371798190         1.073425652623         1.120962934646         1.158938523799         1.184971431899         1.197387925752         1.195340145689         1.178839202598         1.148761893347         1.106811785578         1.055442385007         0.997737079481         0.937243489688         0.877730202160         0.822841157680         0.775491905347         0.736989944445         0.705481082727         0.674054494845         0.626604166814         0.514944032242         0.000000000000
        0.813750337641         0.762182539898         0.767024873526         0.774038740264         0.809238680630         0.852611120359         0.905575785576         0.962094597908         1.019371798189         1.073425652623         1.120962934647         1.158938523800         1.184971431899         1.197387925751         1.195340145690         1.178839202597         1.148761893353         1.106811785578         1.055442385006         0.997737079484         0.937243489687         0.877730202157         0.822841157676         0.775491905343         0.736989944443         0.705481082726         0.674054494845         0.626604166815         0.514944032243         0.000000000000
        0.813750337641         0.762182539899         0.767024873527         0.774038740264         0.809238680630         0.852611120360         0.905575785576         0.962094597909         1.019371798190         1.073425652624         1.120962934648         1.158938523801         1.184971431900         1.197387925751         1.195340145690         1.178839202595         1.148761893354         1.106811785576         1.055442385003         0.997737079483         0.937243489684         0.877730202153         0.822841157672         0.775491905340         0.736989944440         0.705481082725         0.674054494844         0.626604166815         0.514944032243         0.000000000000
        0.813750337641         0.762182539899         0.767024873527         0.774038740264         0.809238680631         0.852611120360         0.905575785576         0.962094597909         1.019371798190         1.073425652624         1.120962934648         1.158938523801         1.184971431900         1.197387925751         1.195340145691         1.178839202595         1.148761893356         1.106811785576         1.055442385002         0.997737079484         0.937243489683         0.877730202151         0.822841157670         0.775491905338         0.736989944439         0.705481082724         0.674054494844         0.626604166815         0.514944032243         0.000000000000
        0.813750337641         0.762182539899         0.767024873527         0.774038740265         0.809238680632         0.852611120361         0.905575785579         0.962094597912         1.019371798193         1.073425652627         1.120962934651         1.158938523803         1.184971431901         1.197387925751         1.195340145690         1.178839202594         1.148761893354         1.106811785573         1.055442384998         0.997737079480         0.937243489680         0.877730202148         0.822841157667         0.775491905335         0.736989944437         0.705481082723         0.674054494844         0.626604166815         0.514944032243         0.000000000000
        0.813750337641         0.762182539899         0.767024873527         0.774038740265         0.809238680631         0.852611120361         0.905575785577         0.962094597910         1.019371798192         1.073425652626         1.120962934650         1.158938523802         1.184971431901         1.197387925751         1.195340145690         1.178839202594         1.148761893355         1.106811785574         1.055442384999         0.997737079481         0.937243489681         0.877730202148         0.822841157667         0.775491905335         0.736989944437         0.705481082723         0.674054494844         0.626604166815         0.514944032243         0.000000000000
        0.813750337641         0.762182539899         0.767024873527         0.774038740265         0.809238680631         0.852611120360         0.905575785577         0.962094597910         1.019371798191         1.073425652625         1.120962934649         1.158938523802         1.184971431900         1.197387925751         1.195340145691         1.178839202595         1.148761893356         1.106811785575         1.055442384999         0.997737079482         0.937243489681         0.877730202148         0.822841157667         0.775491905335         0.736989944437         0.705481082723         0.674054494844         0.626604166815         0.514944032243         0.000000000000
        0.813750337641         0.762182539899         0.767024873527         0.774038740265         0.809238680632         0.852611120361         0.905575785578         0.962094597911         1.019371798192         1.073425652626         1.120962934650         1.158938523803         1.184971431901         1.197387925751         1.195340145691         1.178839202594         1.148761893355         1.106811785574         1.055442384998         0.997737079480         0.937243489679         0.877730202147         0.822841157666         0.775491905334         0.736989944436         0.705481082722         0.674054494844         0.626604166815         0.514944032243         0.000000000000
        0.813750460189         0.762182920712         0.767025472228         0.774039468526         0.809239487747         0.852611958859         0.905576619763         0.962095407282         1.019372563081         1.073426360037         1.120963583135         1.158939120015         1.184971990922         1.197388469148         1.195340695049         1.178839778105         1.148762511973         1.106812456960         1.055443111212         0.997737855168         0.937244299140         0.877731020457         0.822841952255         0.775492647147         0.736990613209         0.705481661743         0.674054974496         0.626604541528         0.514944294612         0.000000000000
        0.813750470800         0.762182955328         0.767025534937         0.774039559297         0.809239600705         0.852612086160         0.905576754104         0.962095540602         1.019372690789         1.073426476033         1.120963683998         1.158939205007         1.184972061626         1.197388527906         1.195340745100         1.178839823267         1.148762556774         1.106812505628         1.055443166776         0.997737919431         0.937244373565         0.877731105879         0.822842048886         0.775492753129         0.736990723094         0.705481771871         0.674055082322         0.626604645298         0.514944387620         0.000000000000
        0.813750471824         0.762182958087         0.767025539526         0.774039565809         0.809239608792         0.852612094931         0.905576763266         0.962095549382         1.019372699129         1.073426483538         1.120963690309         1.158939209837         1.184972064996         1.197388529854         1.195340745800         1.178839822817         1.148762555420         1.106812503777         1.055443164936         0.997737918203         0.937244373736         0.877731108350         0.822842054294         0.775492761347         0.736990733152         0.705481783024         0.674055093722         0.626604656626         0.514944398292         0.000000000000
        0.813750471938         0.762182958290         0.767025539779         0.774039566121         0.809239609140         0.852612095204         0.905576763502         0.962095549518         1.019372699240         1.073426483631         1.120963690399         1.158939209822         1.184972064883         1.197388529616         1.195340745429         1.178839822290         1.148762554738         1.106812502979         1.055443164100         0.997737917415         0.937244373161         0.877731108178         0.822842054640         0.775492762200         0.736990734392         0.705481784531         0.674055095319         0.626604658212         0.514944399812         0.000000000000
        0.813750471952         0.762182958293         0.767025539760         0.774039566077         0.809239609069         0.852612095090         0.905576763361         0.962095549346         1.019372699064         1.073426483467         1.120963690255         1.158939209694         1.184972064771         1.197388529516         1.195340745339         1.178839822199         1.148762554640         1.106812502876         1.055443163998         0.997737917325         0.937244373107         0.877731108191         0.822842054735         0.775492762375         0.736990734632         0.705481784817         0.674055095622         0.626604658510         0.514944400090         0.000000000000
        0.813750471954         0.762182958288         0.767025539743         0.774039566046         0.809239609024         0.852612095028         0.905576763287         0.962095549261         1.019372698978         1.073426483387         1.120963690184         1.158939209635         1.184972064727         1.197388529486         1.195340745323         1.178839822194         1.148762554643         1.106812502885         1.055443164012         0.997737917344         0.937244373134         0.877731108229         0.822842054785         0.775492762435         0.736990734701         0.705481784891         0.674055095696         0.626604658581         0.514944400154         0.000000000000
        0.813750471955         0.762182958285         0.767025539736         0.774039566034         0.809239609006         0.852612095004         0.905576763258         0.962095549228         1.019372698945         1.073426483355         1.120963690156         1.158939209613         1.184972064711         1.197388529477         1.195340745320         1.178839822197         1.148762554650         1.106812502895         1.055443164023         0.997737917355         0.937244373146         0.877731108245         0.822842054805         0.775492762459         0.736990734724         0.705481784914         0.674055095722         0.626604658607         0.514944400174         0.000000000000
        0.813750471955         0.762182958284         0.767025539732         0.774039566028         0.809239608998         0.852612094994         0.905576763246         0.962095549215         1.019372698931         1.073426483342         1.120963690145         1.158939209603         1.184972064704         1.197388529473         1.195340745320         1.178839822199         1.148762554655         1.106812502902         1.055443164030         0.997737917361         0.937244373153         0.877731108252         0.822842054812         0.775492762466         0.736990734731         0.705481784921         0.674055095728         0.626604658613         0.514944400179         0.000000000000
        0.813750471589         0.762182957309         0.767025538345         0.774039564276         0.809239607045         0.852612093077         0.905576761498         0.962095547613         1.019372697426         1.073426481977         1.120963688852         1.158939208394         1.184972063511         1.197388528319         1.195340744189         1.178839821101         1.148762553582         1.106812501838         1.055443162950         0.997737916254         0.937244372036         0.877731107156         0.822842053750         0.775492761429         0.736990733694         0.705481783969         0.674055094915         0.626604657978         0.514944399683         0.000000000000
        0.813750473541         0.762182963304         0.767025547847         0.774039576168         0.809239620462         0.852612107303         0.905576775897         0.962095561969         1.019372711389         1.073426495181         1.120963701344         1.158939220363         1.184972075128         1.197388539827         1.195340755859         1.178839833221         1.148762566321         1.106812515263         1.055443177088         0.997737930923         0.937244386888         0.877731121840         0.822842068005         0.775492774840         0.736990745940         0.705481794770         0.674055103835         0.626604664948         0.514944404415         0.000000000000
        0.813750473831         0.762182964133         0.767025549331         0.774039578209         0.809239622844         0.852612109841         0.905576778560         0.962095564373         1.019372713525         1.073426497186         1.120963703174         1.158939221896         1.184972076350         1.197388540785         1.195340756653         1.178839833947         1.148762567064         1.106812516107         1.055443178129         0.997737932313         0.937244388584         0.877731123910         0.822842070324         0.775492777279         0.736990748304         0.705481797033         0.674055105966         0.626604666942         0.514944406138         0.000000000000
        0.813750473855         0.762182964161         0.767025549341         0.774039578199         0.809239622810         0.852612109771         0.905576778475         0.962095564258         1.019372713393         1.073426497072         1.120963703102         1.158939221857         1.184972076329         1.197388540760         1.195340756616         1.178839833892         1.148762566992         1.106812516023         1.055443178043         0.997737932246         0.937244388563         0.877731123945         0.822842070412         0.775492777408         0.736990748467         0.705481797225         0.674055106170         0.626604667152         0.514944406337         0.000000000000
        0.813750473856         0.762182964156         0.767025549325         0.774039578173         0.809239622776         0.852612109727         0.905576778427         0.962095564207         1.019372713341         1.073426497026         1.120963703067         1.158939221833         1.184972076313         1.197388540749         1.195340756607         1.178839833881         1.148762566979         1.106812516008         1.055443178026         0.997737932230         0.937244388552         0.877731123940         0.822842070412         0.775492777414         0.736990748480         0.705481797245         0.674055106192         0.626604667175         0.514944406360         0.000000000000
