        0.685165575325         0.647207456228         0.647718700477         0.630920174247         0.613585240318         0.597163886604         0.583886114984         0.580526116018         0.584490818919         0.584893174268         0.581433282202         0.578764022268         0.577945250642         0.579453200881         0.580728432230         0.581951646708         0.582288088518         0.582597200715         0.583228403344         0.586288471632         0.593554276787         0.605589771083         0.619924322185         0.631480305036         0.635217089792         0.631483548423         0.621647424554         0.598280610271         0.499825691250         0.000000000000
        0.769579874240         0.746293438174         0.788138259753         0.807051143279         0.834341890299         0.834730485785         0.815143976985         0.781230890452         0.748514090640         0.728359583208         0.725278249332         0.736101553868         0.753363627923         0.768382892451         0.774403414233         0.768663579866         0.753675265601         0.736816294753         0.728140560704         0.735733214064         0.760859347710         0.795659258098         0.824842536180         0.832130850490         0.808844389886         0.760800255812         0.702159986048         0.638017106977         0.517750976999         0.000000000000
        0.801708162608         0.781535037141         0.835881314009         0.866582949465         0.909513744596         0.920939233242         0.904997254344         0.866697834976         0.825303520776         0.799006798588         0.797905315075         0.819822138085         0.852390929051         0.879001041679         0.886037965962         0.869803952390         0.837884731918         0.805594000478         0.789270340653         0.798083179699         0.829542444337         0.869522157312         0.897727533813         0.895949751091         0.857940483644         0.793585967969         0.721312866356         0.647124478208         0.521910865950         0.000000000000
        0.823271827181         0.805144742243         0.867501530376         0.905357425848         0.957942881458         0.976556775327         0.963884511601         0.924460630344         0.879572555985         0.850973961823         0.851413815933         0.879308009403         0.920091302294         0.953287419997         0.961626110681         0.940211779641         0.899195003768         0.858293237212         0.837369287436         0.846468666183         0.881167204489         0.923608715975         0.950320628270         0.941737439774         0.893202469503         0.817291155626         0.735301121143         0.653851546532         0.525006615330         0.000000000000
        0.835731622036         0.819008006879         0.885965003421         0.927751641239         0.985534502738         1.007881900140         0.997023855086         0.957072284636         0.910482946877         0.880795312454         0.882151549840         0.913252401074         0.958340340648         0.994957479279         1.004059749127         0.980253748152         0.935005181723         0.890032651057         0.866869497660         0.876023985464         0.912190391082         0.955868282433         0.981390505485         0.968762003225         0.914104075294         0.831477226293         0.743781453876         0.657976128053         0.526916144101         0.000000000000
        0.841774094040         0.825789155976         0.894979086172         0.938631905314         0.998841728021         1.022912876063         1.012929730387         0.972785370136         0.925464962606         0.895298517885         0.897075263478         0.929689183207         0.976784052048         1.015003655170         1.024549763169         0.999801986569         0.952785403639         0.905990571298         0.881896860293         0.890951333280         0.927716179765         0.971788657230         0.996658253241         0.982084276465         0.924508600050         0.838618480404         0.748092873270         0.660088258090         0.527895372566         0.000000000000
        0.844446728900         0.828801755352         0.898981729290         0.943457900128         1.004723765232         1.029567716076         1.019974108576         0.979784940648         0.932238355882         0.901929417262         0.903832338161         0.937042199749         0.984918423227         1.023756051864         1.033448459421         1.008234242031         0.960412577075         0.912797674529         0.888258219226         0.897243861798         0.934285413682         0.978571544877         1.003234743185         0.987880744730         0.929086108478         0.841792323616         0.750019529862         0.661032594903         0.528327163955         0.000000000000
        0.852275045673         0.846079303897         0.922618606417         0.970114127457         1.033860438243         1.063446547462         1.063627882640         1.037202362652         1.003712876595         0.982313686905         0.984749438321         1.010084729382         1.045649742546         1.073649065102         1.079354117342         1.058376313151         1.019158928827         0.978973548197         0.955677179527         0.958755458399         0.984048963769         1.014742044771         1.027930417686         1.004832163272         0.941493839377         0.850786076086         0.755728691232         0.663737614150         0.529290774714         0.000000000000
        0.853190913378         0.848249440838         0.925687450480         0.973784329928         1.038288418082         1.069177797407         1.071555897798         1.048093198401         1.017768266299         0.998716608824         1.002045340469         1.026717305639         1.060755328345         1.087186347556         1.092315501205         1.072254942019         1.035013887025         0.996760518804         0.974115990289         0.975965077019         0.998454478664         1.025482424045         1.035117024189         1.009433147770         0.944567941993         0.852959458514         0.757159859734         0.664444296896         0.529560406880         0.000000000000
        0.853248003800         0.848394668963         0.925931526254         0.974072239914         1.038647709604         1.069619653269         1.072159130216         1.048910692961         1.018801174614         0.999906553237         1.003290959989         1.027925135482         1.061875795365         1.088242492895         1.093378138830         1.073410684102         1.036301363408         0.998163369159         0.975538462846         0.977266907773         0.999521500188         1.026267733480         1.035643445391         1.009775385128         0.944787684240         0.853112158411         0.757269256017         0.664508008900         0.529596610898         0.000000000000
        0.853250925051         0.848415232948         0.925959541783         0.974103274153         1.038681490000         1.069658245162         1.072208081466         1.048977686479         1.018888000139         1.000010885637         1.003404244711         1.028039367922         1.061985121983         1.088349891512         1.093490958445         1.073535458678         1.036441439755         0.998316943194         0.975700749542         0.977420034594         0.999655896516         1.026375527756         1.035715324372         1.009812656381         0.944808645861         0.853129836302         0.757282433086         0.664513221447         0.529601834693         0.000000000000
        0.853252516704         0.848417189155         0.925961610076         0.974105603547         1.038686087182         1.069666786787         1.072222002950         1.048997736444         1.018912506689         1.000037440436         1.003429974914         1.028063378214         1.062008720159         1.088377793378         1.093528477500         1.073585623711         1.036505581015         0.998391097178         0.975781792180         0.977499695105         0.999726979576         1.026436244093         1.035763412137         1.009849481556         0.944837310690         0.853150787468         0.757296217549         0.664519367695         0.529603620379         0.000000000000
        0.853252886700         0.848418385384         0.925963360207         0.974107659013         1.038688266686         1.069669280942         1.072225170344         1.049002289404         1.018918648171         1.000045074413         1.003438442510         1.028072094335         1.062017449728         1.088387475916         1.093540393159         1.073600947578         1.036525320572         0.998414898840         0.975808937414         0.977527161016         0.999752459740         1.026460744383         1.035784338035         1.009864135983         0.944846870415         0.853157118858         0.757300531963         0.664521519868         0.529604341700         0.000000000000
        0.853252991358         0.848418806987         0.925963992087         0.974108390655         1.038688957696         1.069669952452         1.072225899434         1.049003295116         1.018919995306         1.000046759676         1.003440291086         1.028073979656         1.062019403106         1.088389928827         1.093543719112         1.073605365882         1.036531047882         0.998421439657         0.975815973399         0.977533836316         0.999758161503         1.026465252945         1.035787467079         1.009865890845         0.944847958170         0.853157726626         0.757301042626         0.664521805969         0.529604491477         0.000000000000
        0.853479469665         0.848939887747         0.926726628960         0.975052539122         1.039937724663         1.071424762414         1.074781305902         1.052507376894         1.023314731914         1.005065613516         1.008683073047         1.033118110613         1.066603446721         1.092516738423         1.097395125862         1.077448294983         1.040485461218         1.002406434117         0.979576816468         0.980752325617         1.002181217587         1.028046416906         1.036691471703         1.010358997932         0.945136381422         0.853336912233         0.757386197592         0.664518200055         0.529563863192         0.000000000000
        0.853512780839         0.849021763615         0.926844463521         0.975195715474         1.040132862834         1.071705713624         1.075211036165         1.053129729777         1.024108109620         1.006009718534         1.009710121396         1.034160930221         1.067620923601         1.093521151287         1.098415441286         1.078501071461         1.041589698010         1.003527534213         0.980648855050         0.981681611554         1.002908162105         1.028537824982         1.036991385820         1.010532220173         0.945246024212         0.853414742598         0.757434319309         0.664537414244         0.529564179929         0.000000000000
        0.853516987844         0.849032133067         0.926859400570         0.975213625226         1.040156559415         1.071740105292         1.075263937752         1.053207412779         1.024208284185         1.006131568616         1.009845294745         1.034300597800         1.067763556378         1.093672767546         1.098578642930         1.078679365696         1.041773877716         1.003708982357         0.980819750785         0.981829201383         1.003021976741         1.028615749773         1.037039371187         1.010561020807         0.945265302570         0.853428715832         0.757443299021         0.664541366246         0.529564835420         0.000000000000
        0.853519114779         0.849038071481         0.926868081730         0.975223984338         1.040169118466         1.071756882725         1.075288787134         1.053243455138         1.024256159437         1.006189453285         1.009909286936         1.034369102813         1.067828502271         1.093726863967         1.098627509935         1.078727529800         1.041822379370         1.003756664418         0.980864018899         0.981866810201         1.003050315570         1.028634605289         1.037050143878         1.010566067678         0.945267204813         0.853429302402         0.757443537873         0.664541500506         0.529564989769         0.000000000000
        0.853519698941         0.849039759569         0.926870577964         0.975226975822         1.040172706196         1.071761570746         1.075295705012         1.053253601049         1.024270121546         1.006206948165         1.009928392047         1.034389411525         1.067849923430         1.093748817702         1.098647878996         1.078747407231         1.041842475194         1.003776752184         0.980882991053         0.981883170559         1.003062795926         1.028642970272         1.037054892943         1.010568225186         0.945267931815         0.853429447644         0.757443566908         0.664541530398         0.529565064344         0.000000000000
        0.853519767342         0.849039928581         0.926870821640         0.975227269188         1.040173100429         1.071762131322         1.075296573449         1.053254791277         1.024271706673         1.006208922986         1.009930465703         1.034391444146         1.067851886470         1.093750730989         1.098649780652         1.078749391148         1.041844606906         1.003778992614         0.980885175423         0.981885092576         1.003064247532         1.028643956332         1.037055472395         1.010568523768         0.945268081902         0.853429529190         0.757443615051         0.664541554571         0.529565077660         0.000000000000
        0.853519784411         0.849039973641         0.926870886081         0.975227344752         1.040173198124         1.071762261395         1.075296769496         1.053255015970         1.024271994089         1.006209276121         1.009930810189         1.034391762715         1.067852198977         1.093751050866         1.098650120789         1.078749774077         1.041845047806         1.003779481858         0.980885652678         0.981885512322         1.003064555701         1.028644169146         1.037055598562         1.010568589263         0.945268114516         0.853429546341         0.757443624801         0.664541559343         0.529565080315         0.000000000000
        0.853519791597         0.849039992083         0.926870912080         0.975227374875         1.040173237772         1.071762313865         1.075296848976         1.053255095882         1.024272093162         1.006209394030         1.009930914787         1.034391852568         1.067852290274         1.093751155617         1.098650243609         1.078749923275         1.041845229911         1.003779692959         0.980885853286         0.981885683553         1.003064676995         1.028644251973         1.037055647586         1.010568615757         0.945268128947         0.853429554722         0.757443629627         0.664541561529         0.529565081213         0.000000000000
        0.853519795090         0.849039999969         0.926870922886         0.975227387405         1.040173256163         1.071762340116         1.075296890534         1.053255136631         1.024272142739         1.006209450716         1.009930961698         1.034391890654         1.067852329415         1.093751204660         1.098650305592         1.078750001527         1.041845327904         1.003779808621         0.980885959698         0.981885770902         1.003064736653         1.028644291519         1.037055671123         1.010568629856         0.945268138389         0.853429561368         0.757443633707         0.664541563302         0.529565081646         0.000000000000
        0.853519797079         0.849040003335         0.926870927220         0.975227392446         1.040173265057         1.071762354299         1.075296914191         1.053255160405         1.024272171342         1.006209482308         1.009930986911         1.034391910491         1.067852349724         1.093751231356         1.098650340875         1.078750046835         1.041845385224         1.003779876653         0.980886020591         0.981885819167         1.003064768588         1.028644311971         1.037055683429         1.010568638121         0.945268144966         0.853429566569         0.757443637016         0.664541564724         0.529565081891         0.000000000000
        0.853519798092         0.849040004606         0.926870928705         0.975227394215         1.040173269373         1.071762362183         1.075296928046         1.053255174884         1.024272188631         1.006209500888         1.009931001492         1.034391921779         1.067852361179         1.093751246774         1.098650361800         1.078750073936         1.041845419674         1.003779917563         0.980886056427         0.981885846757         1.003064786365         1.028644322975         1.037055690139         1.010568643131         0.945268149477         0.853429570379         0.757443639486         0.664541565782         0.529565082038         0.000000000000
        0.853519798664         0.849040005037         0.926870929063         0.975227394668         1.040173271471         1.071762366635         1.075296936244         1.053255183798         1.024272199211         1.006209512011         1.009931010151         1.034391928417         1.067852367847         1.093751255860         1.098650374350         1.078750090284         1.041845440529         1.003779942303         0.980886077743         0.981885862782         1.003064796471         1.028644329038         1.037055693893         1.010568646206         0.945268152497         0.853429573035         0.757443641228         0.664541566527         0.529565082128         0.000000000000
        0.853519798958         0.849040005055         0.926870928924         0.975227394547         1.040173272420         1.071762369131         1.075296941094         1.053255189273         1.024272205672         1.006209518670         1.009931015292         1.034391932316         1.067852371722         1.093751261197         1.098650381841         1.078750100107         1.041845453123         1.003779957243         0.980886090457         0.981885872157         1.003064802294         1.028644332442         1.037055696043         1.010568648113         0.945268154490         0.853429574833         0.757443642415         0.664541567036         0.529565082184         0.000000000000
        0.853519799114         0.849040004967         0.926870928703         0.975227394315         1.040173272858         1.071762370550         1.075296943962         1.053255192610         1.024272209581         1.006209522621         1.009931018305         1.034391934566         1.067852373926         1.093751264267         1.098650386222         1.078750105905         1.041845460624         1.003779966210         0.980886098037         0.981885877679         1.003064805737         1.028644334438         1.037055697347         1.010568649336         0.945268155810         0.853429576041         0.757443643218         0.664541567381         0.529565082222         0.000000000000
        0.853519799210         0.849040004821         0.926870928391         0.975227393972         1.040173272958         1.071762371304         1.075296945636         1.053255194624         1.024272211910         1.006209524904         1.009931019980         1.034391935757         1.067852375061         1.093751265899         1.098650388621         1.078750109156         1.041845464916         1.003779971544         0.980886102563         0.981885880993         1.003064807935         1.028644335762         1.037055698276         1.010568650219         0.945268156748         0.853429576895         0.757443643789         0.664541567629         0.529565082250         0.000000000000
        0.853519799238         0.849040004632         0.926870928077         0.975227393619         1.040173272903         1.071762371689         1.075296946614         1.053255195831         1.024272213267         1.006209526156         1.009931020806         1.034391936262         1.067852375487         1.093751266571         1.098650389665         1.078750110675         1.041845467040         1.003779974694         0.980886105337         0.981885883164         1.003064809723         1.028644336990         1.037055699234         1.010568651071         0.945268157571         0.853429577619         0.757443644275         0.664541567846         0.529565082282         0.000000000000
        0.853519799243         0.849040004328         0.926870927561         0.975227393034         1.040173272589         1.071762371776         1.075296947183         1.053255196588         1.024272214052         1.006209526746         1.009931021016         1.034391936210         1.067852375315         1.093751266450         1.098650389567         1.078750110782         1.041845467416         1.003779976611         0.980886107264         0.981885885014         1.003064811945         1.028644338761         1.037055700731         1.010568652295         0.945268158619         0.853429578494         0.757443644867         0.664541568118         0.529565082331         0.000000000000
        0.853519799187         0.849040003768         0.926870926675         0.975227392026         1.040173271922         1.071762371605         1.075296947556         1.053255197166         1.024272214543         1.006209526887         1.009931020696         1.034391935598         1.067852374490         1.093751265457         1.098650388139         1.078750109289         1.041845465825         1.003779978003         0.980886109154         0.981885887464         1.003064815897         1.028644342153         1.037055703673         1.010568654593         0.945268160453         0.853429579972         0.757443645868         0.664541568587         0.529565082428         0.000000000000
        0.853519799075         0.849040002655         0.926870924916         0.975227390020         1.040173270510         1.071762371056         1.075296947901         1.053255197852         1.024272214993         1.006209526669         1.009931019732         1.034391934177         1.067852372659         1.093751263127         1.098650384589         1.078750105293         1.041845461152         1.003779979572         0.980886112058         0.981885891938         1.003064823976         1.028644349230         1.037055709832         1.010568659326         0.945268164138         0.853429582903         0.757443647853         0.664541569523         0.529565082629         0.000000000000
        0.853519798800         0.849040000426         0.926870921441         0.975227386057         1.040173267682         1.071762369877         1.075296948407         1.053255199017         1.024272215674         1.006209526067         1.009931017779         1.034391931393         1.067852369074         1.093751258428         1.098650377141         1.078750096676         1.041845450724         1.003779982215         0.980886117729         0.981885900917         1.003064840784         1.028644364027         1.037055722688         1.010568669135         0.945268171705         0.853429588890         0.757443651907         0.664541571439         0.529565083046         0.000000000000
        0.853519798304         0.849039996145         0.926870914695         0.975227378363         1.040173262163         1.071762367512         1.075296949249         1.053255201132         1.024272216884         1.006209524900         1.009931014168         1.034391926276         1.067852362431         1.093751249497         1.098650362490         1.078750079352         1.041845429264         1.003779987068         0.980886129207         0.981885918367         1.003064874433         1.028644393750         1.037055748443         1.010568688678         0.945268186682         0.853429600694         0.757443659895         0.664541575216         0.529565083874         0.000000000000
        0.853519797383         0.849039988650         0.926870902969         0.975227364990         1.040173252519         1.071762363254         1.075296950451         1.053255204487         1.024272218715         1.006209522794         1.009931008124         1.034391917831         1.067852351303         1.093751233945         1.098650335874         1.078750046945         1.041845388147         1.003779994915         0.980886151056         0.981885948858         1.003064936402         1.028644448835         1.037055796016         1.010568724506         0.945268213880         0.853429622005         0.757443674299         0.664541582033         0.529565085385         0.000000000000
        0.854172032757         0.850696178936         0.929130366226         0.977788054507         1.043074772893         1.075191543894         1.079629370125         1.058744678155         1.030920966181         1.013638937355         1.017611259076         1.041849933171         1.074826370172         1.100270121733         1.104979146549         1.085220238517         1.048654236832         1.010825458844         0.987767739903         0.988098308638         1.008167540774         1.032489879731         1.039814248846         1.012597982712         0.946909303934         0.854844933980         0.758607556929         0.665352185091         0.530073472629         0.000000000000
        0.854188905477         0.850739609323         0.929192200107         0.977862164205         1.043172566003         1.075317055107         1.079800858960         1.058968588877         1.031199758765         1.013964528120         1.017969807555         1.042227054638         1.075214926009         1.100669008344         1.105392203231         1.085652718217         1.049105297057         1.011282293408         0.988206960982         0.988491894174         1.008491786084         1.032733749335         1.039986611868         1.012720525681         0.947004948666         0.854927821623         0.758680700704         0.665417980143         0.530138138942         0.000000000000
        0.854189808579         0.850741981471         0.929195515464         0.977865989836         1.043177414887         1.075322973537         1.079808575007         1.058978395438         1.031211860508         1.013978753916         1.017985828804         1.042244334865         1.075233071958         1.100687644807         1.105411274747         1.085672276388         1.049125307786         1.011302115154         0.988225681934         0.988508392616         1.008505289580         1.032744018310         1.039994042111         1.012726078598         0.947009648213         0.854932346875         0.758685360684         0.665422481226         0.530142484078         0.000000000000
        0.854189914655         0.850742245491         0.929195874632         0.977866424885         1.043177985924         1.075323704572         1.079809505535         1.058979604976         1.031213345911         1.013980427499         1.017987625297         1.042246129722         1.075234917114         1.100689545314         1.105413262670         1.085674317379         1.049127350119         1.011304101710         0.988227544173         0.988510023954         1.008506619532         1.032745035191         1.039994812618         1.012726724868         0.947010281003         0.854933003678         0.758686024939         0.665423076943         0.530143046751         0.000000000000
        0.854189940437         0.850742312376         0.929195973450         0.977866547049         1.043178125071         1.075323862581         1.079809705026         1.058979853938         1.031213649288         1.013980769493         1.017987991218         1.042246500891         1.075235281262         1.100689894083         1.105413599246         1.085674643743         1.049127669541         1.011304415172         0.988227834189         0.988510279292         1.008506834608         1.032745201013         1.039994932799         1.012726817229         0.947010366973         0.854933102494         0.758686139855         0.665423244289         0.530143213656         0.000000000000
        0.854189941594         0.850742314231         0.929195975931         0.977866550568         1.043178131215         1.075323873164         1.079809724108         1.058979881203         1.031213684881         1.013980809859         1.017988034165         1.042246547253         1.075235330600         1.100689946969         1.105413655434         1.085674701273         1.049127727613         1.011304475268         0.988227891822         0.988510334042         1.008506880611         1.032745238254         1.039994960370         1.012726840060         0.947010388498         0.854933124665         0.758686159150         0.665423262528         0.530143229879         0.000000000000
        0.854189941764         0.850742314522         0.929195976341         0.977866551201         1.043178132267         1.075323875044         1.079809727590         1.058979886447         1.031213691564         1.013980817944         1.017988042803         1.042246556560         1.075235340586         1.100689957829         1.105413666797         1.085674712364         1.049127738165         1.011304485522         0.988227900012         0.988510340594         1.008506887740         1.032745244719         1.039994965362         1.012726844708         0.947010393207         0.854933129689         0.758686162856         0.665423265824         0.530143232462         0.000000000000
        0.854189941819         0.850742314740         0.929195976671         0.977866551608         1.043178132683         1.075323875532         1.079809728298         1.058979887489         1.031213692783         1.013980819624         1.017988044649         1.042246558563         1.075235342790         1.100689960294         1.105413669262         1.085674714647         1.049127740287         1.011304487463         0.988227901317         0.988510341514         1.008506889040         1.032745245950         1.039994966230         1.012726845566         0.947010394104         0.854933130771         0.758686163515         0.665423266539         0.530143233050         0.000000000000
        0.854189941883         0.850742315121         0.929195977254         0.977866552273         1.043178133214         1.075323875901         1.079809728534         1.058979887721         1.031213693009         1.013980820085         1.017988045227         1.042246559247         1.075235343599         1.100689961141         1.105413669731         1.085674714752         1.049127740321         1.011304487213         0.988227900626         0.988510340934         1.008506888725         1.032745245688         1.039994965818         1.012726845058         0.947010393528         0.854933130346         0.758686163165         0.665423266528         0.530143233208         0.000000000000
        0.854189942004         0.850742315849         0.929195978366         0.977866553530         1.043178134201         1.075323876542         1.079809728853         1.058979887944         1.031213693273         1.013980820608         1.017988045950         1.042246560180         1.075235344730         1.100689962211         1.105413670099         1.085674714513         1.049127740120         1.011304486397         0.988227899043         0.988510339703         1.008506887721         1.032745244711         1.039994964605         1.012726843529         0.947010391765         0.854933128755         0.758686162054         0.665423266096         0.530143233226         0.000000000000
        0.854189942169         0.850742316835         0.929195979870         0.977866555230         1.043178135544         1.075323877423         1.079809729318         1.058979888293         1.031213693749         1.013980821420         1.017988047070         1.042246561630         1.075235346477         1.100689963896         1.105413671056         1.085674714822         1.049127740663         1.011304485965         0.988227897386         0.988510338447         1.008506886604         1.032745243502         1.039994963005         1.012726841422         0.947010389296         0.854933126468         0.758686160488         0.665423265432         0.530143233187         0.000000000000
        0.854189942331         0.850742317785         0.929195981319         0.977866556868         1.043178136847         1.075323878299         1.079809729818         1.058979888704         1.031213694315         1.013980822317         1.017988048279         1.042246563181         1.075235348344         1.100689965759         1.105413672392         1.085674715649         1.049127741810         1.011304486027         0.988227896237         0.988510337612         1.008506885789         1.032745242492         1.039994961557         1.012726839458         0.947010386972         0.854933124298         0.758686159008         0.665423264793         0.530143233137         0.000000000000
        0.854189942458         0.850742318508         0.929195982420         0.977866558114         1.043178137854         1.075323879003         1.079809730267         1.058979889116         1.031213694867         1.013980823120         1.017988049317         1.042246564480         1.075235349904         1.100689967357         1.105413673664         1.085674716581         1.049127742988         1.011304486299         0.988227895720         0.988510337281         1.008506885374         1.032745241851         1.039994960544         1.012726838039         0.947010385281         0.854933122712         0.758686157927         0.665423264323         0.530143233098         0.000000000000
        0.854189942547         0.850742318999         0.929195983166         0.977866558960         1.043178138547         1.075323879507         1.079809730620         1.058979889465         1.031213695326         1.013980823754         1.017988050110         1.042246565447         1.075235351057         1.100689968553         1.105413674659         1.085674717362         1.049127743922         1.011304486590         0.988227895583         0.988510337241         1.008506885214         1.032745241494         1.039994959912         1.012726837126         0.947010384182         0.854933121679         0.758686157223         0.665423264016         0.530143233073         0.000000000000
        0.854189942606         0.850742319312         0.929195983640         0.977866559500         1.043178138996         1.075323879846         1.079809730877         1.058979889733         1.031213695673         1.013980824222         1.017988050688         1.042246566135         1.075235351867         1.100689969381         1.105413675366         1.085674717947         1.049127744593         1.011304486833         0.988227895592         0.988510337295         1.008506885159         1.032745241293         1.039994959527         1.012726836562         0.947010383502         0.854933121039         0.758686156787         0.665423263826         0.530143233056         0.000000000000
        0.854189942640         0.850742319485         0.929195983902         0.977866559798         1.043178139253         1.075323880059         1.079809731066         1.058979889951         1.031213695946         1.013980824583         1.017988051149         1.042246566651         1.075235352457         1.100689969927         1.105413675855         1.085674718398         1.049127745087         1.011304487030         0.988227895635         0.988510337346         1.008506885121         1.032745241159         1.039994959291         1.012726836235         0.947010383120         0.854933120684         0.758686156546         0.665423263720         0.530143233047         0.000000000000
        0.854189942655         0.850742319516         0.929195983945         0.977866559851         1.043178139329         1.075323880180         1.079809731254         1.058979890220         1.031213696260         1.013980824989         1.017988051698         1.042246567204         1.075235353040         1.100689970315         1.105413676278         1.085674718909         1.049127745596         1.011304487284         0.988227895726         0.988510337387         1.008506885069         1.032745241047         1.039994959157         1.012726836112         0.947010383016         0.854933120601         0.758686156492         0.665423263696         0.530143233044         0.000000000000
        0.854189942653         0.850742319386         0.929195983737         0.977866559625         1.043178139231         1.075323880281         1.079809731602         1.058979890786         1.031213696916         1.013980825805         1.017988052755         1.042246568258         1.075235354082         1.100689970892         1.105413677090         1.085674719975         1.049127746600         1.011304487990         0.988227896183         0.988510337680         1.008506885183         1.032745241064         1.039994959188         1.012726836242         0.947010383241         0.854933120840         0.758686156658         0.665423263768         0.530143233049         0.000000000000
        0.854189942651         0.850742319148         0.929195983355         0.977866559211         1.043178139050         1.075323880462         1.079809732234         1.058979891823         1.031213698147         1.013980827302         1.017988054551         1.042246570157         1.075235355954         1.100689972069         1.105413678777         1.085674722004         1.049127748506         1.011304489559         0.988227897424         0.988510338626         1.008506885798         1.032745241439         1.039994959496         1.012726836640         0.947010383747         0.854933121336         0.758686156998         0.665423263917         0.530143233063         0.000000000000
        0.854189942654         0.850742318896         0.929195982950         0.977866558773         1.043178138874         1.075323880699         1.079809732991         1.058979893066         1.031213699646         1.013980829108         1.017988056614         1.042246572455         1.075235358215         1.100689973593         1.105413680948         1.085674724466         1.049127750830         1.011304491587         0.988227899147         0.988510340024         1.008506886794         1.032745242097         1.039994959996         1.012726837163         0.947010384345         0.854933121899         0.758686157382         0.665423264085         0.530143233081         0.000000000000
        0.854189942660         0.850742318680         0.929195982598         0.977866558392         1.043178138716         1.075323880904         1.079809733661         1.058979894186         1.031213701002         1.013980830725         1.017988058406         1.042246574533         1.075235360240         1.100689974944         1.105413682900         1.085674726619         1.049127752861         1.011304493407         0.988227900751         0.988510341370         1.008506887790         1.032745242777         1.039994960504         1.012726837664         0.947010384892         0.854933122408         0.758686157727         0.665423264237         0.530143233097         0.000000000000
        0.854189942672         0.850742318533         0.929195982343         0.977866558111         1.043178138577         1.075323881045         1.079809734174         1.058979895097         1.031213702085         1.013980831983         1.017988059771         1.042246576173         1.075235361815         1.100689975938         1.105413684370         1.085674728207         1.049127754352         1.011304494761         0.988227901977         0.988510342427         1.008506888594         1.032745243339         1.039994960931         1.012726838081         0.947010385344         0.854933122827         0.758686158011         0.665423264362         0.530143233111         0.000000000000
        0.854201224397         0.850771392795         0.929236661066         0.977914290770         1.043232414720         1.075386233141         1.079885200541         1.059071370205         1.031321455957         1.014101497580         1.018115639097         1.042374704736         1.075359938875         1.100810297453         1.105531914131         1.085793773483         1.049249042602         1.011426267915         0.988344999315         0.988616367573         1.008596740068         1.032816914503         1.040050381650         1.012771101736         0.947048437129         0.854967651837         0.758716704615         0.665448297588         0.530161733400         0.000000000000
        0.854201374313         0.850771796394         0.929237234660         0.977914994917         1.043233345817         1.075387334182         1.079886603283         1.059073088712         1.031323525593         1.014103881272         1.018118279171         1.042377506521         1.075362824138         1.100813222617         1.105534874975         1.085796786181         1.049252112835         1.011429345411         0.988347967195         0.988619081303         1.008599072112         1.032818827056         1.040051920222         1.012772429690         0.947049736775         0.854969054946         0.758718185896         0.665449807471         0.530163120143         0.000000000000
        0.854201380014         0.850771811500         0.929237255707         0.977915020050         1.043233378444         1.075387369529         1.079886647308         1.059073139873         1.031323585783         1.014103949491         1.018118353169         1.042377584906         1.075362904965         1.100813305374         1.105534958955         1.085796870842         1.049252197906         1.011429430803         0.988348051019         0.988619160730         1.008599145863         1.032818896013         1.040051987545         1.012772500847         0.947049816137         0.854969141656         0.758718274958         0.665449893834         0.530163195216         0.000000000000
        0.854201380713         0.850771813251         0.929237258111         0.977915023064         1.043233382547         1.075387374546         1.079886653725         1.059073147560         1.031323594850         1.014103959455         1.018118363986         1.042377595882         1.075362915887         1.100813315721         1.105534969147         1.085796881198         1.049252208419         1.011429440857         0.988348060433         0.988619168981         1.008599153113         1.032818902426         1.040051993781         1.012772507532         0.947049823922         0.854969150288         0.758718283818         0.665449902463         0.530163202951         0.000000000000
        0.854201380793         0.850771813420         0.929237258338         0.977915023377         1.043233382977         1.075387375093         1.079886654403         1.059073148355         1.031323595689         1.014103960312         1.018118364863         1.042377596766         1.075362916767         1.100813316588         1.105534969961         1.085796882047         1.049252209274         1.011429441709         0.988348061276         0.988619169795         1.008599154012         1.032818903254         1.040051994557         1.012772508358         0.947049824906         0.854969151367         0.758718284927         0.665449903523         0.530163203884         0.000000000000
        0.854201380804         0.850771813439         0.929237258362         0.977915023410         1.043233383021         1.075387375138         1.079886654461         1.059073148419         1.031323595757         1.014103960388         1.018118364943         1.042377596852         1.075362916861         1.100813316686         1.105534970032         1.085796882139         1.049252209370         1.011429441839         0.988348061387         0.988619169908         1.008599154147         1.032818903385         1.040051994683         1.012772508488         0.947049825064         0.854969151541         0.758718285108         0.665449903696         0.530163204038         0.000000000000
        0.854201380806         0.850771813444         0.929237258369         0.977915023419         1.043233383031         1.075387375149         1.079886654476         1.059073148438         1.031323595777         1.014103960412         1.018118364969         1.042377596879         1.075362916890         1.100813316716         1.105534970044         1.085796882163         1.049252209396         1.011429441869         0.988348061422         0.988619169946         1.008599154193         1.032818903424         1.040051994715         1.012772508514         0.947049825095         0.854969151575         0.758718285144         0.665449903731         0.530163204070         0.000000000000
        0.854201380807         0.850771813447         0.929237258372         0.977915023422         1.043233383035         1.075387375154         1.079886654482         1.059073148445         1.031323595785         1.014103960423         1.018118364981         1.042377596891         1.075362916905         1.100813316731         1.105534970048         1.085796882174         1.049252209407         1.011429441883         0.988348061437         0.988619169964         1.008599154214         1.032818903442         1.040051994726         1.012772508521         0.947049825101         0.854969151582         0.758718285152         0.665449903739         0.530163204078         0.000000000000
        0.854201380807         0.850771813448         0.929237258374         0.977915023425         1.043233383038         1.075387375157         1.079886654486         1.059073148450         1.031323595791         1.014103960430         1.018118364990         1.042377596902         1.075362916918         1.100813316745         1.105534970056         1.085796882185         1.049252209415         1.011429441890         0.988348061449         0.988619169966         1.008599154221         1.032818903466         1.040051994740         1.012772508533         0.947049825109         0.854969151589         0.758718285157         0.665449903743         0.530163204080         0.000000000000
        0.854201380808         0.850771813449         0.929237258376         0.977915023427         1.043233383040         1.075387375159         1.079886654489         1.059073148454         1.031323595795         1.014103960435         1.018118364996         1.042377596909         1.075362916928         1.100813316757         1.105534970064         1.085796882194         1.049252209419         1.011429441893         0.988348061457         0.988619169959         1.008599154220         1.032818903489         1.040051994751         1.012772508544         0.947049825116         0.854969151595         0.758718285160         0.665449903745         0.530163204081         0.000000000000
        0.854201380808         0.850771813450         0.929237258376         0.977915023428         1.043233383041         1.075387375161         1.079886654491         1.059073148456         1.031323595797         1.014103960437         1.018118364998         1.042377596912         1.075362916932         1.100813316762         1.105534970067         1.085796882198         1.049252209422         1.011429441895         0.988348061459         0.988619169953         1.008599154219         1.032818903497         1.040051994753         1.012772508547         0.947049825117         0.854969151596         0.758718285161         0.665449903745         0.530163204081         0.000000000000
        0.854201380808         0.850771813450         0.929237258377         0.977915023428         1.043233383041         1.075387375162         1.079886654492         1.059073148458         1.031323595799         1.014103960439         1.018118364999         1.042377596913         1.075362916934         1.100813316764         1.105534970068         1.085796882200         1.049252209424         1.011429441896         0.988348061459         0.988619169950         1.008599154219         1.032818903499         1.040051994753         1.012772508547         0.947049825116         0.854969151596         0.758718285161         0.665449903745         0.530163204080         0.000000000000
        0.854201380808         0.850771813450         0.929237258377         0.977915023428         1.043233383042         1.075387375162         1.079886654492         1.059073148458         1.031323595798         1.014103960438         1.018118364998         1.042377596913         1.075362916935         1.100813316766         1.105534970069         1.085796882202         1.049252209425         1.011429441897         0.988348061459         0.988619169948         1.008599154219         1.032818903500         1.040051994752         1.012772508546         0.947049825116         0.854969151595         0.758718285160         0.665449903745         0.530163204080         0.000000000000
        0.854201380808         0.850771813450         0.929237258377         0.977915023428         1.043233383042         1.075387375163         1.079886654494         1.059073148459         1.031323595798         1.014103960437         1.018118364997         1.042377596913         1.075362916942         1.100813316771         1.105534970073         1.085796882206         1.049252209429         1.011429441900         0.988348061461         0.988619169949         1.008599154220         1.032818903502         1.040051994752         1.012772508546         0.947049825115         0.854969151595         0.758718285160         0.665449903745         0.530163204081         0.000000000000
        0.854201380808         0.850771813450         0.929237258376         0.977915023427         1.043233383041         1.075387375165         1.079886654496         1.059073148463         1.031323595795         1.014103960431         1.018118364990         1.042377596912         1.075362916958         1.100813316786         1.105534970084         1.085796882217         1.049252209439         1.011429441910         0.988348061469         0.988619169953         1.008599154224         1.032818903505         1.040051994754         1.012772508548         0.947049825119         0.854969151600         0.758718285164         0.665449903748         0.530163204084         0.000000000000
        0.854201380809         0.850771813450         0.929237258376         0.977915023426         1.043233383041         1.075387375168         1.079886654501         1.059073148469         1.031323595789         1.014103960418         1.018118364974         1.042377596912         1.075362916999         1.100813316823         1.105534970111         1.085796882244         1.049252209463         1.011429441932         0.988348061488         0.988619169965         1.008599154235         1.032818903513         1.040051994763         1.012772508559         0.947049825141         0.854969151630         0.758718285188         0.665449903769         0.530163204107         0.000000000000
        0.854201540743         0.850772228373         0.929237862016         0.977915731886         1.043234198629         1.075388312107         1.079887775017         1.059074469157         1.031325121937         1.014105646429         1.018120139080         1.042379387381         1.075364674658         1.100815028989         1.105536654229         1.085798565362         1.049253902205         1.011431122572         0.988349677583         0.988620652864         1.008600445047         1.032819979967         1.040052877668         1.012773246307         0.947050469451         0.854969727342         0.758718778437         0.665450290839         0.530163464904         0.000000000000
        0.854201547640         0.850772246194         0.929237889194         0.977915764534         1.043234244555         1.075388363528         1.079887838786         1.059074543475         1.031325208579         1.014105742830         1.018120240014         1.042379488700         1.075364774268         1.100815127899         1.105536755655         1.085798672306         1.049254015241         1.011431238565         0.988349790465         0.988620756537         1.008600536396         1.032820060428         1.040052952333         1.012773318992         0.947050543996         0.854969802903         0.758718852199         0.665450359563         0.530163525905         0.000000000000
        0.854201548106         0.850772247299         0.929237890608         0.977915766012         1.043234246702         1.075388365318         1.079887840850         1.059074545472         1.031325210695         1.014105744893         1.018120241997         1.042379490518         1.075364775937         1.100815129588         1.105536757545         1.085798674573         1.049254017948         1.011431241662         0.988349793817         0.988620759955         1.008600539879         1.032820064245         1.040052956822         1.012773324074         0.947050549761         0.854969808796         0.758718857896         0.665450364827         0.530163530688         0.000000000000
        0.854201548153         0.850772247414         0.929237890737         0.977915766147         1.043234246899         1.075388365457         1.079887841005         1.059074545600         1.031325210830         1.014105745016         1.018120242109         1.042379490609         1.075364776003         1.100815129641         1.105536757606         1.085798674689         1.049254018079         1.011431241844         0.988349794049         0.988620760232         1.008600540201         1.032820064663         1.040052957322         1.012773324635         0.947050550401         0.854969809447         0.758718858521         0.665450365399         0.530163531213         0.000000000000
        0.854201548160         0.850772247431         0.929237890757         0.977915766168         1.043234246929         1.075388365480         1.079887841031         1.059074545623         1.031325210858         1.014105745045         1.018120242139         1.042379490638         1.075364776029         1.100815129666         1.105536757633         1.085798674721         1.049254018120         1.011431241896         0.988349794111         0.988620760304         1.008600540280         1.032820064748         1.040052957415         1.012773324733         0.947050550509         0.854969809554         0.758718858623         0.665450365491         0.530163531294         0.000000000000
        0.854201548161         0.850772247435         0.929237890762         0.977915766174         1.043234246937         1.075388365487         1.079887841040         1.059074545634         1.031325210870         1.014105745060         1.018120242156         1.042379490656         1.075364776048         1.100815129684         1.105536757649         1.085798674736         1.049254018134         1.011431241911         0.988349794125         0.988620760318         1.008600540294         1.032820064763         1.040052957433         1.012773324752         0.947050550530         0.854969809574         0.758718858643         0.665450365510         0.530163531311         0.000000000000
        0.854201548161         0.850772247436         0.929237890763         0.977915766175         1.043234246938         1.075388365488         1.079887841041         1.059074545634         1.031325210871         1.014105745061         1.018120242157         1.042379490657         1.075364776049         1.100815129684         1.105536757649         1.085798674736         1.049254018134         1.011431241911         0.988349794127         0.988620760320         1.008600540297         1.032820064766         1.040052957437         1.012773324757         0.947050550535         0.854969809579         0.758718858648         0.665450365514         0.530163531315         0.000000000000
        0.854201548161         0.850772247436         0.929237890763         0.977915766175         1.043234246938         1.075388365488         1.079887841041         1.059074545635         1.031325210871         1.014105745061         1.018120242157         1.042379490658         1.075364776050         1.100815129685         1.105536757649         1.085798674736         1.049254018135         1.011431241912         0.988349794127         0.988620760321         1.008600540298         1.032820064767         1.040052957439         1.012773324758         0.947050550536         0.854969809581         0.758718858649         0.665450365515         0.530163531316         0.000000000000
        0.854201547769         0.850772246452         0.929237889591         0.977915764674         1.043234245172         1.075388363585         1.079887839007         1.059074543392         1.031325208366         1.014105742260         1.018120239192         1.042379487617         1.075364773079         1.100815126822         1.105536754870         1.085798671929         1.049254015318         1.011431239063         0.988349791281         0.988620757619         1.008600537884         1.032820062662         1.040052955703         1.012773323361         0.947050549367         0.854969808605         0.758718857858         0.665450364945         0.530163531031         0.000000000000
        0.854201550269         0.850772253131         0.929237899208         0.977915776537         1.043234259097         1.075388379645         1.079887857712         1.059074565041         1.031325232943         1.014105769213         1.018120267660         1.042379516434         1.075364801661         1.100815154834         1.105536782464         1.085798699418         1.049254042816         1.011431266241         0.988349817452         0.988620781675         1.008600559037         1.032820080618         1.040052970793         1.012773336327         0.947050560840         0.854969818811         0.758718866413         0.665450371506         0.530163535486         0.000000000000
        0.854201550419         0.850772253495         0.929237899738         0.977915777187         1.043234259983         1.075388380540         1.079887858840         1.059074566299         1.031325234354         1.014105770663         1.018120269115         1.042379517858         1.075364803022         1.100815156200         1.105536783918         1.085798701031         1.049254044612         1.011431268209         0.988349819454         0.988620783656         1.008600560946         1.032820082416         1.040052972474         1.012773337873         0.947050562334         0.854969820268         0.758718867804         0.665450372773         0.530163536587         0.000000000000
        0.854201550435         0.850772253536         0.929237899786         0.977915777242         1.043234260046         1.075388380588         1.079887858897         1.059074566356         1.031325234420         1.014105770731         1.018120269182         1.042379517918         1.075364803067         1.100815156227         1.105536783935         1.085798701049         1.049254044642         1.011431268259         0.988349819526         0.988620783747         1.008600561051         1.032820082527         1.040052972586         1.012773337978         0.947050562440         0.854969820373         0.758718867904         0.665450372864         0.530163536673         0.000000000000
        0.854201550437         0.850772253541         0.929237899791         0.977915777248         1.043234260053         1.075388380593         1.079887858902         1.059074566361         1.031325234426         1.014105770738         1.018120269189         1.042379517925         1.075364803072         1.100815156231         1.105536783936         1.085798701050         1.049254044644         1.011431268263         0.988349819532         0.988620783756         1.008600561061         1.032820082538         1.040052972596         1.012773337988         0.947050562450         0.854969820383         0.758718867913         0.665450372872         0.530163536681         0.000000000000
