        0.209164227388          0.195143749939          0.192521080094          0.194977470201          0.181507871822          0.182683608501          0.171233099868          0.176447232629          0.169776984408          0.179458930474          0.175286549245          0.185650956063          0.180021045956          0.187718393746          0.179158712075          0.184439891553          0.174889317240          0.180533123169          0.172629670501          0.180481939435          0.174591583644          0.183711996727          0.177886584497          0.186024073937          0.178519596127          0.184830043912          0.176071107703          0.181901961742          0.173753116285          0.180838520209          0.174297501053          0.182692596554          0.176814627860          0.184966346520          0.178155662483          0.184841790227          0.176807483972          0.182538821159          0.174571630457          0.180854676224          0.174207255209          0.181671199850          0.176090033779          0.183752697498          0.177900156015          0.184376515368          0.177520184122          0.182651419474          0.175550279417          0.180511551485
        0.250102042346          0.229046583041          0.228789432295          0.221568474011          0.221252349381          0.209697072385          0.211964016852          0.208481494662          0.209557286537          0.214633482837          0.213974712120          0.219482421077          0.218575882909          0.218332423073          0.218316405677          0.213901465556          0.214508461366          0.211791057317          0.212097441789          0.213948987579          0.213602229766          0.217212792779          0.216701410258          0.217654295240          0.217544629137          0.215132033667          0.215352377566          0.212966558344          0.212975041409          0.213694763550          0.213206581425          0.216189572879          0.215500854970          0.217337558600          0.216867862770          0.215895844660          0.215591999299          0.213817828980          0.213215326805          0.213679429603          0.212532549197          0.215551757919          0.214168941649          0.217096019825          0.215884849930          0.216530592098          0.215355276078          0.214721294204          0.213007679294          0.213959718011
        0.244975112423          0.223248477831          0.216770778601          0.219039317924          0.210846755840          0.207822892620          0.207163347664          0.205582797568          0.207639801758          0.210820114495          0.210166893187          0.215708926052          0.211370146617          0.215147676173          0.210254774292          0.211039406417          0.208595197504          0.208699417077          0.208397736495          0.210465739009          0.209645104584          0.213650738567          0.210665410137          0.214334026784          0.210287156245          0.211997245906          0.209117393099          0.209709329196          0.208618112945          0.210163772502          0.209309835872          0.212545280778          0.210260580133          0.213790468508          0.210309904876          0.212408296351          0.209446660685          0.210164819697          0.208728960510          0.209766798447          0.208974782592          0.211532013188          0.209835537841          0.213107643424          0.210265636356          0.212447039535          0.209754638833          0.210299582350          0.208881134228          0.209213503228
        0.245166776682          0.217432357933          0.219851232728          0.214441592887          0.214353631141          0.208575816995          0.209776217393          0.209133130357          0.209561437314          0.212601414461          0.212201213730          0.214243002723          0.213882983682          0.212843855707          0.212952404990          0.210776069999          0.211050761459          0.210555905466          0.210564708142          0.212088457474          0.211816061787          0.213291632142          0.213047794230          0.212801888693          0.212758279686          0.211434854983          0.211419891871          0.210940544329          0.210696610002          0.211839193358          0.211348080503          0.212940535025          0.212397866720          0.212925673478          0.212433594147          0.211934111157          0.211341591535          0.211272872979          0.210376939210          0.211761507216          0.210572635486          0.212787139267          0.211482077571          0.213137004210          0.211762345086          0.212494980329          0.210842227360          0.211752432101          0.209627486289          0.211863017969
        0.238079549463          0.218628744730          0.215059763640          0.215961430850          0.215113764418          0.209108190681          0.213357581074          0.209001824222          0.211262918527          0.212664737395          0.210562666981          0.214816775616          0.211417478339          0.213559727977          0.212604593458          0.211196021113          0.212864712727          0.210685780797          0.212106577035          0.212267676388          0.211312206527          0.213716663259          0.211357260731          0.213301857720          0.212082160471          0.211728994126          0.212578463659          0.211001541939          0.212283230693          0.211893903792          0.211599712561          0.213134792182          0.211358715718          0.213113241302          0.211806245312          0.211872649819          0.212329375148          0.210960945466          0.212238969977          0.211438182776          0.211635715347          0.212568481186          0.211267168228          0.212799066841          0.211561317838          0.211749671220          0.212062479517          0.210679774712          0.212021217104          0.210860985494
        0.239476353912          0.213987219804          0.216411635077          0.216703102716          0.215486354726          0.212587428933          0.213182419528          0.210598219631          0.211353735276          0.210980782175          0.211139475287          0.212351541135          0.212067730999          0.213200750270          0.212928355395          0.212951347885          0.212932361565          0.212145314538          0.212272712938          0.211706322169          0.211730934028          0.212007201427          0.211813807462          0.212613097464          0.212299420730          0.212844703334          0.212570935898          0.212517592352          0.212305220966          0.212083104015          0.211779526643          0.212065131927          0.211512224111          0.212471306406          0.211677935642          0.212827590082          0.211943134382          0.212761633784          0.211865275127          0.212436971700          0.211390309169          0.212315115714          0.210897428098          0.212582001192          0.210756032404          0.212945178238          0.210910623670          0.213020886139          0.210949575740          0.212828135128
        0.234644863079          0.215167695184          0.217628974597          0.216901557742          0.219448931134          0.212225054285          0.215234111254          0.210514029513          0.210098008259          0.211399350662          0.209090550010          0.212842772193          0.212127450499          0.213351516252          0.215112458385          0.212837673563          0.214820276019          0.212136083803          0.212128236371          0.211961126160          0.210429200688          0.212302656021          0.211533885811          0.212661610458          0.213831837483          0.212661654232          0.214506019013          0.212367518804          0.212904440877          0.212100864913          0.211107850324          0.212062032783          0.211264010441          0.212183535017          0.213031160373          0.212278823684          0.214144322345          0.212231080211          0.213253915726          0.212046994903          0.211507783353          0.211809566003          0.211037512910          0.211642773211          0.212307133866          0.211662820685          0.213607600011          0.211832318838          0.213258132885          0.211896959199
        0.235797563169          0.216224742638          0.217553436397          0.220689017474          0.218852342686          0.214065079185          0.214985746563          0.209069760004          0.210376742555          0.209190092031          0.209415831444          0.212746984715          0.212075633666          0.215358876420          0.214791443692          0.214527272965          0.214630746667          0.211797724732          0.212225997569          0.210487213154          0.210562764227          0.211862224023          0.211397494165          0.214022785167          0.213451577359          0.214406722892          0.214171194508          0.212773519159          0.212759040081          0.211251757966          0.210948581377          0.211651429530          0.210807237416          0.213371097928          0.212297886027          0.214297922155          0.213431113013          0.213429471653          0.212700164350          0.211985378157          0.210855716539          0.211788039000          0.209951285435          0.213035423832          0.210862376920          0.214187339806          0.212247018828          0.213956078073          0.212166326659          0.212819691614
        0.237003438440          0.216174186179          0.221360652068          0.220115913516          0.220700520862          0.213835857637          0.213540847382          0.209364493404          0.208175588809          0.209532676657          0.209325355787          0.212714248621          0.214084286899          0.215057976768          0.216483398470          0.214357303325          0.214295637153          0.211913659357          0.210756833542          0.210638227865          0.210126210984          0.211743520377          0.212760257673          0.213661064437          0.215198575073          0.214090809834          0.214580340527          0.212645930183          0.211912708227          0.211108109468          0.210537907525          0.211208729971          0.211991982131          0.212652569445          0.214315674051          0.213601160120          0.214631262854          0.212891501549          0.212638983795          0.211344507456          0.210827959547          0.210707928166          0.211331989911          0.211596658487          0.213377822160          0.212837223772          0.214369214058          0.212876310834          0.213087611832          0.211574488413
        0.236891813567          0.219889190184          0.220691893711          0.221919170215          0.220408683391          0.212345650126          0.213808722676          0.207133947428          0.208498537539          0.209414334535          0.209254812233          0.214686379881          0.213725593921          0.216699897014          0.216256818617          0.213970211748          0.214371559204          0.210403549378          0.210879030379          0.210169049886          0.209973917236          0.213070219685          0.212351520473          0.215361540844          0.214830161287          0.214448811720          0.214408916842          0.211755530158          0.211738292290          0.210663093650          0.210068807658          0.212360102598          0.211238890336          0.214628790921          0.213574121323          0.214752950781          0.214049993239          0.212785792946          0.211969228891          0.211282724909          0.209733581319          0.212059696845          0.209878475482          0.214077475321          0.211998277576          0.214916093700          0.213251189368          0.213754617726          0.211816818891          0.212196263949
        0.240898323443          0.219250158650          0.222302700283          0.221645240552          0.218719925320          0.212623580466          0.211400564778          0.207461989592          0.208219138378          0.209350838726          0.211060964953          0.214339949328          0.215201423891          0.216488458320          0.215706600812          0.214058623271          0.212703422062          0.210533939743          0.210256362772          0.210023920424          0.211144731421          0.212671439423          0.213893357110          0.215005980964          0.215031473286          0.214289245007          0.213366266673          0.211588629729          0.211143594709          0.210198151482          0.211067666303          0.211611967648          0.213059916646          0.213895243839          0.214574624083          0.214179516439          0.213800162265          0.212118021334          0.211766186516          0.210182956039          0.210939566639          0.210598678228          0.212209916215          0.212694093132          0.213935015793          0.213795461208          0.214000631215          0.212472781099          0.212315815385          0.210227650538
        0.240198532143          0.220861884203          0.222035837636          0.219974225277          0.219023030319          0.210252623849          0.211769407776          0.207218916411          0.208199554116          0.211187545775          0.210746564272          0.215841009986          0.215009805088          0.215960930432          0.215815773577          0.212418993841          0.212863572998          0.209944781976          0.210147360262          0.211226319628          0.210779084577          0.214239427931          0.213562138434          0.215230364574          0.214891912778          0.213272822283          0.213223417361          0.211025428518          0.210710480818          0.211229224134          0.210353983879          0.213461040958          0.212353969348          0.214919667394          0.214019781429          0.213954496080          0.213150019375          0.211944719864          0.210693024697          0.211421573737          0.209513902918          0.212960350004          0.210857445380          0.214656241125          0.212830941966          0.214568843078          0.212727988872          0.212999685338          0.210366206278          0.211947694269
        0.241907942591          0.220599677985          0.220242380005          0.220274522706          0.216530930334          0.210610095901          0.211436794245          0.207186134805          0.209948085432          0.210863065600          0.212154398621          0.215643787788          0.214391854477          0.216064916018          0.214087991292          0.212570196083          0.212192339917          0.209824075021          0.211269037430          0.210850095124          0.212261788872          0.213900978488          0.213700292128          0.215084943009          0.213792930406          0.213121778155          0.212583246444          0.210581031865          0.211665672447          0.210504158170          0.212121983622          0.212746725061          0.213295236171          0.214358536358          0.213717394632          0.213295884916          0.212907993548          0.210858660690          0.211865096179          0.209981679838          0.211802002042          0.211597412399          0.212741723167          0.213545250301          0.213534422528          0.213286228443          0.213198963582          0.211032027846          0.212035884679          0.209467608927
        0.241631476602          0.218846582708          0.220557670839          0.217794746808          0.216909752743          0.210303802667          0.211434237596          0.208953371386          0.209658017626          0.212290036584          0.211983579853          0.215045320050          0.214514210328          0.214359955199          0.214257050717          0.211925697318          0.212094525618          0.210970538070          0.210920800375          0.212354146258          0.211949937001          0.214059472018          0.213575227655          0.214008442359          0.213657493015          0.212507095724          0.212155020679          0.211561290928          0.210961773785          0.212294231440          0.211431178707          0.213708257130          0.212752893366          0.214077380847          0.213069579435          0.213077429094          0.211828473967          0.212054626086          0.210435259229          0.212291417659          0.210454083859          0.213501258756          0.211642976965          0.214268307018          0.212254439713          0.213778314987          0.211225715143          0.212723375507          0.209551245871          0.212406070767
        0.239703489709          0.219153566702          0.218106053078          0.218166502426          0.216644508627          0.210289312858          0.213254950700          0.208651401013          0.211123074894          0.212109444706          0.211421809045          0.215159994397          0.212845002619          0.214520059577          0.213648828144          0.211816511614          0.213281385393          0.210610470273          0.212461658226          0.212032139103          0.212140698507          0.213926042038          0.212530851861          0.213864392133          0.213078421859          0.212068809169          0.213175549901          0.210847115332          0.212789718768          0.211594894020          0.212423560780          0.213159290207          0.212500646325          0.213422837140          0.212885635479          0.211989940741          0.213066705489          0.210617447577          0.212785985309          0.210939693653          0.212388243771          0.212402039245          0.212390138338          0.212987153587          0.212776852193          0.211800928006          0.212959653562          0.210235468137          0.212534130118          0.210209380873
        0.240040785612          0.216726264762          0.218464698658          0.217897405749          0.216617866917          0.212100324792          0.212951096413          0.210104961467          0.210945562619          0.211541165556          0.211534291098          0.213486033384          0.212997598470          0.213910486400          0.213530478599          0.213000878001          0.212916041888          0.212145321965          0.212139544550          0.212216930387          0.212007395216          0.212878069948          0.212382705025          0.213284166969          0.212630814113          0.213087564746          0.212451261891          0.212670139548          0.212085242948          0.212581312047          0.211873970595          0.212903090213          0.211844182648          0.213237354772          0.211788700552          0.213226283985          0.211613397412          0.212963197375          0.211420306069          0.212867267648          0.211282906185          0.213144488890          0.211107118570          0.213507549616          0.210791392353          0.213532649381          0.210451098979          0.213212679815          0.210312086919          0.213049843299
        0.237403784135          0.217079362630          0.218281565126          0.217867881813          0.218534378759          0.211793304633          0.214493713321          0.209923918856          0.210453347250          0.211650966157          0.209937311450          0.213636363869          0.212459066305          0.213788818666          0.214788000589          0.212631732217          0.214524948222          0.211819736983          0.212392960924          0.212080772318          0.211024945715          0.212727145128          0.211866841828          0.212833349841          0.213717416280          0.212360350893          0.214345504104          0.211963737116          0.213138176970          0.212030347018          0.211677043963          0.212244566060          0.211715237753          0.212137632210          0.213086730153          0.211771675094          0.214027787166          0.211599534566          0.213412689282          0.211765838291          0.212077863592          0.211863398965          0.211672203632          0.211521046421          0.212572883080          0.211025161451          0.213489852203          0.210999634870          0.213213527024          0.211494632195
        0.237783700845          0.216887145711          0.218225949958          0.219780893749          0.218202462178          0.213315963709          0.214299567200          0.209417304929          0.210553414677          0.210041241845          0.210075165769          0.213085865247          0.212320816919          0.215034822448          0.214399991000          0.214225290120          0.214184219878          0.212057024226          0.212246786991          0.211084671919          0.210865992169          0.212199913927          0.211405215969          0.213908722600          0.212973900898          0.214240389144          0.213622083206          0.213000666573          0.212576282627          0.211819445835          0.211015147338          0.212104782866          0.210613384359          0.213425551001          0.211621876520          0.214173028674          0.212646684766          0.213576171874          0.212298279258          0.212546686872          0.210797550521          0.212418507477          0.209695944769          0.213294258024          0.210067708198          0.214052503371          0.211262841980          0.213885624457          0.211641669383          0.213251140037
        0.237590292970          0.216833565010          0.220171487066          0.219449163093          0.219766625786          0.213123353138          0.213811036090          0.209517879323          0.208966287333          0.210180035730          0.209545129731          0.212948438171          0.213583228607          0.214647692546          0.216015613867          0.213885864012          0.214442346188          0.211912020622          0.211268642768          0.210926377406          0.210353880350          0.211738354216          0.212493991828          0.213165574493          0.214872641117          0.213518428951          0.214680642962          0.212440424108          0.212382704671          0.211157686016          0.210885695349          0.211001164380          0.211908294951          0.211959388598          0.214037036787          0.212793550214          0.214644828482          0.212464941961          0.213096902309          0.211266586296          0.211358385205          0.210437307727          0.211466758086          0.210783763383          0.213099918404          0.211826646543          0.214167537983          0.212320717278          0.213416732824          0.211603757577
        0.237525464496          0.218756468789          0.219825011176          0.221016764835          0.219563169989          0.212631110354          0.213909234326          0.207931748149          0.209104161694          0.209647619145          0.209406122652          0.214209065587          0.213190011443          0.216259204736          0.215667451619          0.214137299346          0.214291397142          0.210928916330          0.211109180418          0.210411096232          0.209894655804          0.212824628081          0.211750586784          0.215060151924          0.214144368662          0.214570298649          0.214113003770          0.212240783162          0.211720107760          0.211024890386          0.209790668860          0.212294482172          0.210451767729          0.214371661541          0.212657478196          0.214785634196          0.213526489078          0.213257095414          0.211816398627          0.211824231844          0.209393801341          0.212208092092          0.208980918024          0.213815179698          0.210885762403          0.214726410929          0.212598036604          0.214089108977          0.211768138027          0.212905184874
        0.239629297377          0.218414861617          0.221353789237          0.220813811261          0.219020924794          0.212729629917          0.212271734012          0.208069385267          0.208534279036          0.209508638146          0.210622359310          0.213815818378          0.214761140855          0.215911819648          0.215884557127          0.213987404397          0.213273739480          0.210769948720          0.210559612939          0.209951514590          0.210941952211          0.212080488891          0.213606215284          0.214332028327          0.215164575032          0.214003602679          0.213885237829          0.211578298624          0.211556722128          0.209927862997          0.211045746048          0.210834869534          0.212823313484          0.212990688239          0.214618355747          0.213667831961          0.214296376894          0.211975557297          0.212349811787          0.209853677354          0.211128802123          0.209713438442          0.211969760184          0.211595806578          0.213753748991          0.213156849979          0.214350041033          0.212438330386          0.213054610110          0.210179584307
        0.239253863160          0.219934429782          0.221152052826          0.220274104784          0.219125321634          0.211103506844          0.212417557868          0.207508520533          0.208405602805          0.210731352261          0.210239567122          0.215394523344          0.214418921078          0.216133730859          0.215736716088          0.212974862844          0.213117663689          0.210226833088          0.210107689988          0.211005375933          0.210209638277          0.213942580430          0.212886566566          0.215357032770          0.214599419848          0.213779884060          0.213221591637          0.211420165120          0.210464543653          0.211189451734          0.209600157411          0.213213236209          0.211455390095          0.214956706320          0.213502846717          0.214441147316          0.213009674690          0.212513167075          0.210380326937          0.211595002048          0.208650116191          0.212709669623          0.209768756692          0.214469413115          0.212187809877          0.214911793417          0.212690210581          0.213728052391          0.210326104040          0.212397630942
        0.240905471275          0.219734672110          0.220563810023          0.220378601470          0.217433468732          0.211247742698          0.211813987742          0.207378648772          0.209587941210          0.210346986313          0.211771311898          0.215050823636          0.214602632590          0.215985139104          0.214688652398          0.212818066013          0.212542401988          0.209773871154          0.211128616175          0.210271358017          0.212031903150          0.213221164476          0.213874168839          0.214790903029          0.214345665016          0.213115648291          0.213038624734          0.210326795389          0.211699295927          0.209741591038          0.211942109515          0.211843151071          0.213383789657          0.213840356172          0.214249008196          0.213153758055          0.213530265380          0.210540988603          0.212103968792          0.209111567961          0.211616050060          0.210505322709          0.212606131785          0.212903648726          0.213917949788          0.213251721770          0.213970490434          0.210993160242          0.212537823317          0.208801798241
        0.240688281866          0.219156911569          0.220672921873          0.218683072070          0.217583374223          0.210652113895          0.211689081001          0.208562820389          0.209213681369          0.211883533302          0.211437667300          0.215240015617          0.214459249174          0.214941732969          0.214532867361          0.212248890948          0.212089496442          0.210800130498          0.210400216210          0.212098929018          0.211320454475          0.214214438527          0.213314573610          0.214542289153          0.213679973329          0.212937912510          0.211938851412          0.211566573883          0.210250480373          0.212088695488          0.210579522753          0.213777134222          0.212273725159          0.214591498801          0.212957482804          0.213678685549          0.211544407571          0.212268710326          0.209610350008          0.212081923589          0.209412658319          0.213347724882          0.211042395875          0.214638268576          0.212249646081          0.214535546901          0.211216223510          0.213208129873          0.208923822190          0.212166222315
        0.240048175304          0.219264514335          0.218973510244          0.218832797278          0.216984756377          0.210526446374          0.212890360850          0.208188262620          0.210750990376          0.211548465238          0.211626816847          0.215095243956          0.213419912402          0.214784804845          0.213968829367          0.211795237360          0.213126695354          0.210071153516          0.212232692547          0.211386289860          0.212311443333          0.213653405089          0.213066148179          0.213875506590          0.213508974528          0.211837807690          0.213192371543          0.210117975975          0.212606764069          0.210726157845          0.212511144703          0.212666926327          0.213021301420          0.213299657505          0.213488439644          0.211692598129          0.213289538961          0.209775706833          0.212596148502          0.209880808523          0.212255316847          0.211787912297          0.212770463435          0.212972805400          0.213536296515          0.211780784788          0.213449574067          0.209592643110          0.212309579668          0.209175941725
        0.240166782093          0.217579377447          0.219120406256          0.218229954351          0.216851690658          0.211722115481          0.212510512191          0.209718047607          0.210418040076          0.211735783256          0.211484526479          0.214053708698          0.213262061921          0.214219950357          0.213508184722          0.212831297603          0.212389515526          0.211900799304          0.211518700566          0.212375696860          0.211754269004          0.213404458114          0.212400977305          0.213704363986          0.212401087740          0.213090392032          0.211729847092          0.212471799564          0.211236487240          0.212656004176          0.211402811366          0.213414271414          0.211732783229          0.213830804047          0.211495128374          0.213436763821          0.210777089313          0.212758686969          0.210377851238          0.212720938394          0.210689951239          0.213515438387          0.211106374854          0.214259954894          0.210776862796          0.214013549271          0.209813832405          0.212975322355          0.209293669094          0.212460039537
        0.238324804933          0.217724865482          0.218550835217          0.218096098524          0.218104020531          0.211343623917          0.214089954042          0.209386043898          0.210635781483          0.211593187562          0.210475947602          0.213895168738          0.212726066566          0.213758715020          0.214578415370          0.212094678340          0.214257333527          0.211187621910          0.212536304168          0.211818409180          0.211527451126          0.212738321688          0.212251798083          0.212595736284          0.213683230619          0.211628815256          0.214120746568          0.211103614245          0.213195507839          0.211549056651          0.212167228561          0.212125356529          0.212278026959          0.211836271368          0.213262720802          0.210925251673          0.213795854186          0.210544787071          0.213249029876          0.211161310450          0.212431815224          0.211854313093          0.212399128986          0.211499030537          0.213023165602          0.210376958628          0.213226716757          0.209965962011          0.212608921616          0.210986329739
        0.238482800493          0.217156257675          0.218408408667          0.219350992891          0.217709729391          0.212912004275          0.213748701729          0.209597257292          0.210490958719          0.210580296956          0.210317772854          0.213354728310          0.212262260132          0.214825906190          0.213831271053          0.213956613242          0.213533338781          0.212198757282          0.211975891580          0.211587166250          0.210865519529          0.212586076421          0.211146317550          0.213875073289          0.212213897990          0.214014605643          0.212739102605          0.213056217723          0.212082687803          0.212308978049          0.210885104173          0.212668393709          0.210294563380          0.213602038686          0.210749925653          0.213939663916          0.211567599346          0.213409478906          0.211678939725          0.212898391212          0.210776722770          0.213145599991          0.209657663455          0.213745010756          0.209397407866          0.213786719296          0.210207133991          0.213274614624          0.211119450213          0.213189066205
        0.237867678888          0.217015294789          0.219687987345          0.218955150061          0.219326231491          0.212572726058          0.213982419940          0.209453502564          0.209496711018          0.210422234251          0.209793319478          0.212889987128          0.213340823102          0.214078398081          0.215716475285          0.213233861565          0.214567720822          0.211639582352          0.211759383662          0.210925128633          0.210721420372          0.211479088831          0.212431737005          0.212404865634          0.214617030820          0.212634314947          0.214715745413          0.211945362145          0.212858084946          0.211026780818          0.211431421391          0.210681998723          0.212058740296          0.211086597283          0.213774495510          0.211712796510          0.214455355708          0.211843510243          0.213433256704          0.211244814089          0.212068688566          0.210399201536          0.211894044814          0.210112351371          0.212807468345          0.210767398095          0.213534088958          0.211794119285          0.213339988733          0.212074148281
        0.237711357692          0.218282700016          0.219286234189          0.220578990653          0.218975653781          0.212803099826          0.213833856966          0.208460800191          0.209339976317          0.209896865721          0.209335542440          0.213969390010          0.212595578339          0.215963534367          0.214986939690          0.214264779346          0.214001488151          0.211420421529          0.211098337648          0.210779934709          0.209625418665          0.212764889764          0.210970991338          0.214807677393          0.213234036699          0.214607705568          0.213596764940          0.212717306384          0.211576055920          0.211571969553          0.209461006476          0.212447259614          0.209563336563          0.214111733259          0.211552798193          0.214597805940          0.212882365624          0.213593984748          0.211778639934          0.212535657027          0.209342555531          0.212637684540          0.208294559113          0.213524310924          0.209805369747          0.214092243769          0.212049976988          0.214010410948          0.212221922395          0.213711325899
        0.239101944836          0.217884301534          0.220900415054          0.220226789942          0.219197562504          0.212655541426          0.212819475479          0.208304878221          0.208801295180          0.209438678837          0.210390008837          0.213222225189          0.214460612708          0.215233299879          0.216011454051          0.213699418392          0.213774972100          0.210760200370          0.210941223284          0.209683102920          0.210889285492          0.211301777758          0.213351856826          0.213423471664          0.215200047617          0.213489525363          0.214367450437          0.211435959527          0.212113532309          0.209599550392          0.211204982948          0.209947512394          0.212562813051          0.211887570735          0.214427415063          0.213025929204          0.214635271325          0.211940242430          0.213067569155          0.209805026557          0.211562821446          0.209028938975          0.211678790287          0.210516727610          0.213116147428          0.212610812815          0.214269630214          0.212895873924          0.213862180614          0.210941948874
        0.238664865532          0.219487775881          0.220548486878          0.220452297456          0.219046842029          0.211647056263          0.212662086036          0.207770860150          0.208349868749          0.210496106360          0.209656653529          0.215093390913          0.213736944467          0.216260912959          0.215442990946          0.213474249958          0.213109414273          0.210605027332          0.209848061027          0.210949862099          0.209441341913          0.213687175270          0.211979366038          0.215392439692          0.214080570850          0.214260859689          0.213077815403          0.211974303097          0.210141239128          0.211346167645          0.208722226363          0.212951454935          0.210356496644          0.214765379661          0.212857680836          0.214779185996          0.212971988537          0.213229300367          0.210333759098          0.212027683732          0.207972331606          0.212417668364          0.208694566174          0.213830682421          0.211639241827          0.214830449355          0.213145286141          0.214536011025          0.211088700517          0.213258037693
        0.240416901666          0.219138287459          0.220747919396          0.220300502973          0.217997813524          0.211490346165          0.212102206940          0.207320962020          0.209380800674          0.209761894392          0.211487357770          0.214367398023          0.214737737114          0.215691520484          0.215200677005          0.212809334995          0.212940528718          0.209512818023          0.211096329309          0.209500982967          0.211794580446          0.212312422073          0.213920265298          0.214271925166          0.214838380526          0.212971837498          0.213610317623          0.210002648732          0.211876950078          0.208861901516          0.211699038670          0.210742574046          0.213205137063          0.213195026996          0.214597897437          0.213116723636          0.214261106757          0.210494639089          0.212554269300          0.208432752990          0.211341693233          0.209429444130          0.211981777919          0.212355325857          0.213846190133          0.213709288117          0.214788152424          0.211758615072          0.213409201775          0.208760210621
        0.240034612706          0.219339235266          0.220598192123          0.219248205648          0.217836553185          0.210935090857          0.211646211244          0.208350578319          0.208653670303          0.211595333786          0.210774732984          0.215373263415          0.214173878959          0.215451690135          0.214530036127          0.212642548950          0.211837930482          0.210762294465          0.209648157125          0.211856932697          0.210431870342          0.214257749252          0.212807490897          0.215032639940          0.213543124207          0.213505703087          0.211622537178          0.211739143841          0.209385518101          0.211840908618          0.209498665791          0.213595193702          0.211642482047          0.214938115533          0.212928969224          0.214406764441          0.211506411725          0.212715385601          0.208944352607          0.211803532294          0.208355343639          0.212719595454          0.210508015248          0.214564448036          0.212714923693          0.215352957491          0.211990935732          0.214079858935          0.208895015191          0.211883472806
        0.240249839637          0.219190186559          0.219536305872          0.219085798138          0.217270506025          0.210481237855          0.212687964617          0.207626333713          0.210476988677          0.210882087255          0.211763209547          0.214807495359          0.213928045284          0.214780204013          0.214364353503          0.211541256496          0.213097088366          0.209316032155          0.212002695711          0.210494015867          0.212361533223          0.213143499399          0.213557838003          0.213736719943          0.214079490574          0.211519251588          0.213372380131          0.209249955357          0.212370297066          0.209641407236          0.212338764757          0.212032575013          0.213372103320          0.213269451708          0.214219787557          0.211652811681          0.213742729698          0.209106608988          0.212327975620          0.208818917801          0.211639353671          0.211250158030          0.212704274785          0.213437755945          0.214356430507          0.212555437710          0.214325352758          0.209560544806          0.212034213989          0.208306245392
        0.240087006728          0.218137090396          0.219372363016          0.218516249942          0.216801044527          0.211517936775          0.211949830550          0.209441407187          0.209766900199          0.211870201979          0.211206661194          0.214561786712          0.213259377786          0.214614364301          0.213251269792          0.212798876784          0.211634105597          0.211667412862          0.210636401467          0.212423292492          0.211255278980          0.213895085911          0.212267167631          0.214273599628          0.212082156477          0.213267764936          0.210860837788          0.212231934353          0.210158873906          0.212480653291          0.210779125687          0.213763473704          0.211708545477          0.214561202131          0.211457345280          0.213888111801          0.210108706756          0.212487394569          0.209322585646          0.212101134175          0.210162288803          0.213446824749          0.211574921205          0.215080390607          0.211553227086          0.214889967661          0.209785933273          0.212697661504          0.208433705381          0.210980374188
        0.238933480412          0.217974099890          0.218818047398          0.218044289413          0.217880819196          0.210783689156          0.213808222660          0.208734733558          0.210766705538          0.211313436194          0.210971417685          0.213891238701          0.213105539957          0.213500341863          0.214533075834          0.211338008339          0.214017876959          0.210303628300          0.212580656408          0.211317239228          0.212009511965          0.212602890301          0.212808686732          0.212275317833          0.213849093974          0.210758259055          0.213873719148          0.210023928003          0.213016948008          0.210922920157          0.212510722141          0.212099590318          0.212998201703          0.211797304318          0.213703748821          0.210254927344          0.213517038447          0.209486333449          0.212626430312          0.210630318909          0.212361273870          0.212322117447          0.213211516310          0.212275698643          0.213889994969          0.210346482671          0.212942257845          0.209099232643          0.211127806939          0.210686556662
        0.238754462121          0.217422367741          0.218341259892          0.219127922326          0.217122626602          0.212631154995          0.213085629394          0.209727080275          0.210211340108          0.211076171968          0.210311335409          0.213735839431          0.211995871079          0.214781400264          0.213058435209          0.213717191840          0.212637423440          0.212242619563          0.211472108888          0.212069457905          0.210728519672          0.213144109607          0.210820683770          0.214041742830          0.211330870439          0.213767577934          0.211646919097          0.212877116457          0.211451847993          0.212652333065          0.210856333983          0.213389560100          0.210250347987          0.214044078991          0.210070114876          0.213660696593          0.210498407290          0.212785495580          0.211143418940          0.212826583042          0.211239184328          0.213959236312          0.210425140800          0.214614157117          0.209359412418          0.213501778169          0.209334424981          0.211788616496          0.210819255467          0.212180969224
        0.238153997735          0.216948940192          0.219443754456          0.218365726078          0.219028277589          0.211912590127          0.214110131318          0.209174660103          0.209986736414          0.210415759431          0.210162722366          0.212623172877          0.213281635924          0.213305324285          0.215463740868          0.212338794448          0.214605353778          0.211136154218          0.212236128218          0.210788077829          0.211269184237          0.211153245688          0.212585026959          0.211521695888          0.214356579096          0.211542568670          0.214527641349          0.211314683624          0.213195277079          0.210998134940          0.212143022136          0.210638127808          0.212488103205          0.210406677509          0.213482488325          0.210643187769          0.213820477250          0.211307311931          0.213354923396          0.211707845052          0.212873517473          0.211168685986          0.212750282135          0.210074324775          0.212511747385          0.209891677908          0.212037923647          0.211490532208          0.212326219379          0.213600449928
        0.237634536791          0.218042199580          0.218678004353          0.220281121556          0.218288123747          0.212930522657          0.213545368528          0.208948979161          0.209331044185          0.210266674415          0.209068818619          0.213911345457          0.211815039943          0.215712033596          0.214075241245          0.214303068187          0.213486780356          0.211897090636          0.210956665901          0.211328244232          0.209298178276          0.212919377235          0.210082916043          0.214548433226          0.212128895077          0.214420411388          0.212954257985          0.213054749890          0.211540902015          0.212284247241          0.209412600349          0.212877995324          0.208878384239          0.213820719575          0.210472334983          0.213963174177          0.212335768997          0.213515461366          0.212235247129          0.213341576963          0.210103140803          0.213496589077          0.208248981734          0.213229174561          0.208921980371          0.212593427527          0.211739401381          0.212993543904          0.213744348660          0.214825381624
        0.238834727371          0.217281673928          0.220594295830          0.219536788898          0.219328509162          0.212368909440          0.213318440639          0.208296375340          0.209176029314          0.209171952288          0.210333131698          0.212440474610          0.214205230566          0.214321739469          0.216048479278          0.213185980592          0.214256348912          0.210619296945          0.211493254960          0.209356086091          0.211044068236          0.210413258888          0.213089531280          0.212318582632          0.215009523748          0.212848125396          0.214706227703          0.211401698231          0.212828141197          0.209551867782          0.211635079840          0.209262648715          0.212269356211          0.210807150838          0.213788685507          0.212480038698          0.214554789997          0.212398023239          0.213873865081          0.210567669219          0.212418591413          0.208984117851          0.211382021011          0.209631912078          0.211616386979          0.212299588144          0.213248680333          0.214421586045          0.214973666037          0.213451693991
        0.238001335174          0.219185132587          0.219849854327          0.220584312302          0.218750815098          0.212143154042          0.212653569310          0.208142813870          0.208090298105          0.210438208399          0.208887703400          0.214837690143          0.212826699058          0.216298212616          0.214923770317          0.213954817211          0.212966177923          0.211155522076          0.209524188355          0.211103703426          0.208561755320          0.213424527628          0.210877945890          0.215201981836          0.213435463831          0.214599267052          0.213041643841          0.212687945866          0.210094551425          0.211775690186          0.208042667269          0.212657612819          0.209279740087          0.214126177136          0.212309452078          0.214698348989          0.213429945578          0.214035563982          0.211097360596          0.212884502646          0.207929091321          0.212120696124          0.207813531147          0.212327928639          0.211326209829          0.213807420448          0.214672690530          0.215650726336          0.213600740562          0.215610363889
        0.240084958077          0.218445447218          0.220883056404          0.220003151665          0.218510929940          0.211481838462          0.212489647693          0.207061929350          0.209335845727          0.208991797468          0.211240236507          0.213454880888          0.214778323779          0.215171932173          0.215689159799          0.212666301997          0.213502785613          0.209188930010          0.211261188615          0.208620433124          0.211540696592          0.211209483786          0.213734710873          0.213626512836          0.215182648934          0.212935863974          0.214333856670          0.209955936176          0.212316215442          0.208181651943          0.211414139707          0.209664458199          0.212573033684          0.212646515333          0.214521663782          0.213575230947          0.215074750000          0.211258808154          0.213418364313          0.208389076233          0.211052319580          0.208545866495          0.210491448603          0.212041421194          0.212829076211          0.215239613881          0.215906185678          0.214275778645          0.215763631715          0.209552282794
        0.239275048681          0.219473468490          0.220302383119          0.219763543683          0.217829259174          0.211319451781          0.211388283227          0.208303571887          0.207898317327          0.211346597866          0.209880811487          0.215413338743          0.213660842474          0.215939855861          0.214388616714          0.213202933763          0.211515381723          0.210924869393          0.208776484953          0.211601223850          0.209343721752          0.214071074876          0.212170074037          0.215376227835          0.213510876012          0.214227807788          0.211579268637          0.212176484970          0.208711876900          0.211554212579          0.208432699236          0.212961325267          0.211101462888          0.214860864706          0.213391942239          0.215219853379          0.212277676822          0.213579017222          0.208907615373          0.211512878617          0.207482967322          0.211225203121          0.210200343028          0.213544451409          0.214244906765          0.216473460085          0.214517092571          0.216441536938          0.209696545690          0.211819648903
        0.240397923843          0.218896344494          0.220053365581          0.219077979966          0.217664213782          0.210224012729          0.212647958772          0.206872850456          0.210237151155          0.209986547175          0.211805477690          0.214292459721          0.214415874010          0.214638022368          0.214929638473          0.211218364495          0.213266773637          0.208444080148          0.211755066796          0.209404248299          0.212180535404          0.212504448181          0.213903391065          0.213703795599          0.214806008200          0.211475376055          0.213816728987          0.208575503035          0.212091180466          0.208573647556          0.211713498392          0.211490039277          0.213299781672          0.213732364364          0.215036629720          0.212423825422          0.214612824494          0.209068522305          0.212043178176          0.207943192643          0.210156983733          0.210940153486          0.211695210459          0.214970542390          0.215476802599          0.215085242809          0.216690944234          0.210359726152          0.211972698435          0.206010121958
        0.239765991877          0.218650294875          0.219365359776          0.218911988726          0.216534150904          0.211477199477          0.211187699981          0.209201006994          0.208882442898          0.211911755473          0.210702755739          0.215050424131          0.213120485923          0.215179811533          0.212925423459          0.212967395652          0.210757289264          0.211418479407          0.209552312515          0.212241235158          0.210625100633          0.214240433832          0.212238015556          0.215000015444          0.212039095461          0.213711100869          0.210184620144          0.211951500770          0.209095074457          0.211853880616          0.210243489764          0.213690197022          0.212172711957          0.215378242445          0.212230697175          0.214758125701          0.210073339984          0.212201586015          0.208451986985          0.210615485321          0.209859024777          0.212434497347          0.213100829612          0.216203532291          0.214078873982          0.217261433879          0.210592041602          0.212636554593          0.206147352965          0.205281901872
        0.239495391269          0.217966739962          0.219206542743          0.217775727190          0.217832677113          0.210024959461          0.213564979787          0.207853189025          0.210806966905          0.210808662258          0.211450859255          0.213751442068          0.213662871745          0.213173846362          0.214696955539          0.210461654761          0.213766507191          0.209219916318          0.212398220823          0.210686154402          0.212350584048          0.212573132765          0.213528578454          0.212231852553          0.214288599934          0.210081808416          0.213590347778          0.208959664425          0.212389766208          0.210386172142          0.212436964066          0.212563825625          0.213810061102          0.212571100884          0.214570366878          0.210218760883          0.213228104596          0.208613494824          0.211139316614          0.210324606490          0.211353511936          0.213850644649          0.214327098213          0.214806418234          0.216251403028          0.211151020089          0.212878645542          0.206799929802          0.205426258955          0.208725170378
        0.238746283252          0.217808617474          0.218065609324          0.219080293932          0.216335915451          0.212388949792          0.212187677877          0.209766927192          0.209708331475          0.211556014812          0.210173249674          0.214294995846          0.211667436186          0.214946086564          0.212169689514          0.213466064497          0.211541854853          0.212060179203          0.210839565520          0.212410757892          0.210698076197          0.213865127534          0.210775005829          0.214482031858          0.210647315066          0.213484391829          0.210573582769          0.212249905013          0.210913011106          0.212578406247          0.211316679265          0.214202466061          0.211017985947          0.214912044676          0.210029801638          0.213371879813          0.209620238527          0.211297218458          0.210837930653          0.211816840151          0.212760168835          0.215077918287          0.212937265667          0.216982867448          0.210160869564          0.213438773345          0.207034759986          0.206070840835          0.208863044693          0.204934394546
        0.238575005044          0.216675256248          0.219384772932          0.217575152177          0.218774028161          0.211019292943          0.214148290017          0.208673925802          0.210460818667          0.210277664858          0.210710106895          0.212293968782          0.213436646963          0.212416107181          0.215203786275          0.211244637681          0.214417801156          0.210504481024          0.212573226240          0.210757762042          0.211981104709          0.211107649339          0.213016029262          0.210838073762          0.214064796856          0.210469836587          0.213892412218          0.210776090721          0.213116991400          0.211458855945          0.212948287425          0.211407015433          0.213346351173          0.210366564646          0.213186366053          0.209764288845          0.212321620821          0.211000691023          0.212339957791          0.213230558230          0.213983936895          0.213686713968          0.215098464730          0.210875879427          0.212443717623          0.207582795237          0.206309139979          0.209523399517          0.205072645299          0.215876838313
        0.237332988995          0.217984632009          0.217876547224          0.220026363156          0.217364055563          0.212968641309          0.213031995934          0.209421191460          0.209191397629          0.210814496317          0.208743159393          0.214067528609          0.210924418086          0.215452742341          0.212966887547          0.214116092499          0.212845089988          0.212234149521          0.210922691060          0.212040671030          0.209250846613          0.213351511863          0.209397487560          0.214257340792          0.211046817029          0.213785853351          0.212408091798          0.212976791945          0.211998177941          0.213090191931          0.210174451179          0.213737889032          0.208833564232          0.213525117054          0.209587177849          0.212464007736          0.212024668895          0.212500042833          0.213758121671          0.214454310589          0.212607083712          0.215852406760          0.209042744290          0.213162060653          0.206619646877          0.206851473907          0.209770359799          0.205718897474          0.216023731624 
        0.238769472003          0.216486193713          0.220333456814          0.218608184972          0.219367526050          0.211858488998          0.213799058288          0.208157732138          0.209723113855          0.208846187456          0.210486248658          0.211547859885          0.213942453138          0.213212835096          0.215858335979          0.212545462850          0.214595339941          0.210585826938          0.212205676345          0.209308964991          0.211472666140          0.209727322413          0.212795459265          0.211236371509          0.214370054567          0.212302622232          0.214626015583          0.211859187205          0.213633692642          0.210314486633          0.212490138756          0.209218153275          0.211971758366          0.209921391678          0.212285627799          0.212168796994          0.213532893555          0.213921524917          0.214986090950          0.213075363538          0.214761987141          0.209778367385          0.211312735042          0.207320168612          0.205893714837          0.210322929162          0.205962637655          0.216704501066  
        0.237128057434          0.218926813733          0.218915127432          0.220623755277          0.218224838732          0.212621181447          0.212510988411          0.208686982595          0.207768849322          0.210590923165          0.208009563193          0.214574573791          0.211721550908          0.216108095058          0.214277162143          0.214293363676          0.212930789199          0.211866806245          0.209477804195          0.211531995378          0.207882166065          0.213130248695          0.209799191144          0.214562320383          0.212886901670          0.214519053874          0.213500864705          0.213493013166          0.210857977851          0.212630987250          0.207998912753          0.212359821182          0.208396592563          0.212621671445          0.211996114329          0.213675977349          0.214959924021          0.215148706566          0.213609879185          0.215232764778          0.208721313811          0.212052079704          0.205520617075          0.206588587554          0.209357374420          0.206503842605          0.216959840464   
        0.239801325534          0.217517390622          0.220924207286          0.219474334324          0.219005097993          0.211340096187          0.213048151881          0.206741777883          0.209495107668          0.208112803719          0.210983332317          0.212346811953          0.214590691384          0.214524701607          0.216033199610          0.212631042325          0.214223682733          0.209142523846          0.211695455988          0.207940291909          0.211252234365          0.210129317017          0.213099593278          0.213077674270          0.215104966553          0.213394955793          0.215146183157          0.210718934721          0.213176777246          0.208137566271          0.211121541128          0.208779922417          0.211077992929          0.212332792697          0.213501214204          0.215105727659          0.216193871717          0.213772095036          0.215772358570          0.209180663882          0.210985845859          0.206242796768          0.204797850225          0.210064083942          0.205556258592          0.217530388899    
        0.238257899042          0.219514400269          0.219774302494          0.220260150793          0.217684454495          0.211874568356          0.211064490066          0.208460909341          0.207030503156          0.211088764648          0.208792735433          0.215224957982          0.213019855188          0.216283782441          0.214355186724          0.213922430815          0.211470483304          0.211357533398          0.208101650213          0.211311731241          0.208275679147          0.213434747950          0.211626484370          0.215297990197          0.213974102620          0.215039294347          0.212349511425          0.213035906140          0.208672285724          0.211260737738          0.207556738475          0.211463844911          0.210791052357          0.213838804881          0.214924866922          0.216339390733          0.214805334951          0.215934655123          0.209705563579          0.211446546157          0.205197171403          0.205514034780          0.208242217430          0.206249004362          0.216529377590     
        0.240443376612          0.218371676859          0.220553224768          0.218932085492          0.218235507887          0.209901741173          0.212813728489          0.206008316895          0.209986703934          0.208897316368          0.211621987220          0.213649364947          0.214760846515          0.214604172421          0.215656464986          0.211173239276          0.213707530561          0.207769452928          0.211471988493          0.208335193981          0.211552398629          0.211959756695          0.213828986944          0.214166985145          0.215622791833          0.212244926743          0.214684566017          0.208535211229          0.211802719958          0.207696284555          0.210227681176          0.211178602824          0.212286823997          0.215266720708          0.216158924883          0.214951941542          0.216980448177          0.209864945173          0.211979420144          0.205649392229          0.204476009363          0.208972556177          0.204461189017          0.217259900769      
        0.239191844625          0.219146598996          0.219221015855          0.219486404061          0.216201302102          0.211641627945          0.210309785206          0.208950691602          0.207803454611          0.211727768296          0.210071889747          0.215395999465          0.213089605531          0.215907100895          0.212880298133          0.213407142278          0.210078478121          0.211134780003          0.208487590180          0.211612320204          0.210087175538          0.214165519114          0.212701468465          0.215816953528          0.212812571601          0.214578196066          0.210146376563          0.211662470158          0.208221051618          0.210366688651          0.209936588194          0.212675356368          0.213699895874          0.216501694070          0.214761005317          0.217127145481          0.210876644410          0.212137840106          0.206159520492          0.204923304995          0.207906621926          0.205176968085          0.215375401656       
        0.240039403411          0.217823063937          0.219778978887          0.217440937296          0.217998468750          0.209151509755          0.213312252491          0.206778670109          0.210624083714          0.210177198830          0.211790577739          0.213720133315          0.214384801240          0.213128509574          0.215137261968          0.209783459689          0.213481326883          0.208156046221          0.211770479226          0.210147697633          0.212276031851          0.213036925981          0.214341417778          0.213005661561          0.215156493132          0.210043253031          0.213299611729          0.208085311023          0.210901730660          0.210078344294          0.211427865663          0.214092844412          0.214927582329          0.215104065275          0.216938052332          0.211021157587          0.213163439870          0.206316735392          0.205435350422          0.208364987316          0.204132126784          0.216129925095        
        0.238589176139          0.218377418870          0.217727168046          0.219247517861          0.215433007245          0.212137415079          0.211092775996          0.209584729798          0.209079546645          0.211896060109          0.210142438421          0.215019008777          0.211620987516          0.215387267027          0.211482771665          0.213181217818          0.210467340497          0.211433081752          0.210300629987          0.212336299424          0.211157433605          0.214679079473          0.211543746839          0.215350805843          0.210606033150          0.213193887293          0.209693123433          0.210762529685          0.210605500176          0.211568769950          0.212836635455          0.215321733716          0.213534865436          0.217283237794          0.210831361038          0.213307545930          0.207313944861          0.205589559713          0.208877459708          0.204580886349          0.215030547638         
        0.239197228193          0.216339069805          0.219545140427          0.216667510507          0.218511428370          0.209930254882          0.213961232606          0.208048158237          0.210795845031          0.210246944655          0.211420813182          0.212247437974          0.213869805352          0.211728812111          0.214911730981          0.210171565935          0.213782790654          0.209966293009          0.212495507237          0.211217396191          0.212786264835          0.211877540915          0.213876371248          0.210797019749          0.213768446440          0.209589764662          0.212392698676          0.210468411233          0.212102960322          0.212979491246          0.214059292161          0.213927570627          0.215700425185          0.211168567865          0.213118540959          0.207455246842          0.206585011417          0.209036666984          0.205085577349          0.215503313083          
        0.236963904060          0.218144568110          0.216961249565          0.219762918499          0.216239647350          0.212782682621          0.212391768204          0.209754990965          0.209158324051          0.211525756460          0.208696397860          0.214502367942          0.210236828548          0.215161088941          0.211881288550          0.213482120646          0.212299365829          0.212156908277          0.211379346376          0.212846365671          0.210012650251          0.214213364926          0.209352960681          0.213961394769          0.210159806269          0.212287138187          0.212096692792          0.211963642876          0.213519577079          0.214202163431          0.212678982874          0.216096116969          0.209628449216          0.213457798549          0.207276565707          0.206724348739          0.210051234793          0.205240972441          0.216036495182           
        0.238943212013          0.215577268563          0.220064423883          0.217477831957          0.219175448868          0.211221859245          0.214137703111          0.208125150864          0.210430059439          0.208799480440          0.210913281838          0.210858663372          0.213647763277          0.212126546484          0.215217172304          0.212000654686          0.214515469319          0.211042156666          0.213009468620          0.210071185757          0.212326730058          0.209683010867          0.212497396365          0.210349134928          0.212863810639          0.211991479124          0.213603973467          0.213379689451          0.214745369525          0.212820381808          0.214834164745          0.210013857001          0.211902574506          0.207606787179          0.206546438241          0.210193116014          0.206237611774          0.216200128327            
        0.236131158975          0.218660119251          0.217779360059          0.220430770700          0.217569027332          0.212958054497          0.212476070998          0.209390577578          0.207723073893          0.211017933770          0.207331416511          0.214279434328          0.210639072221          0.215466506660          0.213727109952          0.214213659457          0.213390377322          0.212669604835          0.210239530839          0.212386160612          0.207838199872          0.212831979622          0.208914264642          0.213055224925          0.212573212458          0.213497584009          0.215031717763          0.214604241210          0.213368003398          0.214976533074          0.208790345237          0.212290844823          0.206096333147          0.206874475138          0.210020250623          0.206376407074          0.217249523733             
        0.239508373332          0.216389342779          0.220731312218          0.218814860108          0.219353745570          0.211305451670          0.213766818068          0.206696186666          0.209924114078          0.207434066080          0.210693861741          0.211261462909          0.213952811719          0.213974135315          0.215954688202          0.213090070495          0.215035084862          0.209903172161          0.212552403407          0.207896104469          0.210958251433          0.209243239509          0.211600854548          0.212763880674          0.214081660202          0.214924976710          0.216265601717          0.213227215623          0.215527973988          0.208928791141          0.211054246854          0.206474881248          0.205369661695          0.210353301985          0.206206480297          0.217395941505              
        0.237021696754          0.219322843844          0.219114979695          0.220610502724          0.217650031376          0.212589193002          0.211019093374          0.208887202313          0.206359759977          0.210798619831          0.207726167916          0.214585229569          0.212473816728          0.216204851857          0.214819826539          0.214732559144          0.212239912706          0.212212783118          0.208060820440          0.211017108836          0.207398893509          0.211933760400          0.211314779516          0.214273633910          0.215510491989          0.216158016609          0.214877380202          0.215385532075          0.209467651024          0.211193242523          0.205267646438          0.205745825547          0.208825770982          0.206533140145          0.217214921086               
        0.240233817030          0.217716585720          0.220907145087          0.218897245419          0.218972212305          0.209856499932          0.213252106216          0.205340262567          0.209703359481          0.207829814400          0.210993979700          0.213101636343          0.214685334017          0.215069029431          0.216475285200          0.211941474638          0.214573781434          0.207728205706          0.211182105841          0.207457655583          0.210066241501          0.211647455762          0.212813113676          0.215704339446          0.216747280482          0.214771194162          0.217052564016          0.209329340157          0.211737821596          0.205404529666          0.204544293775          0.209208919147          0.205033414983          0.217559400522                
        0.238474661726          0.219497961763          0.219188501928          0.220227118769          0.216154579169          0.212077376697          0.209631098560          0.208667910407          0.206745485689          0.211099136571          0.209534234563          0.215319980224          0.213554100045          0.216726473342          0.213655890597          0.214272014303          0.210038932579          0.210844654147          0.207613837990          0.210125330689          0.209778982950          0.213147927696          0.214231218487          0.216942026327          0.215348284699          0.216944932341          0.210948182227          0.211597363137          0.205928079568          0.204679641699          0.207980854599          0.205409210089          0.215978417526                 
        0.240424862781          0.217790527357          0.220520934443          0.217393881087          0.218445283162          0.208476353214          0.213026634100          0.205725282383          0.210000186443          0.209639099568          0.211716043149          0.214185713650          0.215200312839          0.213904780495          0.216008132833          0.209743786151          0.213189802820          0.207283028702          0.210285233203          0.209839096905          0.211267426669          0.214568729757          0.215461148922          0.215543132256          0.217530117643          0.210844230389          0.213234448337          0.205792800103          0.205203059046          0.208120251203          0.204204169663          0.216374458930                  
        0.238553997928          0.219114502632          0.217679014098          0.219697164343          0.214735400494          0.211853210662          0.210019637945          0.208963602877          0.208544217146          0.211821609046          0.210600437505          0.215836741003          0.212392364659          0.216259269835          0.211440995914          0.212890060008          0.209586278524          0.209949786898          0.209992806800          0.211327477154          0.212675710652          0.215800384372          0.214065831219          0.217726458865          0.211408692424          0.213128852997          0.207384238695          0.205067496597          0.208644982298          0.204340608835          0.215105969121                   
        0.240004496273          0.216291214444          0.219991130713          0.215966213165          0.218215777635          0.208862899893          0.213327434500          0.207515378875          0.210719193926          0.210705294343          0.212224355857          0.213021015392          0.214733663144          0.211687236654          0.214614774346          0.209291672836          0.212283546825          0.209658753419          0.211484485728          0.212736169225          0.213896799933          0.214403325990          0.216235992175          0.211600291763          0.213700785149          0.207281713180          0.206653944426          0.208508427805          0.204856624891          0.215249571295                    
        0.236911166881          0.218588041690          0.216254491377          0.219466093361          0.215138039656          0.212152373628          0.211847220786          0.209679042564          0.209611681487          0.212329923448          0.209456538055          0.215368935561          0.210192398592          0.214864331176          0.210991244875          0.211985033153          0.211988016747          0.211147659543          0.212896650901          0.213957480907          0.212515361569          0.216576656945          0.210149406814          0.213894032930          0.207842601670          0.206551432977          0.210121683080          0.204722247921          0.215794725819                     
        0.239428066335          0.214875375303          0.219762236086          0.216370304892          0.218525185402          0.210680345637          0.214058272480          0.208576603363          0.211227855195          0.209560122879          0.211764991295          0.210814359508          0.213348927699          0.211235939650          0.213705617702          0.211689807493          0.213494064106          0.212557332682          0.214118596171          0.212574760475          0.214668940172          0.210480697697          0.212428262527          0.208030083855          0.207109772197          0.210017272518          0.206306394209          0.215653017140                      
        0.235361403023          0.218360364565          0.216666657937          0.219777016345          0.217011037515          0.212879142068          0.212935049297          0.210184760000          0.208478897288          0.211869993218          0.207287436242          0.213980058603          0.209751066875          0.213953572822          0.213412631088          0.213193723604          0.214920803159          0.213777312785          0.212742742894          0.214729062288          0.208628666307          0.212762902909          0.206608129448          0.207296480835          0.210591833030          0.206203767528          0.217321910931                       
        0.239179146170          0.215284122557          0.220075539556          0.218253764111          0.219273743200          0.211761990287          0.214576443143          0.207448426823          0.210773403562          0.207389928522          0.210399720967          0.210371143874          0.212448280886          0.213659467025          0.214927229297          0.214618410072          0.216154010419          0.212402645378          0.214896740381          0.208686662151          0.210890453790          0.206933559757          0.205878973023          0.210780824841          0.206767483350          0.217213875248                        
        0.235810449701          0.218671443431          0.218553455770          0.220529835369          0.218121568459          0.213394379514          0.211786796911          0.209732079255          0.206318559751          0.210503979857          0.206850926011          0.213076431158          0.212160852302          0.215176065223          0.216362041673          0.215849892831          0.214766428559          0.214553411923          0.208853198538          0.210949049964          0.205110412752          0.206203124464          0.209344109857          0.206953030293          0.217806241213                         
        0.239520203676          0.217158694010          0.220828990157          0.219371279489          0.219802850718          0.210619967814          0.214115992132          0.205298909275          0.209414397972          0.206953839919          0.209510883458          0.212787783148          0.213665152688          0.216612783601          0.217603644749          0.214464398892          0.216940412682          0.208519104258          0.211116536004          0.205168117015          0.204386804695          0.209673614160          0.205542086039          0.218001917093                          
        0.237863747672          0.219420086231          0.219665803511          0.221062257317          0.216941541842          0.212936417714          0.209590995676          0.208379769966          0.205877669286          0.209615035178          0.209226148129          0.214296657919          0.215089458723          0.217855801785          0.216200952332          0.216635289116          0.210839608346          0.210778854757          0.205325978641          0.204444080096          0.207823525878          0.205865561262          0.216514421690                           
        0.240340101391          0.218264563791          0.221359223501          0.218185217304          0.219329359940          0.208436352740          0.212735131332          0.204861222562          0.208526258597          0.209330703866          0.210710023759          0.215725385035          0.216324128355          0.216452500741          0.218390897536          0.210543221092          0.213124336947          0.204998298497          0.204602356802          0.207882739550          0.204049321174          0.216855259074                            
        0.239073769474          0.219947213689          0.218472101415          0.220586399574          0.214692903423          0.211563193628          0.209139845184          0.207496565922          0.208238256197          0.210815139334          0.212114615166          0.216963663905          0.214924068957          0.218644735457          0.212246449656          0.212824669760          0.207277729600          0.204275635849          0.208036855133          0.204107349568          0.214942528410                             
        0.240916937209          0.217079131856          0.220879819054          0.215923651930          0.217914837464          0.207987841333          0.211831111724          0.207210762317          0.209716745179          0.212220325201          0.213332309993          0.215560024869          0.217102594769          0.212493676197          0.214547135561          0.206986282179          0.206547434996          0.207705603320          0.204259205142          0.215003506950                              
        0.237774282077          0.219471180617          0.216209060828          0.219163810803          0.214234791131          0.210664240233          0.211536451771          0.208681687076          0.211116667440          0.213438618352          0.211952900449          0.217744840845          0.210992005514          0.214796892841          0.208665027445          0.206256975717          0.210013653915          0.203933871942          0.215164941132                               
        0.240395018794          0.214830444047          0.219455496140          0.215462207168          0.216990959950          0.210371284757          0.213039137216          0.210074431205          0.212328357340          0.212057883377          0.214101049970          0.211616418654          0.213279734675          0.208907353453          0.207929228918          0.209718215638          0.206200194128          0.214822047222                                
        0.235311585842          0.218055959656          0.215753831391          0.218234264246          0.216692134327          0.211865658005          0.214462507063          0.211280164982          0.210961745411          0.214207243106          0.208075796273          0.213910843690          0.207435947987          0.208170784570          0.211423664432          0.205910111823          0.217209931636                                 
        0.238844948051          0.214377446302          0.218528400861          0.217933160702          0.218230405526          0.213281110693          0.215693150956          0.209919290108          0.213098211297          0.208178653083          0.210331704506          0.208049422905          0.206703815098          0.211668411281          0.207584234159          0.216904364172                                  
        0.234816660697          0.217134419045          0.218231767716          0.219480429909          0.219687370278          0.214504992543          0.214308071345          0.212045450861          0.207104108350          0.210435756919          0.204568017631          0.207315181568          0.210182356825          0.207824592656          0.218666848731                                   
        0.237836236695          0.216839162559          0.219779437772          0.220945892284          0.220948115835          0.213127398456          0.216477544835          0.206080467174          0.209348710678          0.204669596143          0.203846088209          0.210803554999          0.206365104627          0.218920212014                                    
        0.237513682703          0.218377131764          0.221244785150          0.222213853733          0.219525323158          0.215284961962          0.210389694950          0.208314099269          0.203608065847          0.203947245115          0.207275342010          0.206975053696          0.217381535864                                     
        0.239197980439          0.219833296800          0.222514769985          0.220783612857          0.221748615053          0.209230604008          0.212669543357          0.202602439931          0.202890211672          0.207378773262          0.203510956873          0.218024153468                                      
        0.240792540082          0.221095164756          0.221075871794          0.223019477407          0.215510603334          0.211497905230          0.206835787676          0.201888024134          0.206298013485          0.203612469645          0.214375189498                                       
        0.242174793358          0.219666109732          0.223316446776          0.216746081625          0.217846438920          0.205696387235          0.206106939210          0.205279865670          0.202551773962          0.214482018000                                        
        0.240608254241          0.221892231557          0.217031596157          0.219095215605          0.211873091095          0.204971532829          0.209566123139          0.201552051537          0.213365965590                                         
        0.243046937726          0.215647794267          0.219384639936          0.213087209927          0.211126075825          0.208411774885          0.205760742990          0.212312689132                                          
        0.236206632556          0.217985750251          0.213372863385          0.212335981770          0.214672916423          0.204627345647          0.216746898980                                           
        0.238767622803          0.212011907795          0.212619888170          0.215902532449          0.210774558299          0.215552954444                                            
        0.232225039067          0.211263802647          0.216196931506          0.211981887726          0.222027707100                                             
        0.231405466622          0.214817456659          0.212270517397          0.223299613973                                              
        0.235298960832          0.210916136464          0.223602405456                                               
        0.231025595121          0.222175837997                                                
        0.243358596101                                                 
