       -0.167795164363         -0.167795164436         -0.167795164468         -0.167795164482         -0.167795164488         -0.167795164490         -0.167795164492         -0.167795164492         -0.167795164492         -0.167795164493         -0.167795164492         -0.167795164492         -0.167795164492         -0.167795164492         -0.167795164492         -0.167795164492         -0.167795164492         -0.167795164492         -0.167795164493         -0.167795164492         -0.167795164492         -0.167795164493         -0.167795164492         -0.167795164492         -0.167795164492         -0.167795164492
        0.118206013296          0.118206013344          0.118206013365          0.118206013373          0.118206013377          0.118206013379          0.118206013379          0.118206013380          0.118206013380          0.118206013381          0.118206013379          0.118206013380          0.118206013380          0.118206013380          0.118206013380          0.118206013381          0.118206013381          0.118206013381          0.118206013381          0.118206013381          0.118206013381          0.118206013381          0.118206013381          0.118206013381          0.118206013381          0.118206013381
       -0.082080789764         -0.082080789796         -0.082080789809         -0.082080789815         -0.082080789817         -0.082080789818         -0.082080789819         -0.082080789819         -0.082080789820         -0.082080789823         -0.082080789830         -0.082080789829         -0.082080789829         -0.082080789829         -0.082080789830         -0.082080789830         -0.082080789830         -0.082080789830         -0.082080789830         -0.082080789830         -0.082080789830         -0.082080789830         -0.082080789830         -0.082080789830         -0.082080789830         -0.082080789830
        0.055969265200          0.055969265222          0.055969265231          0.055969265234          0.055969265236          0.055969265236          0.055969265237          0.055969265237          0.055969265237          0.055969265194          0.055969265195          0.055969265194          0.055969265194          0.055969265195          0.055969265195          0.055969265196          0.055969265195          0.055969265195          0.055969265195          0.055969265195          0.055969265195          0.055969265195          0.055969265195          0.055969265195          0.055969265195          0.055969265195
       -0.037704642190         -0.037704642203         -0.037704642209         -0.037704642211         -0.037704642212         -0.037704642212         -0.037704642212         -0.037704642211         -0.037704642209         -0.037704642222         -0.037704642213         -0.037704642212         -0.037704642212         -0.037704642212         -0.037704642211         -0.037704642212         -0.037704642212         -0.037704642212         -0.037704642213         -0.037704642213         -0.037704642213         -0.037704642213         -0.037704642213         -0.037704642213         -0.037704642213         -0.037704642213
        0.025196033245          0.025196033252          0.025196033257          0.025196033258          0.025196033259          0.025196033258          0.025196033256          0.025196033311          0.025196033316          0.025196033383          0.025196033373          0.025196033372          0.025196033372          0.025196033370          0.025196033373          0.025196033371          0.025196033372          0.025196033373          0.025196033373          0.025196033373          0.025196033373          0.025196033373          0.025196033373          0.025196033373          0.025196033373          0.025196033373
       -0.016744780902         -0.016744780909         -0.016744780913         -0.016744780914         -0.016744780914         -0.016744780912         -0.016744780992         -0.016744780966         -0.016744780966         -0.016744781045         -0.016744781037         -0.016744781035         -0.016744781034         -0.016744781039         -0.016744781039         -0.016744781035         -0.016744781036         -0.016744781036         -0.016744781036         -0.016744781036         -0.016744781036         -0.016744781036         -0.016744781036         -0.016744781036         -0.016744781037         -0.016744781033
        0.011085803689          0.011085803695          0.011085803699          0.011085803700          0.011085803699          0.011085803779          0.011085803731          0.011085803629          0.011085803629          0.011085803699          0.011085803693          0.011085803691          0.011085803696          0.011085803700          0.011085803697          0.011085803692          0.011085803692          0.011085803693          0.011085803693          0.011085803693          0.011085803693          0.011085803693          0.011085803693          0.011085803693          0.011085803690          0.011085803692
       -0.007319583055         -0.007319583061         -0.007319583064         -0.007319583064         -0.007319583131         -0.007319583079         -0.007319582925         -0.007319582803         -0.007319582804         -0.007319582860         -0.007319582854         -0.007319582859         -0.007319582864         -0.007319582865         -0.007319582860         -0.007319582855         -0.007319582855         -0.007319582855         -0.007319582855         -0.007319582855         -0.007319582856         -0.007319582856         -0.007319582856         -0.007319582854         -0.007319582856         -0.007319582867
        0.004823636041          0.004823636045          0.004823636047          0.004823636099          0.004823636054          0.004823635897          0.004823635712          0.004823635601          0.004823635602          0.004823635644          0.004823635644          0.004823635649          0.004823635652          0.004823635650          0.004823635645          0.004823635641          0.004823635641          0.004823635641          0.004823635641          0.004823635641          0.004823635641          0.004823635642          0.004823635640          0.004823635642          0.004823635651          0.004823635660
       -0.003174449056         -0.003174449059         -0.003174449098         -0.003174449062         -0.003174448928         -0.003174448740         -0.003174448570         -0.003174448480         -0.003174448480         -0.003174448515         -0.003174448517         -0.003174448519         -0.003174448519         -0.003174448517         -0.003174448512         -0.003174448509         -0.003174448510         -0.003174448510         -0.003174448510         -0.003174448510         -0.003174448510         -0.003174448509         -0.003174448510         -0.003174448518         -0.003174448526         -0.003174448530
        0.002087066716          0.002087066745          0.002087066718          0.002087066614          0.002087066453          0.002087066280          0.002087066142          0.002087066074          0.002087066076          0.002087066102          0.002087066103          0.002087066103          0.002087066103          0.002087066100          0.002087066097          0.002087066095          0.002087066095          0.002087066095          0.002087066095          0.002087066095          0.002087066094          0.002087066095          0.002087066101          0.002087066108          0.002087066112          0.002087066113
       -0.001371196785         -0.001371196767         -0.001371196691         -0.001371196565         -0.001371196416         -0.001371196276         -0.001371196172         -0.001371196124         -0.001371196126         -0.001371196144         -0.001371196144         -0.001371196144         -0.001371196143         -0.001371196141         -0.001371196138         -0.001371196137         -0.001371196137         -0.001371196137         -0.001371196137         -0.001371196137         -0.001371196137         -0.001371196141         -0.001371196146         -0.001371196150         -0.001371196152         -0.001371196153
        0.000900423004          0.000900422950          0.000900422858          0.000900422742          0.000900422622          0.000900422516          0.000900422442          0.000900422409          0.000900422410          0.000900422422          0.000900422421          0.000900422421          0.000900422420          0.000900422418          0.000900422416          0.000900422415          0.000900422415          0.000900422416          0.000900422415          0.000900422416          0.000900422418          0.000900422422          0.000900422425          0.000900422427          0.000900422428          0.000900422429
       -0.000591071961         -0.000591071896         -0.000591071811         -0.000591071717         -0.000591071626         -0.000591071550         -0.000591071499         -0.000591071476         -0.000591071476         -0.000591071484         -0.000591071483         -0.000591071483         -0.000591071482         -0.000591071481         -0.000591071480         -0.000591071479         -0.000591071479         -0.000591071479         -0.000591071480         -0.000591071481         -0.000591071484         -0.000591071486         -0.000591071488         -0.000591071489         -0.000591071490         -0.000591071490
        0.000387906427          0.000387906367          0.000387906298          0.000387906227          0.000387906162          0.000387906110          0.000387906075          0.000387906059          0.000387906058          0.000387906064          0.000387906063          0.000387906063          0.000387906062          0.000387906061          0.000387906060          0.000387906060          0.000387906060          0.000387906060          0.000387906061          0.000387906063          0.000387906065          0.000387906066          0.000387906067          0.000387906068          0.000387906068          0.000387906068
       -0.000254530096         -0.000254530047         -0.000254529995         -0.000254529944         -0.000254529899         -0.000254529863         -0.000254529839         -0.000254529828         -0.000254529828         -0.000254529831         -0.000254529831         -0.000254529831         -0.000254529830         -0.000254529830         -0.000254529829         -0.000254529829         -0.000254529829         -0.000254529830         -0.000254529831         -0.000254529832         -0.000254529833         -0.000254529834         -0.000254529835         -0.000254529835         -0.000254529835         -0.000254529835
        0.000166993592          0.000166993555          0.000166993518          0.000166993483          0.000166993452          0.000166993428          0.000166993411          0.000166993404          0.000166993403          0.000166993406          0.000166993405          0.000166993405          0.000166993405          0.000166993405          0.000166993404          0.000166993404          0.000166993405          0.000166993405          0.000166993406          0.000166993407          0.000166993407          0.000166993408          0.000166993408          0.000166993409          0.000166993408          0.000166993408
       -0.000109553109         -0.000109553083         -0.000109553057         -0.000109553033         -0.000109553012         -0.000109552996         -0.000109552985         -0.000109552980         -0.000109552979         -0.000109552981         -0.000109552981         -0.000109552980         -0.000109552980         -0.000109552980         -0.000109552980         -0.000109552980         -0.000109552981         -0.000109552981         -0.000109552981         -0.000109552982         -0.000109552982         -0.000109552983         -0.000109552983         -0.000109552983         -0.000109552983         -0.000109552983
        0.000071866133          0.000071866115          0.000071866097          0.000071866081          0.000071866067          0.000071866056          0.000071866049          0.000071866045          0.000071866045          0.000071866046          0.000071866046          0.000071866046          0.000071866046          0.000071866046          0.000071866046          0.000071866046          0.000071866046          0.000071866046          0.000071866047          0.000071866047          0.000071866047          0.000071866048          0.000071866048          0.000071866048          0.000071866048          0.000071866048
       -0.000047141684         -0.000047141671         -0.000047141660         -0.000047141649         -0.000047141640         -0.000047141632         -0.000047141627         -0.000047141625         -0.000047141625         -0.000047141626         -0.000047141626         -0.000047141625         -0.000047141625         -0.000047141625         -0.000047141626         -0.000047141626         -0.000047141626         -0.000047141626         -0.000047141626         -0.000047141626         -0.000047141627         -0.000047141627         -0.000047141627         -0.000047141627         -0.000047141627         -0.000047141627
        0.000030922241          0.000030922233          0.000030922225          0.000030922217          0.000030922211          0.000030922207          0.000030922203          0.000030922202          0.000030922202          0.000030922202          0.000030922202          0.000030922202          0.000030922202          0.000030922202          0.000030922202          0.000030922202          0.000030922202          0.000030922203          0.000030922203          0.000030922203          0.000030922203          0.000030922203          0.000030922203          0.000030922203          0.000030922203          0.000030922203
       -0.000020282606         -0.000020282600         -0.000020282595         -0.000020282590         -0.000020282586         -0.000020282583         -0.000020282581         -0.000020282580         -0.000020282580         -0.000020282580         -0.000020282580         -0.000020282580         -0.000020282580         -0.000020282580         -0.000020282580         -0.000020282580         -0.000020282580         -0.000020282580         -0.000020282580         -0.000020282580         -0.000020282580         -0.000020282580         -0.000020282581         -0.000020282581         -0.000020282581         -0.000020282581
        0.000013303441          0.000013303437          0.000013303433          0.000013303430          0.000013303428          0.000013303426          0.000013303424          0.000013303424          0.000013303423          0.000013303424          0.000013303424          0.000013303424          0.000013303424          0.000013303424          0.000013303424          0.000013303424          0.000013303424          0.000013303424          0.000013303424          0.000013303424          0.000013303424          0.000013303424          0.000013303424          0.000013303424          0.000013303424          0.000013303424
       -0.000008725520         -0.000008725517         -0.000008725515         -0.000008725513         -0.000008725511         -0.000008725510         -0.000008725509         -0.000008725508         -0.000008725508         -0.000008725508         -0.000008725509         -0.000008725509         -0.000008725509         -0.000008725509         -0.000008725509         -0.000008725509         -0.000008725509         -0.000008725509         -0.000008725509         -0.000008725509         -0.000008725509         -0.000008725509         -0.000008725509         -0.000008725509         -0.000008725509         -0.000008725509
        0.000005722751          0.000005722749          0.000005722747          0.000005722746          0.000005722745          0.000005722744          0.000005722743          0.000005722743          0.000005722743          0.000005722743          0.000005722743          0.000005722743          0.000005722743          0.000005722743          0.000005722743          0.000005722743          0.000005722743          0.000005722743          0.000005722743          0.000005722743          0.000005722743          0.000005722743          0.000005722744          0.000005722744          0.000005722744          0.000005722743
       -0.000003753214         -0.000003753213         -0.000003753212         -0.000003753211         -0.000003753210         -0.000003753210         -0.000003753209         -0.000003753209         -0.000003753209         -0.000003753209         -0.000003753209         -0.000003753209         -0.000003753209         -0.000003753209         -0.000003753209         -0.000003753209         -0.000003753209         -0.000003753209         -0.000003753209         -0.000003753209         -0.000003753209         -0.000003753209         -0.000003753209         -0.000003753209         -0.000003753209         -0.000003753209
        0.000002461419          0.000002461418          0.000002461417          0.000002461417          0.000002461416          0.000002461416          0.000002461416          0.000002461415          0.000002461415          0.000002461415          0.000002461415          0.000002461415          0.000002461415          0.000002461415          0.000002461415          0.000002461416          0.000002461416          0.000002461416          0.000002461416          0.000002461416          0.000002461416          0.000002461416          0.000002461416          0.000002461416          0.000002461416          0.000002461416
       -0.000001614172         -0.000001614172         -0.000001614171         -0.000001614171         -0.000001614171         -0.000001614171         -0.000001614170         -0.000001614170         -0.000001614170         -0.000001614170         -0.000001614170         -0.000001614170         -0.000001614170         -0.000001614170         -0.000001614170         -0.000001614170         -0.000001614170         -0.000001614170         -0.000001614170         -0.000001614170         -0.000001614170         -0.000001614170         -0.000001614170         -0.000001614170         -0.000001614170         -0.000001614170
        0.000001058511          0.000001058511          0.000001058510          0.000001058510          0.000001058510          0.000001058510          0.000001058510          0.000001058510          0.000001058510          0.000001058510          0.000001058510          0.000001058510          0.000001058510          0.000001058510          0.000001058510          0.000001058510          0.000001058510          0.000001058510          0.000001058510          0.000001058510          0.000001058510          0.000001058510          0.000001058510          0.000001058510          0.000001058510          0.000001058510
       -0.000000694098         -0.000000694097         -0.000000694097         -0.000000694097         -0.000000694097         -0.000000694097         -0.000000694097         -0.000000694097         -0.000000694097         -0.000000694097         -0.000000694097         -0.000000694097         -0.000000694097         -0.000000694097         -0.000000694097         -0.000000694097         -0.000000694097         -0.000000694097         -0.000000694097         -0.000000694097         -0.000000694097         -0.000000694097         -0.000000694097         -0.000000694097         -0.000000694097         -0.000000694097
        0.000000455118          0.000000455118          0.000000455118          0.000000455118          0.000000455118          0.000000455118          0.000000455118          0.000000455118          0.000000455118          0.000000455118          0.000000455118          0.000000455118          0.000000455118          0.000000455118          0.000000455118          0.000000455118          0.000000455118          0.000000455118          0.000000455118          0.000000455118          0.000000455118          0.000000455118          0.000000455118          0.000000455118          0.000000455118          0.000000455118
       -0.000000298405         -0.000000298405         -0.000000298405         -0.000000298405         -0.000000298405         -0.000000298405         -0.000000298405         -0.000000298405         -0.000000298405         -0.000000298405         -0.000000298405         -0.000000298405         -0.000000298405         -0.000000298405         -0.000000298405         -0.000000298405         -0.000000298405         -0.000000298405         -0.000000298405         -0.000000298405         -0.000000298405         -0.000000298405         -0.000000298405         -0.000000298405         -0.000000298405         -0.000000298405
        0.000000195643          0.000000195643          0.000000195643          0.000000195643          0.000000195643          0.000000195643          0.000000195643          0.000000195643          0.000000195643          0.000000195643          0.000000195643          0.000000195643          0.000000195643          0.000000195643          0.000000195643          0.000000195643          0.000000195643          0.000000195643          0.000000195643          0.000000195643          0.000000195643          0.000000195643          0.000000195643          0.000000195643          0.000000195643          0.000000195643
       -0.000000128263         -0.000000128263         -0.000000128263         -0.000000128263         -0.000000128263         -0.000000128263         -0.000000128263         -0.000000128263         -0.000000128263         -0.000000128263         -0.000000128263         -0.000000128263         -0.000000128263         -0.000000128263         -0.000000128263         -0.000000128263         -0.000000128263         -0.000000128263         -0.000000128263         -0.000000128263         -0.000000128263         -0.000000128263         -0.000000128263         -0.000000128263         -0.000000128263         -0.000000128263
        0.000000084084          0.000000084084          0.000000084084          0.000000084084          0.000000084084          0.000000084084          0.000000084084          0.000000084084          0.000000084084          0.000000084084          0.000000084084          0.000000084084          0.000000084084          0.000000084084          0.000000084084          0.000000084084          0.000000084084          0.000000084084          0.000000084084          0.000000084084          0.000000084084          0.000000084084          0.000000084084          0.000000084084          0.000000084084          0.000000084084
       -0.000000055119         -0.000000055119         -0.000000055119         -0.000000055119         -0.000000055119         -0.000000055119         -0.000000055119         -0.000000055119         -0.000000055119         -0.000000055119         -0.000000055119         -0.000000055119         -0.000000055119         -0.000000055119         -0.000000055119         -0.000000055119         -0.000000055119         -0.000000055119         -0.000000055119         -0.000000055119         -0.000000055119         -0.000000055119         -0.000000055119         -0.000000055119         -0.000000055119         -0.000000055119
        0.000000036130          0.000000036130          0.000000036130          0.000000036130          0.000000036130          0.000000036130          0.000000036130          0.000000036130          0.000000036130          0.000000036130          0.000000036130          0.000000036130          0.000000036130          0.000000036130          0.000000036130          0.000000036130          0.000000036130          0.000000036130          0.000000036130          0.000000036130          0.000000036130          0.000000036130          0.000000036130          0.000000036130          0.000000036130          0.000000036130
       -0.000000023681         -0.000000023681         -0.000000023681         -0.000000023681         -0.000000023681         -0.000000023681         -0.000000023681         -0.000000023681         -0.000000023681         -0.000000023681         -0.000000023681         -0.000000023681         -0.000000023681         -0.000000023681         -0.000000023681         -0.000000023681         -0.000000023681         -0.000000023681         -0.000000023681         -0.000000023681         -0.000000023681         -0.000000023681         -0.000000023681         -0.000000023681         -0.000000023681         -0.000000023681
        0.000000015521          0.000000015521          0.000000015521          0.000000015521          0.000000015521          0.000000015521          0.000000015521          0.000000015521          0.000000015521          0.000000015521          0.000000015521          0.000000015521          0.000000015521          0.000000015521          0.000000015521          0.000000015521          0.000000015521          0.000000015521          0.000000015521          0.000000015521          0.000000015521          0.000000015521          0.000000015521          0.000000015521          0.000000015521          0.000000015521
       -0.000000010172         -0.000000010172         -0.000000010172         -0.000000010172         -0.000000010172         -0.000000010172         -0.000000010172         -0.000000010172         -0.000000010172         -0.000000010172         -0.000000010172         -0.000000010172         -0.000000010172         -0.000000010172         -0.000000010172         -0.000000010172         -0.000000010172         -0.000000010172         -0.000000010172         -0.000000010172         -0.000000010172         -0.000000010172         -0.000000010172         -0.000000010172         -0.000000010172         -0.000000010173
        0.000000006666          0.000000006666          0.000000006666          0.000000006666          0.000000006666          0.000000006666          0.000000006666          0.000000006666          0.000000006666          0.000000006666          0.000000006666          0.000000006666          0.000000006666          0.000000006666          0.000000006666          0.000000006666          0.000000006666          0.000000006666          0.000000006666          0.000000006666          0.000000006666          0.000000006666          0.000000006666          0.000000006666          0.000000006667          0.000000006667
       -0.000000004368         -0.000000004368         -0.000000004368         -0.000000004368         -0.000000004368         -0.000000004368         -0.000000004368         -0.000000004368         -0.000000004368         -0.000000004368         -0.000000004368         -0.000000004368         -0.000000004368         -0.000000004368         -0.000000004368         -0.000000004368         -0.000000004368         -0.000000004368         -0.000000004368         -0.000000004368         -0.000000004368         -0.000000004368         -0.000000004369         -0.000000004369         -0.000000004369         -0.000000004370
        0.000000002862          0.000000002862          0.000000002862          0.000000002862          0.000000002862          0.000000002862          0.000000002862          0.000000002862          0.000000002862          0.000000002862          0.000000002862          0.000000002862          0.000000002862          0.000000002862          0.000000002862          0.000000002862          0.000000002862          0.000000002862          0.000000002862          0.000000002862          0.000000002862          0.000000002863          0.000000002863          0.000000002863          0.000000002864          0.000000002865
       -0.000000001876         -0.000000001876         -0.000000001876         -0.000000001876         -0.000000001876         -0.000000001876         -0.000000001876         -0.000000001876         -0.000000001876         -0.000000001876         -0.000000001876         -0.000000001876         -0.000000001876         -0.000000001876         -0.000000001876         -0.000000001876         -0.000000001876         -0.000000001876         -0.000000001876         -0.000000001876         -0.000000001876         -0.000000001876         -0.000000001876         -0.000000001876         -0.000000001878         -0.000000001880
        0.000000001229          0.000000001229          0.000000001229          0.000000001229          0.000000001229          0.000000001229          0.000000001229          0.000000001229          0.000000001229          0.000000001229          0.000000001229          0.000000001229          0.000000001229          0.000000001229          0.000000001229          0.000000001229          0.000000001229          0.000000001229          0.000000001229          0.000000001229          0.000000001229          0.000000001229          0.000000001229          0.000000001230          0.000000001232          0.000000001236
       -0.000000000805         -0.000000000805         -0.000000000805         -0.000000000805         -0.000000000805         -0.000000000805         -0.000000000805         -0.000000000805         -0.000000000805         -0.000000000805         -0.000000000805         -0.000000000805         -0.000000000805         -0.000000000805         -0.000000000805         -0.000000000805         -0.000000000805         -0.000000000805         -0.000000000805         -0.000000000805         -0.000000000805         -0.000000000805         -0.000000000806         -0.000000000807         -0.000000000810         -0.000000000816
        0.000000000527          0.000000000527          0.000000000527          0.000000000527          0.000000000527          0.000000000527          0.000000000527          0.000000000527          0.000000000527          0.000000000527          0.000000000527          0.000000000527          0.000000000527          0.000000000527          0.000000000527          0.000000000527          0.000000000527          0.000000000527          0.000000000528          0.000000000528          0.000000000528          0.000000000528          0.000000000529          0.000000000531          0.000000000535          0.000000000544
       -0.000000000346         -0.000000000346         -0.000000000346         -0.000000000346         -0.000000000346         -0.000000000346         -0.000000000346         -0.000000000346         -0.000000000346         -0.000000000346         -0.000000000346         -0.000000000346         -0.000000000346         -0.000000000346         -0.000000000346         -0.000000000346         -0.000000000346         -0.000000000346         -0.000000000346         -0.000000000346         -0.000000000346         -0.000000000346         -0.000000000348         -0.000000000350         -0.000000000356         -0.000000000370
        0.000000000226          0.000000000226          0.000000000226          0.000000000226          0.000000000226          0.000000000226          0.000000000226          0.000000000226          0.000000000226          0.000000000226          0.000000000226          0.000000000226          0.000000000226          0.000000000226          0.000000000226          0.000000000226          0.000000000226          0.000000000226          0.000000000226          0.000000000227          0.000000000227          0.000000000228          0.000000000229          0.000000000233          0.000000000242          0.000000000263
       -0.000000000148         -0.000000000148         -0.000000000148         -0.000000000148         -0.000000000148         -0.000000000148         -0.000000000148         -0.000000000148         -0.000000000148         -0.000000000148         -0.000000000148         -0.000000000148         -0.000000000148         -0.000000000148         -0.000000000148         -0.000000000148         -0.000000000148         -0.000000000148         -0.000000000148         -0.000000000149         -0.000000000149         -0.000000000150         -0.000000000153         -0.000000000159         -0.000000000172 
        0.000000000097          0.000000000097          0.000000000097          0.000000000097          0.000000000097          0.000000000097          0.000000000097          0.000000000097          0.000000000097          0.000000000097          0.000000000097          0.000000000097          0.000000000097          0.000000000097          0.000000000097          0.000000000097          0.000000000097          0.000000000097          0.000000000097          0.000000000098          0.000000000098          0.000000000100          0.000000000104          0.000000000113  
       -0.000000000064         -0.000000000064         -0.000000000064         -0.000000000064         -0.000000000064         -0.000000000064         -0.000000000064         -0.000000000064         -0.000000000064         -0.000000000064         -0.000000000064         -0.000000000064         -0.000000000064         -0.000000000064         -0.000000000064         -0.000000000064         -0.000000000064         -0.000000000064         -0.000000000064         -0.000000000064         -0.000000000066         -0.000000000068         -0.000000000074   
        0.000000000042          0.000000000042          0.000000000042          0.000000000042          0.000000000042          0.000000000042          0.000000000042          0.000000000042          0.000000000042          0.000000000042          0.000000000042          0.000000000042          0.000000000042          0.000000000042          0.000000000042          0.000000000042          0.000000000042          0.000000000042          0.000000000042          0.000000000043          0.000000000045          0.000000000048    
       -0.000000000027         -0.000000000027         -0.000000000027         -0.000000000027         -0.000000000027         -0.000000000027         -0.000000000027         -0.000000000027         -0.000000000027         -0.000000000027         -0.000000000027         -0.000000000027         -0.000000000027         -0.000000000027         -0.000000000027         -0.000000000027         -0.000000000027         -0.000000000028         -0.000000000028         -0.000000000029         -0.000000000032     
        0.000000000018          0.000000000018          0.000000000018          0.000000000018          0.000000000018          0.000000000018          0.000000000018          0.000000000018          0.000000000018          0.000000000018          0.000000000018          0.000000000018          0.000000000018          0.000000000018          0.000000000018          0.000000000018          0.000000000018          0.000000000018          0.000000000019          0.000000000021      
       -0.000000000012         -0.000000000012         -0.000000000012         -0.000000000012         -0.000000000012         -0.000000000012         -0.000000000012         -0.000000000012         -0.000000000012         -0.000000000012         -0.000000000012         -0.000000000012         -0.000000000012         -0.000000000012         -0.000000000012         -0.000000000012         -0.000000000012         -0.000000000013         -0.000000000014       
        0.000000000008          0.000000000008          0.000000000008          0.000000000008          0.000000000008          0.000000000008          0.000000000008          0.000000000008          0.000000000008          0.000000000008          0.000000000008          0.000000000008          0.000000000008          0.000000000008          0.000000000008          0.000000000008          0.000000000008          0.000000000009        
       -0.000000000005         -0.000000000005         -0.000000000005         -0.000000000005         -0.000000000005         -0.000000000005         -0.000000000005         -0.000000000005         -0.000000000005         -0.000000000005         -0.000000000005         -0.000000000005         -0.000000000005         -0.000000000005         -0.000000000005         -0.000000000005         -0.000000000006         
        0.000000000003          0.000000000003          0.000000000003          0.000000000003          0.000000000003          0.000000000003          0.000000000003          0.000000000003          0.000000000003          0.000000000003          0.000000000003          0.000000000003          0.000000000003          0.000000000003          0.000000000004          0.000000000004          
       -0.000000000002         -0.000000000002         -0.000000000002         -0.000000000002         -0.000000000002         -0.000000000002         -0.000000000002         -0.000000000002         -0.000000000002         -0.000000000002         -0.000000000002         -0.000000000002         -0.000000000002         -0.000000000002         -0.000000000003           
        0.000000000001          0.000000000001          0.000000000001          0.000000000001          0.000000000001          0.000000000001          0.000000000001          0.000000000001          0.000000000001          0.000000000001          0.000000000001          0.000000000001          0.000000000002          0.000000000002            
       -0.000000000001         -0.000000000001         -0.000000000001         -0.000000000001         -0.000000000001         -0.000000000001         -0.000000000001         -0.000000000001         -0.000000000001         -0.000000000001         -0.000000000001         -0.000000000001         -0.000000000001             
        0.000000000001          0.000000000001          0.000000000001          0.000000000001          0.000000000001          0.000000000001          0.000000000001          0.000000000001          0.000000000001          0.000000000001          0.000000000001          0.000000000001              
       -0.000000000000         -0.000000000000         -0.000000000000         -0.000000000000         -0.000000000000         -0.000000000000         -0.000000000000         -0.000000000000         -0.000000000000         -0.000000000000         -0.000000000000               
        0.000000000000          0.000000000000          0.000000000000          0.000000000000          0.000000000000          0.000000000000          0.000000000000          0.000000000000          0.000000000000          0.000000000000                
       -0.000000000000         -0.000000000000         -0.000000000000         -0.000000000000         -0.000000000000         -0.000000000000         -0.000000000000         -0.000000000000         -0.000000000000                 
        0.000000000000          0.000000000000          0.000000000000          0.000000000000          0.000000000000          0.000000000000          0.000000000000          0.000000000000                  
       -0.000000000000         -0.000000000000         -0.000000000000         -0.000000000000         -0.000000000000         -0.000000000000         -0.000000000000                   
        0.000000000000          0.000000000000          0.000000000000          0.000000000000          0.000000000000          0.000000000000                    
       -0.000000000000         -0.000000000000         -0.000000000000         -0.000000000000         -0.000000000000                     
        0.000000000000          0.000000000000          0.000000000000          0.000000000000                      
       -0.000000000000         -0.000000000000         -0.000000000000                       
        0.000000000000          0.000000000000                        
       -0.000000000000                         
