        0.192028746411          0.198607863616          0.202122851889          0.198067841818          0.192055020871          0.192073388560          0.197902819221          0.201668045318          0.198446872917          0.192680491363          0.192065977416          0.197303177432          0.201322875329          0.198807072811          0.193206755482          0.192017703119          0.196765137267          0.201053894356          0.199166939709          0.193671393362          0.191931774228          0.196256921462          0.200840821941          0.199543648623          0.194101550598          0.191806545846
       -0.102109553161         -0.105423157569         -0.105183868764         -0.101830749223         -0.099878458853         -0.101844524563         -0.105005994541         -0.105146429504         -0.102154684566         -0.100060880296         -0.101611780124         -0.104669506748         -0.105143330516         -0.102444725377         -0.100206372775         -0.101396362183         -0.104385639384         -0.105169330425         -0.102719315255         -0.100326934440         -0.101186566102         -0.104135738093         -0.105223229722         -0.102993227597         -0.100430415478         -0.100971915612
        0.048776070628          0.050753940093          0.048404145077          0.044966884131          0.044998141460          0.048337884499          0.050471924910          0.048607748362          0.045307702017          0.044969098244          0.047970530556          0.050259400883          0.048806118557          0.045599280101          0.044925801520          0.047646271220          0.050095886270          0.049009225159          0.045862113096          0.044868490324          0.047345473695          0.049969030389          0.049226606188          0.046111317908          0.044795489344          0.047052231855
       -0.017080385924         -0.016831339945         -0.013305503501         -0.011253514855         -0.013325033536         -0.016654502693         -0.016804028276         -0.013656491408         -0.011454083923         -0.013088384969         -0.016308804747         -0.016808665563         -0.013968351758         -0.011612604831         -0.012866553038         -0.016014868757         -0.016840558686         -0.014261083426         -0.011742274409         -0.012647864624         -0.015753658675         -0.016898848031         -0.014550479871         -0.011851602737         -0.012421610429         -0.015510801029
       -0.004092469615         -0.006397950641         -0.009788269654         -0.009760430056         -0.006460656737         -0.004343396769         -0.006174669309         -0.009430940248         -0.009767017984         -0.006801620991         -0.004534992786         -0.005964466144         -0.009130074645         -0.009796081965         -0.007108338224         -0.004685613917         -0.005756255317         -0.008864222194         -0.009845902318         -0.007398748331         -0.004806453045         -0.005540039741         -0.008617941551         -0.009917440260         -0.007687839318         -0.004904768101
        0.015430277444          0.018776716882          0.020732218517          0.018760159772          0.015579223289          0.015422458547          0.018413156918          0.020511720527          0.018955198461          0.015880919003          0.015395778786          0.018097489419          0.020342358692          0.019147607124          0.016144064116          0.015352720999          0.017809124770          0.020209808575          0.019346539583          0.016385157213          0.015293080085          0.017532331060          0.020105173519          0.019561235724          0.016617106323          0.015214674132
       -0.019033806966         -0.022182350152         -0.022149660104         -0.019071695547         -0.017095024866         -0.018795587929         -0.021823134613         -0.022131524480         -0.019365793569         -0.017251207335         -0.018579899141         -0.021525821380         -0.022143470405         -0.019637422673         -0.017378533783         -0.018374686131         -0.021269024606         -0.022182499035         -0.019901884418         -0.017486242714         -0.018169782067         -0.021037702426         -0.022248833276         -0.020172470312         -0.017580614970         -0.017955255684
        0.016357956607          0.018229409500          0.016325473941          0.013265341019          0.013116888950          0.015992555530          0.018005566611          0.016503081783          0.013544546281          0.013079200540          0.015678224860          0.017834920494          0.016682321843          0.013791563523          0.013030750990          0.015394371684          0.017703163787          0.016871458087          0.014021638146          0.012970781364          0.015125477984          0.017601470389          0.017079105067          0.014246910541          0.012897004155          0.014858005090
       -0.009782027636         -0.009746643723         -0.006702617987         -0.004751915707         -0.006437994634         -0.009433050131         -0.009736115832         -0.006999798044         -0.004910401373         -0.006227554020         -0.009142598591         -0.009752587141         -0.007272669631         -0.005038829152         -0.006025806091         -0.008890033218         -0.009793555745         -0.007536681124         -0.005146562335         -0.005822939216         -0.008660734805         -0.009859440710         -0.007805082538         -0.005239888738         -0.005609227342         -0.008442917158
        0.001770922575         -0.000114722176         -0.003153091716         -0.003298404367         -0.000435475024          0.001571755835          0.000082211056         -0.002857352668         -0.003318569416         -0.000731469342          0.001416892329          0.000272997117         -0.002600968234         -0.003356859724         -0.001004658323          0.001293468370          0.000466847609         -0.002367902539         -0.003413069916         -0.001269539801          0.001193387014          0.000672723429         -0.002145795965         -0.003489122568         -0.001539217106          0.001111281329
        0.005266322943          0.008248658001          0.010162323105          0.008503398568          0.005553743794          0.005247531720          0.007931352532          0.009982746971          0.008686676629          0.005817512195          0.005213065662          0.007647948972          0.009842657220          0.008871596594          0.006054014267          0.005163892313          0.007382145835          0.009731699496          0.009066515370          0.006276519132          0.005098914135          0.007120528883          0.009643298239          0.009280480271          0.006496214405          0.005015189670
       -0.009517710474         -0.012475850906         -0.012613127603         -0.009815328547         -0.007851251949         -0.009300154967         -0.012165192489         -0.012612332116         -0.010084428091         -0.007984125917         -0.009098143459         -0.011901652684         -0.012637913352         -0.010340292284         -0.008095253482         -0.008901516764         -0.011668666727         -0.012688679913         -0.010596023681         -0.008191720225         -0.008701047052         -0.011453857802         -0.012766121746         -0.010863994197         -0.008278556300         -0.008486953036
        0.010173602476          0.012046590630          0.010412642748          0.007514468058          0.007213950411          0.009848648079          0.011859866536          0.010583528350          0.007763956086          0.007170244762          0.009561722920          0.011715938187          0.010760293768          0.007991542470          0.007116992424          0.009296313456          0.011604267282          0.010950698239          0.008209771988          0.007052756144          0.009039056430          0.011518250312          0.011163425297          0.008429460388          0.006974616688          0.008777278252
       -0.007554981045         -0.007688937994         -0.004911559518         -0.002964654699         -0.004405746997         -0.007250397261         -0.007692920241         -0.005182636331         -0.003098732286         -0.004206518459         -0.006990654539         -0.007721094193         -0.005439189368         -0.003210323674         -0.004011547802         -0.006759633473         -0.007772536785         -0.005694350748         -0.003306547951         -0.003811815145         -0.006545197270         -0.007848796890         -0.005960387431         -0.003392391275         -0.003597653362         -0.006336795626
        0.002868613407          0.001245275128         -0.001638122821         -0.001934474663          0.000693354305          0.002700540202          0.001431387029         -0.001375882504         -0.001965593583          0.000419117739          0.002567664311          0.001616484765         -0.001141840688         -0.002012570148          0.000159778982          0.002460383903          0.001808923066         -0.000923002320         -0.002076278543         -0.000097418741          0.002372494176          0.002017498615         -0.000708558545         -0.002159539931         -0.000365001172          0.002299805540
        0.002203639300          0.004951199834          0.006878106220          0.005446521416          0.002620700117          0.002176233653          0.004662227534          0.006726819902          0.005626470209          0.002862188715          0.002134745960          0.004396854827          0.006606824143          0.005811392665          0.003084412492          0.002079098790          0.004141382502          0.006510380019          0.006009424879          0.003298726642          0.002007409488          0.003883571053          0.006432478311          0.006229966876          0.003515498020          0.001915879529
       -0.006017728545         -0.008859351799         -0.009148101395         -0.006549928819         -0.004563487240         -0.005813233621         -0.008582697601         -0.009162694212         -0.006805380973         -0.004680760873         -0.005618672919         -0.008342079183         -0.009201093676         -0.007054646536         -0.004781353768         -0.005425054415         -0.008124131189         -0.009263528967         -0.007309618130         -0.004870899800         -0.005223514548         -0.007918149629         -0.009352650407         -0.007582479658         -0.004953568512         -0.005003859944
        0.007478266496          0.009380151905          0.007959990671          0.005162194437          0.004721816195          0.007180907515          0.009221543755          0.008130284976          0.005393281062          0.004672923925          0.006911622809          0.009097997476          0.008309864649          0.005610259870          0.004615022923          0.006656549538          0.009001619068          0.008506436960          0.005824012414          0.004546057130          0.006403542771          0.008927410426          0.008729172671          0.006044720308          0.004462376972          0.006140016490
       -0.006338751162         -0.006624090483         -0.004038216719         -0.002063211231         -0.003308739078         -0.006065160539         -0.006641312151         -0.004294600417         -0.002180708642         -0.003115187925         -0.005826206876         -0.006680897001         -0.004544062626         -0.002281301169         -0.002922080718         -0.005608777531         -0.006743189257         -0.004798438172         -0.002370593599         -0.002720673313         -0.005402291558         -0.006830800367         -0.005069755757         -0.002452680626         -0.002500840757         -0.005196729115
        0.003192666434          0.001778291038         -0.001010468199         -0.001447226477          0.001008825178          0.003047400043          0.001959748915         -0.000770275050         -0.001487730219          0.000747559034          0.002930727756          0.002144476797         -0.000549671610         -0.001542659286          0.000494786636          0.002835308846          0.002340484412         -0.000337593723         -0.001613793424          0.000238679490          0.002756291780          0.002556859280         -0.000124048069         -0.001704872593         -0.000033392615          0.002690330712
        0.000772915045          0.003342505263          0.005305316600          0.004063113305          0.001315340443          0.000737931896          0.003072213208          0.005175155971          0.004243500273          0.001542332147          0.000689691807          0.002817246078          0.005069998376          0.004431791596          0.001756411579          0.000627268838          0.002565512646          0.004983952875          0.004636238333          0.001967750934          0.000547995152          0.002305228125          0.004913134521          0.004866953996          0.002186432002          0.000447078049
       -0.004181931946         -0.006945752982         -0.007376066002         -0.004935544649         -0.002908448689         -0.003985692894         -0.006693904194         -0.007404374697         -0.005183886981         -0.003014657204         -0.003794640798         -0.006469266220         -0.007454680896         -0.005431875674         -0.003108052067         -0.003600429965         -0.006260636171         -0.007528400285         -0.005690813379         -0.003193215751         -0.003394113526         -0.006058293105         -0.007629282111         -0.005973196816         -0.003273667095         -0.003164584645
        0.005934601740          0.007880567195          0.006643891614          0.003912920002          0.003338538449          0.005656713564          0.007744072974          0.006817018030          0.004132539492          0.003285001623          0.005398829970          0.007636597037          0.007002421513          0.004344368881          0.003222533367          0.005148800435          0.007552168857          0.007208048914          0.004558273312          0.003148431862          0.004895015390          0.007486957766          0.007443843395          0.004784249650          0.003058151635          0.004624307884
       -0.005557290601         -0.005984477617         -0.003551158270         -0.001531504552         -0.002606520430         -0.005306456467         -0.006013927455         -0.003799718841         -0.001637344538         -0.002415407477         -0.005082144285         -0.006064538640         -0.004047695433         -0.001730653222         -0.002221222652         -0.004873287816         -0.006137740931         -0.004306274416         -0.001815946588         -0.002015092979         -0.004670212980         -0.006237161001         -0.004587750827         -0.001896650917         -0.001785964821         -0.004462835894
        0.003310113571          0.002076202261         -0.000649917795         -0.001221663724          0.001095704465          0.003182508891          0.002256892800         -0.000424411175         -0.001270291031          0.000842056390          0.003078402180          0.002444629701         -0.000211433870         -0.001332470414          0.000591335508          0.002992101904          0.002647441419         -0.000001139602         -0.001410824520          0.000332057830          0.002919747289          0.002875047186          0.000216154437         -0.001510096029          0.000050919431          0.002858553305
       -0.000058727845          0.002365830897          0.004378097395          0.003303879713          0.000607593232         -0.000100749174          0.002107554068          0.004263971254          0.003486975414          0.000825185976         -0.000155676336          0.001857612330          0.004169799343          0.003680717255          0.001035218430         -0.000225206638          0.001604821214          0.004091033617          0.003893734779          0.001247187463         -0.000312839412          0.001337287850          0.004024599609          0.004137157872          0.001471304711         -0.000424507776
       -0.003034590971         -0.005745246133         -0.006311882969         -0.004003124518         -0.001922985395         -0.002843058820         -0.005511471468         -0.006352453874         -0.004248808008         -0.002021236282         -0.002652518201         -0.005297564667         -0.006413752971         -0.004499219398         -0.002109740200         -0.002454853932         -0.005093740454         -0.006498223139         -0.004765507724         -0.002192270398         -0.002240634515         -0.004890697296         -0.006610644778         -0.005060837587         -0.002271794601         -0.001997337192
        0.004918487156          0.006919073402          0.005847517926          0.003161746468          0.002455682040          0.004654151531          0.006800176318          0.006025728443          0.003374797713          0.002397819109          0.004402968983          0.006705378628          0.006218969865          0.003585405686          0.002330720177          0.004153798888          0.006630104835          0.006435620176          0.003802847591          0.002250944558          0.003894979267          0.006571295057          0.006686547847          0.004037207705          0.002152804023          0.003612085170
       -0.005009020112         -0.005573040893         -0.003268240275         -0.001192695204         -0.002111638965         -0.004774994760         -0.005613854442         -0.003513842975         -0.001290449054         -0.001920609353         -0.004560730412         -0.005675052919         -0.003764382691         -0.001379205741         -0.001723079280         -0.004356502400         -0.005759005405         -0.004030838960         -0.001462647954         -0.001509671923         -0.004152981744         -0.005870243042         -0.004326090109         -0.001543612339         -0.001267900335         -0.003939374582
        0.003359556335          0.002288852931         -0.000395169426         -0.001099690913          0.001099255746          0.003245890581          0.002471601500         -0.000178897021         -0.001155404290          0.000849325219          0.003151619223          0.002664853967          0.000030872528         -0.001224238176          0.000597216472          0.003072258667          0.002876919614          0.000243266851         -0.001309660903          0.000331302052          0.003004614342          0.003118369584          0.000468001758         -0.001417560997          0.000037059619          0.002946079665
       -0.000612511732          0.001688351481          0.003759954416          0.002840809891          0.000178311899         -0.000661249324          0.001436981977          0.003657861518          0.003028174952          0.000390297923         -0.000722880460          0.001187800423          0.003571528104          0.003228855451          0.000599436990         -0.000799843426          0.000929996392          0.003497380746          0.003452065655          0.000814938663         -0.000896507978          0.000651122431          0.003432908233          0.003710168997          0.001047475863         -0.001020011210
       -0.002235258197         -0.004909983143         -0.005610746401         -0.003416658470         -0.001273846785         -0.002045603085         -0.004688936393         -0.005662243240         -0.003662972701         -0.001366456505         -0.001853076030         -0.004481398080         -0.005733569689         -0.003918588530         -0.001451795266         -0.001649439219         -0.004278412358         -0.005828037184         -0.004194782820         -0.001532964511         -0.001424407737         -0.004070585612         -0.005951273756         -0.004505505303         -0.001612361434         -0.001163580194
        0.004188176873          0.006251760870          0.005333887024          0.002678077080          0.001840246131          0.003932705541          0.006146754645          0.005518731376          0.002888274812          0.001778201584          0.003684312096          0.006061656004          0.005721167532          0.003100666483          0.001706245533          0.003432288113          0.005992820693          0.005950060104          0.003324185100          0.001620042554          0.003164358170          0.005937466426          0.006217046826          0.003568989046          0.001512403467          0.002864107777
       -0.004601081995         -0.005299889145         -0.003107697526         -0.000967394918         -0.001738626595         -0.004379155008         -0.005351226198         -0.003354033509         -0.001059825358         -0.001545738400         -0.004171092038         -0.005422408703         -0.003610227055         -0.001146142683         -0.001342842621         -0.003967919030         -0.005516541093         -0.003887291070         -0.001229304927         -0.001119673905         -0.003760058713         -0.005638688978         -0.004198648784         -0.001311405732         -0.000861730763         -0.003535140029
        0.003385642675          0.002467458859         -0.000188927421         -0.001026276894          0.001067364365          0.003282953795          0.002654428086          0.000022430585         -0.001088211797          0.000818002762          0.003196187517          0.002855108008          0.000232571354         -0.001163212548          0.000561557055          0.003121678036          0.003078214229          0.000450219642         -0.001255649933          0.000285812579          0.003056467492          0.003335098386          0.000685189659         -0.001372780267         -0.000025492910          0.002997277086
       -0.001018787323          0.001172784003          0.003311772119          0.002540069245         -0.000101243709         -0.001074011548          0.000924179291          0.003218370181          0.002732836177          0.000108185253         -0.001142344994          0.000672186966          0.003137119111          0.002941550112          0.000319082427         -0.001226921353          0.000405988559          0.003065136761          0.003176119324          0.000540669453         -0.001332903958          0.000112360545          0.003000290296          0.003450104626          0.000784269150         -0.001468349128
       -0.001633780473         -0.004285199848         -0.005120043274         -0.003029178876         -0.000815637676         -0.001443633313         -0.004072383597         -0.005181137071         -0.003278627945         -0.000904424616         -0.001246935296         -0.003867334969         -0.005261329069         -0.003541518448         -0.000987951445         -0.001035033884         -0.003661427771         -0.005364531573         -0.003829287903         -0.001068680687         -0.000796512351         -0.003444696800         -0.005496655722         -0.004156092881         -0.001148171125         -0.000515075327
        0.003628999688          0.005762678206          0.004991680240          0.002354702778          0.001383280851          0.003378452254          0.005668274659          0.005184132298          0.002564929847          0.001317052593          0.003129355401          0.005589945652          0.005396423820          0.002781355947          0.001239843413          0.002870918200          0.005524440890          0.005637646667          0.003012522527          0.001146188107          0.002589687909          0.005468405962          0.005919068197          0.003267894399          0.001026875393          0.002266319005
       -0.004283821815         -0.005117449779         -0.003027283609         -0.000814756224         -0.001442529464         -0.004069978801         -0.005178327841         -0.003277164449         -0.000904047740         -0.001246042356         -0.003864567315         -0.005258471026         -0.003541221321         -0.000989513422         -0.001035811530         -0.003658768953         -0.005361257876         -0.003830368092         -0.001073268194         -0.000800261759         -0.003441973157         -0.005491020152         -0.004157550466         -0.001155795367         -0.000522136189         -0.003199325588
        0.003404979862          0.002633078182         -0.000006171034         -0.000978054374          0.001018595581          0.003310668613          0.002825857135          0.000203786922         -0.001045473507          0.000767069456          0.003229104237          0.003035212322          0.000417179033         -0.001126252975          0.000503547117          0.003156950717          0.003270078529          0.000642345992         -0.001225786883          0.000214826569          0.003090581748          0.003541665759          0.000888260307         -0.001352980599         -0.000117306232          0.003022128958
       -0.001339801216          0.000752082385          0.002965304602          0.002337122757         -0.000292056642         -0.001401236368          0.000502808202          0.002877659087          0.002536071589         -0.000082576349         -0.001476075214          0.000245031094          0.002798949046          0.002753486264          0.000132451605         -0.001567968134         -0.000032199028          0.002726775747          0.002999822177          0.000362440963         -0.001682389870         -0.000342172909          0.002659155211          0.003289263763          0.000619239983         -0.001828683782
       -0.001153454395         -0.003790867515         -0.004761268742         -0.002766273961         -0.000475133470         -0.000960797797         -0.003582306455         -0.004830460844         -0.003020679650         -0.000561588620         -0.000758023660         -0.003376109759         -0.004917861179         -0.003292060355         -0.000644381087         -0.000535897521         -0.003163546583         -0.005027349399         -0.003591383529         -0.000725181769         -0.000282110229         -0.002933488314         -0.005163994925         -0.003928926556         -0.000803454026          0.000015075970
        0.003178927673          0.005388794120          0.004761207884          0.002135002378          0.001026934963          0.002929817997          0.005301780247          0.004961557034          0.002347404174          0.000956387072          0.002676715997          0.005226912183          0.005183237464          0.002569179120          0.000873333659          0.002408269774          0.005160465024          0.005434354275          0.002807723222          0.000770863766          0.002109162050          0.005097291881          0.005719323897          0.003070062790          0.000637179434          0.001749754730
       -0.004027727965         -0.004997650403         -0.003002828163         -0.000711694314         -0.001197248451         -0.003818263111         -0.005066665813         -0.003258176748         -0.000799511046         -0.000995489328         -0.003611847119         -0.005153772979         -0.003531039755         -0.000885041814         -0.000775872285         -0.003399054415         -0.005261278698         -0.003831133300         -0.000968790741         -0.000525006519         -0.003167413911         -0.005386349529         -0.004169261728         -0.001042372985         -0.000221614039         -0.002913751844
        0.003423938836          0.002795318966          0.000165676278         -0.000943609987          0.000960744569          0.003335421761          0.002994801478          0.000377020390         -0.001015883867          0.000704519834          0.003256312216          0.003212959806          0.000595627569         -0.001102173578          0.000431223055          0.003182632682          0.003457892338          0.000828494039         -0.001209038601          0.000126562367          0.003106103347          0.003739636504          0.001072562895         -0.001341910177         -0.000227492039          0.002960200440
       -0.001608629675          0.000389547551          0.002682839250          0.002196992200         -0.000426250232         -0.001675767793          0.000136826417          0.002598269142          0.002402490811         -0.000214353897         -0.001756363783         -0.000128887544          0.002519686883          0.002628533356          0.000007032768         -0.001853955240         -0.000417850213          0.002444932539          0.002885455148          0.000247593073         -0.001974279074         -0.000732456042          0.002362774400          0.003198394433          0.000518316413         -0.002199704494
       -0.000750921255         -0.003380959525         -0.004489370709         -0.002586075204         -0.000211639783         -0.000554078022         -0.003172984045         -0.004564694421         -0.002846423093         -0.000297035792         -0.000343749944         -0.002962098870         -0.004656490045         -0.003125894114         -0.000379918332         -0.000110525555         -0.002738966586         -0.004767426473         -0.003431165786         -0.000460214047          0.000152066543         -0.002481273257         -0.004920382581         -0.003713694251         -0.000531767097          0.000301529428
        0.002801055739          0.005092175447          0.004606979635          0.001986067616          0.000737571595          0.002550150455          0.005008996676          0.004814392847          0.002201871999          0.000662442536          0.002289786454          0.004933150864          0.005042508486          0.002428568950          0.000572796056          0.002007508631          0.004859205632          0.005292188998          0.002670778223          0.000460371753          0.001679261038          0.004800111634          0.005474033506          0.002997153870          0.000296357564          0.001143864570
       -0.003813637724         -0.004922172520         -0.003019089464         -0.000644081011         -0.000986392975         -0.003604771744         -0.004996940878         -0.003280539819         -0.000731434683         -0.000777663878         -0.003393027656         -0.005086588915         -0.003560553441         -0.000816588749         -0.000546426993         -0.003167559624         -0.005186006575         -0.003865898888         -0.000891967196         -0.000276248353         -0.002927809260         -0.005198955657         -0.004311461848         -0.000771417788          0.000035417570         -0.002652342525
        0.003444415572          0.002958480020          0.000333440632         -0.000916771889          0.000897002759          0.003358649350          0.003164384324          0.000548001823         -0.000993377395          0.000633586711          0.003277793652          0.003388979241          0.000771712085         -0.001084999535          0.000347960869          0.003193147742          0.003638259996          0.000999662784         -0.001194616198          0.000027466347          0.003037983027          0.004029279242          0.000959119773         -0.001169687122         -0.000370934417 
       -0.001843992861          0.000063525870          0.002441577108          0.002098850149         -0.000521935901         -0.001915708737         -0.000194513014          0.002357567407          0.002310546070         -0.000305314066         -0.001999847537         -0.000468280655          0.002276691778          0.002543616455         -0.000075117164         -0.002099487986         -0.000756622036          0.002188219136          0.002817355571          0.000180844921         -0.002290908104         -0.000800992550          0.001845215630          0.003178865422  
       -0.000399883137         -0.003026736201         -0.004275905444         -0.002462768448         -0.000000952576         -0.000197699028         -0.002815852414         -0.004354273918         -0.002728505472         -0.000086458618          0.000020409573         -0.002596659841         -0.004445323878         -0.003010528140         -0.000169563966          0.000257093934         -0.002349719704         -0.004567779963         -0.003262156107         -0.000241089350          0.000361800984         -0.001827411856         -0.004755815263   
        0.002471707176          0.004847713943          0.004505505451          0.001886993798          0.000494306170          0.002215904386          0.004763726432          0.004716701244          0.002105785909          0.000414340440          0.001944923459          0.004680215235          0.004939749886          0.002333816276          0.000318245124          0.001638581380          0.004608944869          0.005087016429          0.002629776987          0.000195622545          0.001140003302          0.004560532743    
       -0.003627891693         -0.004877377864         -0.003065050029         -0.000602498931         -0.000798985602         -0.003415206478         -0.004953076053         -0.003330652259         -0.000689145072         -0.000581510440         -0.003192487150         -0.005032082632         -0.003611677488         -0.000766509027         -0.000335256208         -0.002960992167         -0.005018967739         -0.004010643891         -0.000669790542         -0.000049869826         -0.002706444306     
        0.003465659311          0.003123466631          0.000500609277         -0.000893907307          0.000828271557          0.003378088065          0.003332943505          0.000718148303         -0.000974369623          0.000555259187          0.003285563225          0.003557438571          0.000934666118         -0.001066741288          0.000258200824          0.003120656188          0.003904152079          0.000893644160         -0.001034431731         -0.000094543570      
       -0.002056387239         -0.000239038076          0.002226681336          0.002028949859         -0.000589525319         -0.002129959320         -0.000502139651          0.002140741697          0.002245042425         -0.000365273709         -0.002213090808         -0.000771227636          0.002046930753          0.002490084169         -0.000117254640         -0.002378163513         -0.000793097773          0.001715512235          0.002800185587       
       -0.000083850881         -0.002708994997         -0.004100733940         -0.002378451441          0.000171805977          0.000123429312         -0.002491721523         -0.004176806233         -0.002644317708          0.000085366216          0.000340769354         -0.002251696170         -0.004275901517         -0.002875081015          0.000013046025          0.000410665618         -0.001752838208         -0.004425506568        
        0.002174719201          0.004636652779          0.004438351401          0.001822746181          0.000283769721          0.001910927625          0.004545003422          0.004641826744          0.002041213696          0.000200215264          0.001619707280          0.004463171716          0.004763872599          0.002314820020          0.000111506542          0.001145819658          0.004401253019         
       -0.003459439810         -0.004850496774         -0.003130456000         -0.000579632594         -0.000627285528         -0.003237180378         -0.004913640087         -0.003393871667         -0.000659064507         -0.000397943490         -0.003010000959         -0.004879886911         -0.003757859748         -0.000583550520         -0.000128845650         -0.002768675172          
        0.003484134354          0.003287409034          0.000667436795         -0.000872639278          0.000754192416          0.003384312954          0.003493339793          0.000876064257         -0.000952492700          0.000473015675          0.003209585190          0.003806372211          0.000837150662         -0.000917348502          0.000152447538           
       -0.002250184343         -0.000524632653          0.002027780739          0.001976692833         -0.000633893250         -0.002320305623         -0.000779850629          0.001929666668          0.002201180660         -0.000388777477         -0.002464924126         -0.000785480222          0.001607981206          0.002473665528            
        0.000206667736         -0.002414067994         -0.003947077846         -0.002316606324          0.000315865851          0.000409760183         -0.002178341681         -0.004028664078         -0.002534249509          0.000242256749          0.000452100091         -0.001696100048         -0.004149051908             
        0.001898422604          0.004442483043          0.004383736250          0.001780296193          0.000099279247          0.001617336089          0.004351847293          0.004488060558          0.002037623354          0.000038971220          0.001159307093          0.004278345176              
       -0.003297810283         -0.004822206554         -0.003202936871         -0.000564748899         -0.000464036131         -0.003072340303         -0.004772466266         -0.003540904819         -0.000508474307         -0.000203754730         -0.002838985989               
        0.003489423684          0.003442427660          0.000822439078         -0.000847665377          0.000677770390          0.003305235897          0.003730147248          0.000787548022         -0.000813299654          0.000379588460                
       -0.002424132439         -0.000784516651          0.001829823875          0.001939499686         -0.000642615380         -0.002553094298         -0.000778592499          0.001516805906          0.002184750516                 
        0.000468362599         -0.002123334618         -0.003814182658         -0.002226454466          0.000454588593          0.000488604471         -0.001652878228         -0.003912656538                  
        0.001627707724          0.004266635733          0.004247158703          0.001787523603         -0.000025402754          0.001179032908          0.004183569035                   
       -0.003145845327         -0.004689322635         -0.003350486622         -0.000441513746         -0.000276240600         -0.002916999100                    
        0.003407360981          0.003670622661          0.000743141097         -0.000718506184          0.000593624848                     
       -0.002643506757         -0.000772490771          0.001437655567          0.001922755651                      
        0.000521754887         -0.001619894681         -0.003705873680                       
        0.001203851477          0.004110357069                        
       -0.003001981357                         
