        0.190048302873          0.194589711757          0.201067908042          0.200968736968          0.194693880098          0.190664993863          0.194056201812          0.200175680010          0.200925300766          0.195482878002          0.191157111303          0.193595976985          0.199430518398          0.200909660937          0.196172251864          0.191573913808          0.193177055425          0.198773243370          0.200914973243          0.196807146423          0.191945444592          0.192776586277          0.198164260503          0.200938516532          0.197420848629          0.192292688212
       -0.100167884068         -0.103811102414         -0.105853860359         -0.103698837297         -0.100312372816         -0.100146954763         -0.103294658688         -0.105523013764         -0.103937953349         -0.100719658352         -0.100125852163         -0.102864630061         -0.105255411635         -0.104156334040         -0.101076903496         -0.100105419553         -0.102487016218         -0.105028402497         -0.104366984584         -0.101407909769         -0.100085525195         -0.102139086666         -0.104827420904         -0.104580152991         -0.101730204974         -0.100065728592
        0.046709722087          0.050388128352          0.050291094100          0.046693024817          0.044410254645          0.046364079949          0.049848199607          0.050249784493          0.047129081965          0.044668300832          0.046073312692          0.049401000616          0.050229500887          0.047514405132          0.044892525949          0.045815669792          0.049010714393          0.050225701266          0.047874038232          0.045098464246          0.045576256753          0.048653602088          0.050236429242          0.048226619192          0.045297345342          0.045343446037
       -0.015781563005         -0.017935347324         -0.015672117614         -0.012110905318         -0.011937917901         -0.015252484524         -0.017600855443         -0.015935393816         -0.012549328711         -0.011924956390         -0.014809305899         -0.017328202570         -0.016172919971         -0.012931685833         -0.011909233289         -0.014417572760         -0.017094642311         -0.016399132710         -0.013283633206         -0.011891293694         -0.014054093665         -0.016885431569         -0.016625177016         -0.013623881874         -0.011871000909         -0.013700899551
       -0.004196064035         -0.004271215773         -0.007815402750         -0.010073895953         -0.008147050171         -0.004696937426         -0.004286381133         -0.007362545630         -0.009795828076         -0.008409821466         -0.005116715914         -0.004289224013         -0.006967672732         -0.009559768163         -0.008648832919         -0.005488360030         -0.004282708267         -0.006604799694         -0.009348841447         -0.008877099244         -0.005833968561         -0.004267943230         -0.006254927203         -0.009151246366         -0.009105268207         -0.006170695858
        0.014349324950          0.016484763268          0.019875775474          0.020046737006          0.016883808446          0.014628742905          0.016201726454          0.019427230759          0.020026321438          0.017274175688          0.014861870455          0.015954049142          0.019043183595          0.020020534896          0.017627165088          0.015067896148          0.015726299366          0.018697455033          0.020026734812          0.017962854916          0.015259469075          0.015506981518          0.018371398579          0.020044024411          0.018297349468          0.015446311953
       -0.017249875172         -0.020540257305         -0.022636460504         -0.020837807650         -0.017619477474         -0.017230289960         -0.020089058623         -0.022350834896         -0.021056725647         -0.017985587451         -0.017210357364         -0.019701704091         -0.022113647162         -0.021263058653         -0.018316479666         -0.017190790682         -0.019352451041         -0.021907758792         -0.021467393070         -0.018631288311         -0.017171517578         -0.019022823790         -0.021721477301         -0.021678872720         -0.018945289014         -0.017152125754
        0.014528635075          0.017781102638          0.017936887523          0.014892871500          0.012726000261          0.014238601611          0.017335792582          0.017906147708          0.015257004421          0.012937651930          0.013988277761          0.016956833478          0.017893336664          0.015589743585          0.013128385989          0.013761859523          0.016618505040          0.017895452480          0.015909752782          0.013309676364          0.013547793171          0.016302594371          0.017911378791          0.016232178590          0.013490561621          0.013336363984
       -0.008560725380         -0.010631226461         -0.008851889407         -0.005672716494         -0.005292168941         -0.008120851656         -0.010356540173         -0.009075904577         -0.006040208652         -0.005276193272         -0.007741558743         -0.010126722618         -0.009284827536         -0.006371037394         -0.005259020709         -0.007397964386         -0.009925451144         -0.009489587480         -0.006684396243         -0.005240824254         -0.007072112861         -0.009741473514         -0.009699414941         -0.006995475913         -0.005221295427         -0.006748949694
        0.001596799962          0.001762286373         -0.001258184445         -0.003411135140         -0.001905324115          0.001180461315          0.001754819249         -0.000875857644         -0.003181600065         -0.002135526912          0.000820920578          0.001756936940         -0.000532384311         -0.002980476843         -0.002349703076          0.000494279066          0.001766880708         -0.000208224520         -0.002795348815         -0.002558267896          0.000183335628          0.001784146783          0.000112077399         -0.002616847923         -0.002770441473         -0.000126384470
        0.004354393344          0.006089572403          0.009209358740          0.009583496495          0.006799139097          0.004591142313          0.005841098957          0.008822341156          0.009573423724          0.007146983071          0.004795296138          0.005617788204          0.008481418940          0.009574942849          0.007470102143          0.004981064492          0.005407606696          0.008166564129          0.009586532629          0.007784802727          0.005158528719          0.005200894780          0.007862405534          0.009607957079          0.008105315793          0.005336107203
       -0.007887308993         -0.010826234278         -0.012922740157         -0.011450715797         -0.008433910526         -0.007866168001         -0.010428573603         -0.012676345527         -0.011653415598         -0.008763927397         -0.007845727627         -0.010077840451         -0.012466380557         -0.011849509767         -0.009070940499         -0.007826291090         -0.009753990572         -0.012279790527         -0.012048037859         -0.009370685423         -0.007807640195         -0.009441538987         -0.012107071854         -0.012257511672         -0.009676859651         -0.007789279390
        0.008432228945          0.011489657921          0.011851845662          0.009115929381          0.006947213874          0.008173256712          0.011097664613          0.011831872890          0.009447311224          0.007137090374          0.007944183351          0.010755092542          0.011827232735          0.009758976846          0.007313873754          0.007732589681          0.010441962564          0.011836079704          0.010066412173          0.007486971705          0.007528716984          0.010143070917          0.011858021514          0.010383336906          0.007664477748          0.007323645654
       -0.006334558623         -0.008413703016         -0.006952277726         -0.003960274204         -0.003399447824         -0.005943768772         -0.008174233792         -0.007158345055         -0.004291090663         -0.003381188863         -0.005597748968         -0.007968681157         -0.007355956807         -0.004597882339         -0.003362929834         -0.005277002451         -0.007784505427         -0.007554337204         -0.004896366391         -0.003344583253         -0.004966372914         -0.007612460145         -0.007761988370         -0.005200112275         -0.003325683015         -0.004652028968
        0.002610156076          0.002977402551          0.000256560361         -0.001901137856         -0.000677520582          0.002239871985          0.002975671311          0.000602464672         -0.001697815147         -0.000892243771          0.001911075914          0.002981950516          0.000922024233         -0.001514021462         -0.001096154668          0.001604981305          0.002995229585          0.001231264812         -0.001339809660         -0.001298329741          0.001306994926          0.003015448557          0.001543986333         -0.001167024857         -0.001507498548          0.001003734697
        0.001418349875          0.002858011727          0.005820768398          0.006375629376          0.003848773609          0.001629065738          0.002630674070          0.005472308956          0.006374037046          0.004173041451          0.001816437190          0.002421186130          0.005156774249          0.006381723237          0.004481605153          0.001991646770          0.002219568226          0.004857901231          0.006397957228          0.004788640659          0.002163269995          0.002017126365          0.004562140987          0.006423028809          0.005107631689          0.002339117613
       -0.004495472031         -0.007175281975         -0.009302102808         -0.008091707064         -0.005206318568         -0.004473805856         -0.006813761851         -0.009083456485         -0.008286355634         -0.005514643356         -0.004453470409         -0.006486646759         -0.008892183869         -0.008478729657         -0.005809129269         -0.004434530926         -0.006177552623         -0.008717925990         -0.008677051224         -0.006103488876         -0.004416659784         -0.005872757660         -0.008552563828         -0.008889716415         -0.006410749788         -0.004399252847
        0.005785970436          0.008712708975          0.009258015199          0.006756433448          0.004558873956          0.005548274842          0.008357736700          0.009247750574          0.007068592208          0.004735586340          0.005333259001          0.008039499468          0.009250673834          0.007369793970          0.004905216775          0.005130687038          0.007741767150          0.009265835352          0.007673663997          0.005075920940          0.004931856819          0.007451165819          0.009293453958          0.007993368292          0.005255367381          0.004728080081
       -0.005094643958         -0.007209329016         -0.006004567275         -0.003135163795         -0.002407984469         -0.004736806743         -0.006994715925         -0.006201105962         -0.003443559758         -0.002388448132         -0.004412093134         -0.006805778045         -0.006394102288         -0.003737560559         -0.002369857288         -0.004104469492         -0.006632482755         -0.006591847340         -0.004030796539         -0.002351936266         -0.003800424483         -0.006466846512         -0.006802647077         -0.004336124407         -0.002334063931         -0.003486480406
        0.002849249505          0.003397554844          0.000904894447         -0.001285164633         -0.000296086838          0.002509923047          0.003400780023          0.001227855966         -0.001098950942         -0.000501475982          0.002200697602          0.003410839310          0.001534043524         -0.000925370790         -0.000700120506          0.001906090450          0.003427282106          0.001837343067         -0.000756026428         -0.000900358581          0.001613045176          0.003450424151          0.002150804297         -0.000583393545         -0.001110903803          0.001308467629
        0.000096488169          0.001288959918          0.004142009540          0.004864365211          0.002543087148          0.000289518333          0.001075692847          0.003819840415          0.004869579749          0.002852934579          0.000466187974          0.000874588165          0.003520277906          0.004882211286          0.003154268852          0.000635693946          0.000676941991          0.003229463352          0.004902117996          0.003460051754          0.000805699231          0.000474497747          0.002934789124          0.004930023351          0.003783703903          0.000983835265
       -0.002745121421         -0.005214127547         -0.007384907806         -0.006401438824         -0.003612460147         -0.002723471760         -0.004878100324         -0.007186585594         -0.006592369051         -0.003907494901         -0.002703607903         -0.004566619981         -0.007008392946         -0.006784457695         -0.004196128176         -0.002685421784         -0.004265677770         -0.006841780717         -0.006985542230         -0.004490899465         -0.002668470101         -0.003962476034         -0.006679447834         -0.007204228799         -0.004804778646         -0.002651993922
        0.004271309420          0.007101467737          0.007816151886          0.005509426495          0.003269553509          0.004048965122          0.006773184856          0.007814359695          0.005810360087          0.003438490307          0.003843655269          0.006471552729          0.007823964303          0.006107407074          0.003605285680          0.003646564913          0.006182819827          0.007844711796          0.006413148485          0.003777351647          0.003449533272          0.005894611743          0.007877309290          0.006740771402          0.003962275670          0.003243643684
       -0.004277158127         -0.006439406817         -0.005458704193         -0.002679961461         -0.001794890899         -0.003942672269         -0.006243137444         -0.005650466082         -0.002974563423         -0.001774969483         -0.003632142473         -0.006065929257         -0.005842598472         -0.003262633881         -0.001756778245         -0.003331800738         -0.005899443145         -0.006042924577         -0.003556581372         -0.001739878029         -0.003028990828         -0.005736420884         -0.006259875929         -0.003869153890         -0.001723456515         -0.002709895024
        0.002881099915          0.003597762806          0.001295795264         -0.000939515327         -0.000159575180          0.002563518322          0.003605345908          0.001604172293         -0.000764464781         -0.000359093683          0.002266990004          0.003618791299          0.001903559899         -0.000596351038         -0.000555280786          0.001978200721          0.003638091309          0.002206583297         -0.000427739985         -0.000756151820          0.001684887828          0.003663867892          0.002526159155         -0.000251340921         -0.000970784541          0.001373591400
       -0.000635465966          0.000338102400          0.003107822626          0.003989420013          0.001844609587         -0.000454706234          0.000134198205          0.002803572628          0.003999929245          0.002145863689         -0.000284693690         -0.000062168800          0.002513413490          0.004016292878          0.002444700253         -0.000117552342         -0.000258955301          0.002224974691          0.004038822766          0.002753502775          0.000053888191         -0.000464364727          0.001925936021          0.004068605858          0.003086156832          0.000237436455
       -0.001670089904         -0.003957950767         -0.006180803781         -0.005403151552         -0.002689528807         -0.001648811836         -0.003639871053         -0.005997263375         -0.005593044895         -0.002977070770         -0.001629695641         -0.003338220198         -0.005827786156         -0.005786968872         -0.003264573816         -0.001612483769         -0.003040467332         -0.005664999619         -0.005992659673         -0.003563995080         -0.001596594893         -0.002734084291         -0.005501952639         -0.006219140062         -0.003888694241         -0.001581054854
        0.003271837016          0.006026543849          0.006902084226          0.004766053582          0.002475537239          0.003060716911          0.005717456122          0.006907518569          0.005061234761          0.002640584576          0.002862016744          0.005426626517          0.006922783404          0.005358511884          0.002807746352          0.002667799588          0.005141871494          0.006948139420          0.005669964371          0.002984031501          0.002470029331          0.004851134476          0.006984604751          0.006009163166          0.003177161216          0.002259121227
       -0.003684733395         -0.005901687134         -0.005125170292         -0.002417937637         -0.001379937944         -0.003366890892         -0.005718941868         -0.005315268506         -0.002704875475         -0.001360428369         -0.003065438687         -0.005549676365         -0.005508980177         -0.002992000072         -0.001343307830         -0.002768023707         -0.005386638182         -0.005713940831         -0.003291082866         -0.001327959361         -0.002462209276         -0.005222803517         -0.005938847402         -0.003615154933         -0.001313284241         -0.002133174882
        0.002843441137          0.003720496744          0.001586358364         -0.000701988958         -0.000116075872          0.002541048326          0.003731848021          0.001886116849         -0.000533615524         -0.000312033881          0.002252165217          0.003748183051          0.002183484985         -0.000367271884         -0.000507690171          0.001964833283          0.003769820111          0.002490426422         -0.000196081938         -0.000711070070          0.001666974902          0.003797548916          0.002820129083         -0.000012723564         -0.000931972206          0.001344125132
       -0.001094165887         -0.000321618271          0.002381456291          0.003417368154          0.001431069840         -0.000921686296         -0.000519581965          0.002088772043          0.003431753323          0.001727928263         -0.000755218453         -0.000713899528          0.001802860567          0.003450630689          0.002027779698         -0.000587728092         -0.000912149859          0.001512172374          0.003474659893          0.002342906447         -0.000412186742         -0.001122739919          0.001204175290          0.003505222564          0.002688065767         -0.000220249270
       -0.000935195217         -0.003061278038         -0.005341828390         -0.004756713713         -0.002104764323         -0.000914595357         -0.002755371957         -0.005168572738         -0.004947318313         -0.002389189553         -0.000896499258         -0.002458946276         -0.005004077915         -0.005144426997         -0.002679232935         -0.000880505376         -0.002160275765         -0.004841644878         -0.005355832726         -0.002986681868         -0.000865869909         -0.001846569213         -0.004674231379         -0.005590998189         -0.003325533974         -0.000851339688
        0.002549927138          0.005243295032          0.006274586043          0.004293714955          0.001946648937          0.002346933022          0.004947502153          0.006285946651          0.004587151424          0.002110843986          0.002152435576          0.004662676965          0.006305653978          0.004887886493          0.002280934871          0.001958954389          0.004377487431          0.006334259738          0.005207811380          0.002463731843          0.001758209160          0.004079564959          0.006372742006          0.005560908179          0.002667105020          0.001539501506
       -0.003226439075         -0.005503114947         -0.004918268450         -0.002270078968         -0.001081628816         -0.002920127181         -0.005329955645         -0.005108819977         -0.002554050168         -0.001063247233         -0.002623689431         -0.005165308113         -0.005305682614         -0.002844111682         -0.001047791186         -0.002325528035         -0.005002473523         -0.005516392517         -0.003151749543         -0.001034396507         -0.002012852497         -0.004834084739         -0.005749706846         -0.003490334380         -0.001021446234         -0.001669139700
        0.002780043882          0.003812727908          0.001831777150         -0.000515059090         -0.000114171667          0.002487748509          0.003827169987          0.002127450449         -0.000349734670         -0.000308262541          0.002202381953          0.003845678743          0.002426463504         -0.000182084885         -0.000504870083          0.001912698151          0.003868714184          0.002740474371         -0.000005538240         -0.000712323159          0.001606233718          0.003896879898          0.003082997105          0.000187292201         -0.000941509204          0.001266828468
       -0.001407005420         -0.000824087735          0.001823430739          0.003011105677          0.001172087126         -0.001239610467         -0.001018687876          0.001537198660          0.003027995889          0.001467793707         -0.001074031213         -0.001212965831          0.001251243769          0.003048125674          0.001771460877         -0.000903685252         -0.001414337205          0.000954367569          0.003072405810          0.002095603726         -0.000721334524         -0.001631439597          0.000633574770          0.003102437289          0.002456022126         -0.000517637631
       -0.000393723984         -0.002370776067         -0.004713240889         -0.004312546971         -0.001713241323         -0.000374121631         -0.002072408564         -0.004546394375         -0.004504960424         -0.001998028193         -0.000357373094         -0.001777373846         -0.004383453648         -0.004705971317         -0.002293581590         -0.000342942728         -0.001474250143         -0.004217951290         -0.004923397428         -0.002611717209         -0.000329921395         -0.001149626852         -0.004042301494         -0.005166737245         -0.002966798291         -0.000316696196
        0.001993590937          0.004635192874          0.005819488713          0.003983932242          0.001575899023          0.001796289326          0.004347764829          0.005835323067          0.004278592677          0.001741716566          0.001604024310          0.004064684783          0.005857890548          0.004585048492          0.001916823693          0.001409429010          0.003774855153          0.005887651122          0.004914963783          0.002107836129          0.001203649166          0.003464963241          0.005924740327          0.005281814648          0.002322262071          0.000974564883
       -0.002853789962         -0.005193931498         -0.004793142488         -0.002195853319         -0.000857658765         -0.002554875440         -0.005026852976         -0.004985459902         -0.002480547171         -0.000841046092         -0.002259980056         -0.004863555122         -0.005186161232         -0.002776520976         -0.000827733080         -0.001957704610         -0.004697302137         -0.005402416472         -0.003094970768         -0.000816418762         -0.001634342669         -0.004519507461         -0.005641824845         -0.003448815206         -0.000804275961         -0.001270737085
        0.002706814742          0.003892591643          0.002055669186         -0.000353662037         -0.000132965408          0.002420384319          0.003909216777          0.002350723925         -0.000188352844         -0.000326498622          0.002134861386          0.003928736998          0.002654052739         -0.000016824252         -0.000525280933          0.001839139108          0.003951353521          0.002976982598          0.000167197971         -0.000738223989          0.001519765521          0.003976428515          0.003332546543          0.000370304614         -0.000977636785          0.001158529421
       -0.001634096655         -0.001233926353          0.001365275311          0.002703844781          0.001005568134         -0.001469010240         -0.001427040491          0.001081255168          0.002721855403          0.001302718504         -0.001301808464         -0.001622599276          0.000791654844          0.002741877224          0.001612456480         -0.001125978703         -0.001827808354          0.000485443529          0.002764973765          0.001947622837         -0.000933590316         -0.002051001871          0.000149916865          0.002792622158          0.002324698078         -0.000712605953
        0.000028488428         -0.001807532065         -0.004215061635         -0.003994344873         -0.001442079915          0.000046685767         -0.001512887041         -0.004051092101         -0.004189064830         -0.001730046049          0.000061612741         -0.001216021082         -0.003886358700         -0.004393929306         -0.002033417691          0.000073888935         -0.000905537600         -0.003714204244         -0.004616331267         -0.002363754612          0.000084534907         -0.000567802615         -0.003525668061         -0.004864868954         -0.002732947599          0.000096918315
        0.001542824513          0.004138875974          0.005475028758          0.003779091361          0.001306888200          0.001349256455          0.003855465755          0.005493545283          0.004076997419          0.001476352755          0.001157575636          0.003570110698          0.005516679348          0.004390224784          0.001658022433          0.000960263086          0.003271374086          0.005543984930          0.004729258047          0.001857853676          0.000747788961          0.002944034994          0.005573618700          0.005100798074          0.002081965662          0.000509546448
       -0.002538189757         -0.004944500380         -0.004723636380         -0.002172332152         -0.000683904717         -0.002243154532         -0.004780069413         -0.004918150077         -0.002460531370         -0.000669595364         -0.001946645699         -0.004614478598         -0.005122063304         -0.002764242816         -0.000658660563         -0.001636959062         -0.004440087704         -0.005340911204         -0.003093541698         -0.000648793275         -0.001298754211         -0.004246201619         -0.005573798700         -0.003460520715         -0.000630623788         -0.000904934621
        0.002629643391          0.003967479564          0.002269445966         -0.000205211836         -0.000162887273          0.002345308311          0.003984918427          0.002566325183         -0.000037409901         -0.000356922964          0.002056061668          0.004003378724          0.002875306940          0.000139898255         -0.000558950508          0.001750345716          0.004021687352          0.003206479288          0.000331845317         -0.000778672984          0.001413426136          0.004032285936          0.003572730284          0.000532711328         -0.001025303550          0.001035392747
       -0.001806893334         -0.001585870595          0.000969280465          0.002458986819          0.000898468897         -0.001641474373         -0.001778634803          0.000683981673          0.002476666304          0.001199133335         -0.001469973087         -0.001975783772          0.000387989667          0.002495063853          0.001516557399         -0.001285400944         -0.002183651578          0.000071271951          0.002515042217          0.001863488982         -0.001077191012         -0.002411147006         -0.000265184132          0.002525562877          0.002265438372         -0.000803567946
        0.000372775546         -0.001326579822         -0.003801302831         -0.003758774895         -0.001250759760          0.000388977785         -0.001032533081         -0.003636821280         -0.003955557166         -0.001544091649          0.000401292890         -0.000731337922         -0.003466854953         -0.004162926489         -0.001856557220          0.000410251867         -0.000412151715         -0.003283806820         -0.004386880054         -0.002196995135          0.000418083634         -0.000071493826         -0.003061873893         -0.004658612977         -0.002531013666          0.000471877290
        0.001162430924          0.003716405702          0.005204205006          0.003645382583          0.001107059567          0.000971016324          0.003432978068          0.005222933574          0.003947353934          0.001281692305          0.000778600908          0.003141345498          0.005242869116          0.004266087782          0.001470504634          0.000577554080          0.002828890493          0.005261507008          0.004604979074          0.001677847138          0.000361289698          0.002465736191          0.005304686773          0.004867025592          0.001965696777          0.000179434800
       -0.002261383460         -0.004735457816         -0.004692859626         -0.002185321155         -0.000545543302         -0.001967079086         -0.004569898442         -0.004888675590         -0.002478649895         -0.000533866045         -0.001665930602         -0.004397292436         -0.005092434593         -0.002789756203         -0.000524925174         -0.001345320705         -0.004208195450         -0.005300900735         -0.003127093191         -0.000511057931         -0.000982892640         -0.004014626299         -0.005391272749         -0.003634872564         -0.000342020862         -0.000501242858
        0.002550224649          0.004039918541          0.002478768398         -0.000062818591         -0.000199221310          0.002264343523          0.004055866321          0.002778526803          0.000109291080         -0.000394645285          0.001967524215          0.004069059422          0.003091920554          0.000292658108         -0.000600813502          0.001647448737          0.004071225451          0.003427872507          0.000480670487         -0.000824414857          0.001299102202          0.003959743196          0.003957371396          0.000381519064         -0.000934724448          0.000841356328
       -0.001942878964         -0.001899794521          0.000613009977          0.002254603712          0.000831697291         -0.001774295098         -0.002092251574          0.000323876628          0.002270370197          0.001137339152         -0.001595076730         -0.002289265097          0.000020786315          0.002285158540          0.001462903927         -0.001395533049         -0.002496881063         -0.000292405271          0.002288244938          0.001827594778         -0.001131224748         -0.002849831660         -0.000290386499          0.001994161564          0.002232466087 
        0.000663709546         -0.000900421372         -0.003443218002         -0.003578857651         -0.001114926618          0.000676939190         -0.000604682563         -0.003274812076         -0.003776199780         -0.001414887099          0.000685109841         -0.000298375615         -0.003095610222         -0.003982438430         -0.001734680062          0.000689530944          0.000018350015         -0.002882470903         -0.004223494806         -0.002044526384          0.000740952903          0.000104732739         -0.002303448708         -0.004421858570  
        0.000830379515          0.003343225175          0.004982590771          0.003560888210          0.000956192247          0.000639961902          0.003055852907          0.004997629656          0.003865496505          0.001136682098          0.000446257456          0.002753516256          0.005008045054          0.004180592298          0.001331570505          0.000245732685          0.002410038852          0.005037240083          0.004413937161          0.001589784876          0.000109101888          0.001769276784          0.004960699584   
       -0.002010900275         -0.004552781839         -0.004688296175         -0.002224913489         -0.000432857413         -0.001714383307         -0.004381262419         -0.004881784013         -0.002522877998         -0.000423659262         -0.001405449510         -0.004195048910         -0.005072249500         -0.002838256499         -0.000412519944         -0.001064935438         -0.004007116330         -0.005139868230         -0.003298687712         -0.000277499593         -0.000604219677         -0.003694553121    
        0.002468117609          0.004109398421          0.002685674700          0.000077254356         -0.000239528075          0.002176767967          0.004119351363          0.002986737239          0.000253912960         -0.000437013997          0.001868033322          0.004115018793          0.003300376588          0.000432219516         -0.000644783798          0.001540490597          0.003993662047          0.003784141716          0.000345032705         -0.000755360336          0.001119683825     
       -0.002051750991         -0.002186916807          0.000282705206          0.002076505195          0.000793363366         -0.001876327414         -0.002376941193         -0.000010718783          0.002088340231          0.001104397669         -0.001682590703         -0.002570074738         -0.000306881100          0.002086631806          0.001442421769         -0.001422786685         -0.002895609035         -0.000292544335          0.001811432767          0.001805940418      
        0.000916250006         -0.000511675166         -0.003121474045         -0.003435856384         -0.001018759333          0.000924626481         -0.000213812971         -0.002945256512         -0.003630069768         -0.001324124647          0.000926736871          0.000085749017         -0.002738594773         -0.003848842961         -0.001618694164          0.000977299444          0.000141849706         -0.002187274532         -0.004016703982       
        0.000532380965          0.003002305847          0.004791867623          0.003509017134          0.000840733246          0.000342737299          0.002706744106          0.004796811337          0.003807438779          0.001026370215          0.000153127327          0.002377027925          0.004815534247          0.004021500134          0.001261294113          0.000052726844          0.001760429135          0.004728643245        
       -0.001777692123         -0.004384718341         -0.004698105146         -0.002282462085         -0.000338984267         -0.001475981760         -0.004200520932         -0.004876090752         -0.002581878518         -0.000329228579         -0.001150319492         -0.004016125233         -0.004927557519         -0.003006029622         -0.000223265934         -0.000700511367         -0.003714199570         
        0.002381329579          0.004172033785          0.002888435350          0.000216001587         -0.000282426230          0.002080014941          0.004163326563          0.003186211187          0.000386874999         -0.000479962532          0.001766843575          0.004033830456          0.003635586036          0.000312036120         -0.000596191998          0.001370873115          
       -0.002137825085         -0.002451845367         -0.000028877436          0.001914587539          0.000775213553         -0.001948100410         -0.002635062991         -0.000312725180          0.001910426439          0.001094645577         -0.001689499948         -0.002940717512         -0.000291050888          0.001653536635          0.001430013894           
        0.001138823195         -0.000150361879         -0.002821843020         -0.003314602745         -0.000950206940          0.001139802581          0.000137266532         -0.002620324296         -0.003517854188         -0.001236200368          0.001190916706          0.000170366026         -0.002091123877         -0.003664755899            
        0.000259634087          0.002680788969          0.004615803158          0.003470928707          0.000750616845          0.000077114852          0.002360685608          0.004627357315          0.003673172946          0.000966852664          0.000006236191          0.001760220177          0.004533124195             
       -0.001554682582         -0.004219613526         -0.004703286613         -0.002348963083         -0.000257205424         -0.001238618824         -0.004037798946         -0.004744234413         -0.002745226377         -0.000176527076         -0.000792333319         -0.003742679620              
        0.002286391297          0.004214962231          0.003081690069          0.000344044710         -0.000325333955          0.001983059602          0.004079333044          0.003505542782          0.000281771988         -0.000451439790          0.001603339010               
       -0.002198354573         -0.002694048225         -0.000312415596          0.001752247336          0.000773382386         -0.001938892540         -0.002985973340         -0.000287125902          0.001513644401          0.001090409841                
        0.001335369273          0.000177138690         -0.002520462316         -0.003218180397         -0.000884703549          0.001388500806          0.000192761899         -0.002009674769         -0.003351632452                 
        0.000013425656          0.002356554252          0.004463344694          0.003356644802          0.000696904915         -0.000033070448          0.001766557448          0.004364704985                  
       -0.001329435583         -0.004068711024         -0.004581827205         -0.002507485848         -0.000135326397         -0.000881209229         -0.003778246209                   
        0.002192266574          0.004128661973          0.003388875605          0.000253587765         -0.000316918311          0.001822784498                    
       -0.002175882741         -0.003031250070         -0.000281450163          0.001386687748          0.000776825550                     
        0.001574466412          0.000210627867         -0.001938840570         -0.003066539487                      
       -0.000067021010          0.001777673748          0.004215863537                       
       -0.000968098068         -0.003818917785                        
        0.002032929144                         
