       -0.005696345964         -0.005696345974         -0.005696345962         -0.005696345985         -0.005696345965         -0.005696345974         -0.005696345965         -0.005696345962         -0.005696345964         -0.005696345961         -0.005696345970         -0.005696345960         -0.005696345969         -0.005696345959         -0.005696345959         -0.005696346009         -0.005696345943         -0.005696345907         -0.005696345993         -0.005696345959         -0.005696345965         -0.005696345953         -0.005696345973         -0.005696345959         -0.005696345963         -0.005696345973
       -0.000485509322         -0.000485509272         -0.000485508914         -0.000485509337         -0.000485508939         -0.000485509346         -0.000485509178         -0.000485509231         -0.000485509284         -0.000485509213         -0.000485509296         -0.000485509007         -0.000485509378         -0.000485509224         -0.000485509185         -0.000485509382         -0.000485506963         -0.000485511198         -0.000485509254         -0.000485509316         -0.000485509322         -0.000485508940         -0.000485509405         -0.000485509220         -0.000485509248         -0.000485509186
       -0.000037085001         -0.000037085074         -0.000037094027         -0.000037085042         -0.000037093336         -0.000037084961         -0.000037087268         -0.000037086702         -0.000037085270         -0.000037086532         -0.000037084960         -0.000037091698         -0.000037084457         -0.000037086189         -0.000037087664         -0.000037083710         -0.000037141951         -0.000037084539         -0.000037085536         -0.000037084477         -0.000037084248         -0.000037093359         -0.000037083936         -0.000037086216         -0.000037085997         -0.000037087479
       -0.000002840585         -0.000002841891         -0.000002841828         -0.000002841646         -0.000002841857         -0.000002840722         -0.000002841094         -0.000002840864         -0.000002840673         -0.000002840830         -0.000002841474         -0.000002841624         -0.000002840555         -0.000002840920         -0.000002840913         -0.000002849217         -0.000002848695         -0.000002840522         -0.000002840743         -0.000002840549         -0.000002841612         -0.000002841794         -0.000002840506         -0.000002840841         -0.000002840874         -0.000002841916
       -0.000000218119         -0.000000218176         -0.000000218203         -0.000000218154         -0.000000218135         -0.000000218042         -0.000000218060         -0.000000218035         -0.000000218012         -0.000000218108         -0.000000218123         -0.000000218109         -0.000000218017         -0.000000218023         -0.000000218788         -0.000000219189         -0.000000218723         -0.000000217994         -0.000000218016         -0.000000218107         -0.000000218140         -0.000000218123         -0.000000218008         -0.000000218043         -0.000000218117         -0.000000218218
       -0.000000016759         -0.000000016766         -0.000000016766         -0.000000016759         -0.000000016757         -0.000000016748         -0.000000016749         -0.000000016747         -0.000000016751         -0.000000016757         -0.000000016755         -0.000000016754         -0.000000016744         -0.000000016805         -0.000000016849         -0.000000016848         -0.000000016801         -0.000000016742         -0.000000016753         -0.000000016757         -0.000000016757         -0.000000016755         -0.000000016746         -0.000000016755         -0.000000016762         -0.000000016774
       -0.000000001288         -0.000000001289         -0.000000001288         -0.000000001288         -0.000000001288         -0.000000001287         -0.000000001287         -0.000000001287         -0.000000001287         -0.000000001288         -0.000000001287         -0.000000001287         -0.000000001291         -0.000000001295         -0.000000001296         -0.000000001295         -0.000000001291         -0.000000001287         -0.000000001288         -0.000000001288         -0.000000001288         -0.000000001287         -0.000000001287         -0.000000001288         -0.000000001289         -0.000000001289
       -0.000000000099         -0.000000000099         -0.000000000099         -0.000000000099         -0.000000000099         -0.000000000099         -0.000000000099         -0.000000000099         -0.000000000099         -0.000000000099         -0.000000000099         -0.000000000099         -0.000000000099         -0.000000000100         -0.000000000100         -0.000000000099         -0.000000000099         -0.000000000099         -0.000000000099         -0.000000000099         -0.000000000099         -0.000000000099         -0.000000000099         -0.000000000099         -0.000000000099         -0.000000000099
       -0.000000000008         -0.000000000008         -0.000000000008         -0.000000000008         -0.000000000008         -0.000000000008         -0.000000000008         -0.000000000008         -0.000000000008         -0.000000000008         -0.000000000008         -0.000000000008         -0.000000000008         -0.000000000008         -0.000000000008         -0.000000000008         -0.000000000008         -0.000000000008         -0.000000000008         -0.000000000008         -0.000000000008         -0.000000000008         -0.000000000008         -0.000000000008         -0.000000000008         -0.000000000008
       -0.000000000001         -0.000000000001         -0.000000000001         -0.000000000001         -0.000000000001         -0.000000000001         -0.000000000001         -0.000000000001         -0.000000000001         -0.000000000001         -0.000000000001         -0.000000000001         -0.000000000001         -0.000000000001         -0.000000000001         -0.000000000001         -0.000000000001         -0.000000000001         -0.000000000001         -0.000000000001         -0.000000000001         -0.000000000001         -0.000000000001         -0.000000000001         -0.000000000001         -0.000000000001
       -0.000000000000         -0.000000000000         -0.000000000000         -0.000000000000         -0.000000000000         -0.000000000000         -0.000000000000         -0.000000000000         -0.000000000000         -0.000000000000         -0.000000000000         -0.000000000000         -0.000000000000         -0.000000000000         -0.000000000000         -0.000000000000         -0.000000000000         -0.000000000000         -0.000000000000         -0.000000000000         -0.000000000000         -0.000000000000         -0.000000000000         -0.000000000000         -0.000000000000         -0.000000000000
       -0.000000000000         -0.000000000000         -0.000000000000         -0.000000000000         -0.000000000000         -0.000000000000         -0.000000000000         -0.000000000000         -0.000000000000         -0.000000000000         -0.000000000000         -0.000000000000         -0.000000000000         -0.000000000000         -0.000000000000         -0.000000000000         -0.000000000000         -0.000000000000         -0.000000000000         -0.000000000000         -0.000000000000         -0.000000000000         -0.000000000000         -0.000000000000         -0.000000000000         -0.000000000000
       -0.000000000000         -0.000000000000         -0.000000000000         -0.000000000000         -0.000000000000         -0.000000000000         -0.000000000000         -0.000000000000         -0.000000000000         -0.000000000000         -0.000000000000         -0.000000000000         -0.000000000000         -0.000000000000         -0.000000000000         -0.000000000000         -0.000000000000         -0.000000000000         -0.000000000000         -0.000000000000         -0.000000000000         -0.000000000000         -0.000000000000         -0.000000000000         -0.000000000000         -0.000000000000
       -0.000000000000         -0.000000000000         -0.000000000000         -0.000000000000         -0.000000000000         -0.000000000000         -0.000000000000         -0.000000000000         -0.000000000000         -0.000000000000         -0.000000000000         -0.000000000000         -0.000000000000         -0.000000000000         -0.000000000000         -0.000000000000         -0.000000000000         -0.000000000000         -0.000000000000         -0.000000000000         -0.000000000000         -0.000000000000         -0.000000000000         -0.000000000000         -0.000000000000         -0.000000000000
       -0.000000000000         -0.000000000000         -0.000000000000         -0.000000000000         -0.000000000000         -0.000000000000         -0.000000000000         -0.000000000000         -0.000000000000         -0.000000000000         -0.000000000000         -0.000000000000         -0.000000000000         -0.000000000000         -0.000000000000         -0.000000000000         -0.000000000000         -0.000000000000         -0.000000000000         -0.000000000000         -0.000000000000         -0.000000000000         -0.000000000000         -0.000000000000         -0.000000000000         -0.000000000000
       -0.000000000000         -0.000000000000         -0.000000000000         -0.000000000000         -0.000000000000         -0.000000000000         -0.000000000000         -0.000000000000         -0.000000000000         -0.000000000000         -0.000000000000         -0.000000000000         -0.000000000000         -0.000000000000         -0.000000000000         -0.000000000000         -0.000000000000         -0.000000000000         -0.000000000000         -0.000000000000         -0.000000000000         -0.000000000000         -0.000000000000         -0.000000000000         -0.000000000000         -0.000000000000
       -0.000000000000         -0.000000000000         -0.000000000000         -0.000000000000         -0.000000000000         -0.000000000000         -0.000000000000         -0.000000000000         -0.000000000000         -0.000000000000         -0.000000000000         -0.000000000000         -0.000000000000         -0.000000000000         -0.000000000000         -0.000000000000         -0.000000000000         -0.000000000000         -0.000000000000         -0.000000000000         -0.000000000000         -0.000000000000         -0.000000000000         -0.000000000000         -0.000000000000         -0.000000000000
       -0.000000000000         -0.000000000000         -0.000000000000         -0.000000000000         -0.000000000000         -0.000000000000         -0.000000000000         -0.000000000000         -0.000000000000         -0.000000000000         -0.000000000000         -0.000000000000         -0.000000000000         -0.000000000000         -0.000000000000         -0.000000000000         -0.000000000000         -0.000000000000         -0.000000000000         -0.000000000000         -0.000000000000         -0.000000000000         -0.000000000000         -0.000000000000         -0.000000000000         -0.000000000000
       -0.000000000000         -0.000000000000         -0.000000000000         -0.000000000000         -0.000000000000         -0.000000000000         -0.000000000000         -0.000000000000         -0.000000000000         -0.000000000000         -0.000000000000         -0.000000000000         -0.000000000000         -0.000000000000         -0.000000000000         -0.000000000000         -0.000000000000         -0.000000000000         -0.000000000000         -0.000000000000         -0.000000000000         -0.000000000000         -0.000000000000         -0.000000000000         -0.000000000000         -0.000000000000
       -0.000000000000         -0.000000000000         -0.000000000000         -0.000000000000         -0.000000000000         -0.000000000000         -0.000000000000         -0.000000000000         -0.000000000000         -0.000000000000         -0.000000000000         -0.000000000000         -0.000000000000         -0.000000000000         -0.000000000000         -0.000000000000         -0.000000000000         -0.000000000000         -0.000000000000         -0.000000000000         -0.000000000000         -0.000000000000         -0.000000000000         -0.000000000000         -0.000000000000         -0.000000000000
       -0.000000000000         -0.000000000000         -0.000000000000         -0.000000000000         -0.000000000000         -0.000000000000         -0.000000000000         -0.000000000000         -0.000000000000         -0.000000000000         -0.000000000000         -0.000000000000         -0.000000000000         -0.000000000000         -0.000000000000         -0.000000000000         -0.000000000000         -0.000000000000         -0.000000000000         -0.000000000000         -0.000000000000         -0.000000000000         -0.000000000000         -0.000000000000         -0.000000000000         -0.000000000000
       -0.000000000000         -0.000000000000         -0.000000000000         -0.000000000000         -0.000000000000         -0.000000000000         -0.000000000000         -0.000000000000         -0.000000000000         -0.000000000000         -0.000000000000         -0.000000000000         -0.000000000000         -0.000000000000         -0.000000000000         -0.000000000000         -0.000000000000         -0.000000000000         -0.000000000000         -0.000000000000         -0.000000000000         -0.000000000000         -0.000000000000         -0.000000000000         -0.000000000000         -0.000000000000
       -0.000000000000         -0.000000000000         -0.000000000000         -0.000000000000         -0.000000000000         -0.000000000000         -0.000000000000         -0.000000000000         -0.000000000000         -0.000000000000         -0.000000000000         -0.000000000000         -0.000000000000         -0.000000000000         -0.000000000000         -0.000000000000         -0.000000000000         -0.000000000000         -0.000000000000         -0.000000000000         -0.000000000000         -0.000000000000         -0.000000000000         -0.000000000000         -0.000000000000         -0.000000000000
       -0.000000000000         -0.000000000000         -0.000000000000         -0.000000000000         -0.000000000000         -0.000000000000         -0.000000000000         -0.000000000000         -0.000000000000         -0.000000000000         -0.000000000000         -0.000000000000         -0.000000000000         -0.000000000000         -0.000000000000         -0.000000000000         -0.000000000000         -0.000000000000         -0.000000000000         -0.000000000000         -0.000000000000         -0.000000000000         -0.000000000000         -0.000000000000         -0.000000000000         -0.000000000000
       -0.000000000000         -0.000000000000         -0.000000000000         -0.000000000000         -0.000000000000         -0.000000000000         -0.000000000000         -0.000000000000         -0.000000000000         -0.000000000000         -0.000000000000         -0.000000000000         -0.000000000000         -0.000000000000         -0.000000000000         -0.000000000000         -0.000000000000         -0.000000000000         -0.000000000000         -0.000000000000         -0.000000000000         -0.000000000000         -0.000000000000         -0.000000000000         -0.000000000000         -0.000000000000
       -0.000000000000         -0.000000000000         -0.000000000000         -0.000000000000         -0.000000000000         -0.000000000000         -0.000000000000         -0.000000000000         -0.000000000000         -0.000000000000         -0.000000000000         -0.000000000000         -0.000000000000         -0.000000000000         -0.000000000000         -0.000000000000         -0.000000000000         -0.000000000000         -0.000000000000         -0.000000000000         -0.000000000000         -0.000000000000         -0.000000000000         -0.000000000000         -0.000000000000         -0.000000000000
       -0.000000000000         -0.000000000000         -0.000000000000         -0.000000000000         -0.000000000000         -0.000000000000         -0.000000000000         -0.000000000000         -0.000000000000         -0.000000000000         -0.000000000000         -0.000000000000         -0.000000000000         -0.000000000000         -0.000000000000         -0.000000000000         -0.000000000000         -0.000000000000         -0.000000000000         -0.000000000000         -0.000000000000         -0.000000000000         -0.000000000000         -0.000000000000         -0.000000000000         -0.000000000000
       -0.000000000000         -0.000000000000         -0.000000000000         -0.000000000000         -0.000000000000         -0.000000000000         -0.000000000000         -0.000000000000         -0.000000000000         -0.000000000000         -0.000000000000         -0.000000000000         -0.000000000000         -0.000000000000         -0.000000000000         -0.000000000000         -0.000000000000         -0.000000000000         -0.000000000000         -0.000000000000         -0.000000000000         -0.000000000000         -0.000000000000         -0.000000000000         -0.000000000000         -0.000000000000
       -0.000000000000         -0.000000000000         -0.000000000000         -0.000000000000         -0.000000000000         -0.000000000000         -0.000000000000         -0.000000000000         -0.000000000000         -0.000000000000         -0.000000000000         -0.000000000000         -0.000000000000         -0.000000000000         -0.000000000000         -0.000000000000         -0.000000000000         -0.000000000000         -0.000000000000         -0.000000000000         -0.000000000000         -0.000000000000         -0.000000000000         -0.000000000000         -0.000000000000         -0.000000000000
       -0.000000000000         -0.000000000000         -0.000000000000         -0.000000000000         -0.000000000000         -0.000000000000         -0.000000000000         -0.000000000000         -0.000000000000         -0.000000000000         -0.000000000000         -0.000000000000         -0.000000000000         -0.000000000000         -0.000000000000         -0.000000000000         -0.000000000000         -0.000000000000         -0.000000000000         -0.000000000000         -0.000000000000         -0.000000000000         -0.000000000000         -0.000000000000         -0.000000000000         -0.000000000000
       -0.000000000000         -0.000000000000         -0.000000000000         -0.000000000000         -0.000000000000         -0.000000000000         -0.000000000000         -0.000000000000         -0.000000000000         -0.000000000000         -0.000000000000         -0.000000000000         -0.000000000000         -0.000000000000         -0.000000000000         -0.000000000000         -0.000000000000         -0.000000000000         -0.000000000000         -0.000000000000         -0.000000000000         -0.000000000000         -0.000000000000         -0.000000000000         -0.000000000000         -0.000000000000
       -0.000000000000         -0.000000000000         -0.000000000000         -0.000000000000         -0.000000000000         -0.000000000000         -0.000000000000         -0.000000000000         -0.000000000000         -0.000000000000         -0.000000000000         -0.000000000000         -0.000000000000         -0.000000000000         -0.000000000000         -0.000000000000         -0.000000000000         -0.000000000000         -0.000000000000         -0.000000000000         -0.000000000000         -0.000000000000         -0.000000000000         -0.000000000000         -0.000000000000         -0.000000000000
       -0.000000000000         -0.000000000000          0.000000000000         -0.000000000000          0.000000000000          0.000000000000         -0.000000000000         -0.000000000000         -0.000000000000         -0.000000000000          0.000000000000         -0.000000000000         -0.000000000000         -0.000000000000         -0.000000000000         -0.000000000000          0.000000000000         -0.000000000000         -0.000000000000         -0.000000000000         -0.000000000000          0.000000000000          0.000000000000         -0.000000000000         -0.000000000000         -0.000000000000
        0.000000000000         -0.000000000000         -0.000000000000         -0.000000000000         -0.000000000000          0.000000000000         -0.000000000000          0.000000000000          0.000000000000         -0.000000000000         -0.000000000000          0.000000000000          0.000000000000          0.000000000000         -0.000000000000         -0.000000000000         -0.000000000000          0.000000000000          0.000000000000         -0.000000000000         -0.000000000000         -0.000000000000         -0.000000000000         -0.000000000000         -0.000000000000         -0.000000000000
        0.000000000000          0.000000000000         -0.000000000000          0.000000000000         -0.000000000000          0.000000000000          0.000000000000          0.000000000000         -0.000000000000         -0.000000000000          0.000000000000         -0.000000000000         -0.000000000000         -0.000000000000          0.000000000000          0.000000000000         -0.000000000000          0.000000000000          0.000000000000         -0.000000000000          0.000000000000          0.000000000000          0.000000000000          0.000000000000          0.000000000000         -0.000000000000
        0.000000000000          0.000000000000         -0.000000000000          0.000000000000          0.000000000000          0.000000000000          0.000000000000          0.000000000000          0.000000000000          0.000000000000          0.000000000000          0.000000000000          0.000000000000         -0.000000000000          0.000000000000         -0.000000000000         -0.000000000000         -0.000000000000         -0.000000000000          0.000000000000          0.000000000000         -0.000000000000          0.000000000000         -0.000000000000          0.000000000000          0.000000000000
        0.000000000000         -0.000000000000         -0.000000000000          0.000000000000          0.000000000000          0.000000000000          0.000000000000         -0.000000000000         -0.000000000000         -0.000000000000          0.000000000000         -0.000000000000         -0.000000000000          0.000000000000          0.000000000000          0.000000000000          0.000000000000         -0.000000000000         -0.000000000000          0.000000000000          0.000000000000         -0.000000000000          0.000000000000          0.000000000000          0.000000000000          0.000000000000
       -0.000000000000          0.000000000000         -0.000000000000         -0.000000000000          0.000000000000         -0.000000000000          0.000000000000         -0.000000000000         -0.000000000000          0.000000000000          0.000000000000         -0.000000000000         -0.000000000000         -0.000000000000          0.000000000000         -0.000000000000          0.000000000000         -0.000000000000          0.000000000000         -0.000000000000         -0.000000000000         -0.000000000000         -0.000000000000         -0.000000000000         -0.000000000000          0.000000000000
        0.000000000000          0.000000000000          0.000000000000         -0.000000000000          0.000000000000         -0.000000000000         -0.000000000000          0.000000000000         -0.000000000000          0.000000000000         -0.000000000000         -0.000000000000          0.000000000000          0.000000000000          0.000000000000          0.000000000000         -0.000000000000          0.000000000000          0.000000000000         -0.000000000000         -0.000000000000         -0.000000000000          0.000000000000         -0.000000000000          0.000000000000         -0.000000000000
        0.000000000000          0.000000000000         -0.000000000000         -0.000000000000          0.000000000000          0.000000000000          0.000000000000         -0.000000000000          0.000000000000          0.000000000000         -0.000000000000         -0.000000000000         -0.000000000000         -0.000000000000         -0.000000000000          0.000000000000         -0.000000000000         -0.000000000000         -0.000000000000          0.000000000000          0.000000000000          0.000000000000          0.000000000000         -0.000000000000          0.000000000000         -0.000000000000
        0.000000000000          0.000000000000         -0.000000000000          0.000000000000          0.000000000000          0.000000000000         -0.000000000000          0.000000000000         -0.000000000000         -0.000000000000         -0.000000000000         -0.000000000000         -0.000000000000          0.000000000000         -0.000000000000         -0.000000000000         -0.000000000000          0.000000000000          0.000000000000          0.000000000000          0.000000000000         -0.000000000000          0.000000000000         -0.000000000000          0.000000000000         -0.000000000000
       -0.000000000000          0.000000000000         -0.000000000000         -0.000000000000         -0.000000000000         -0.000000000000          0.000000000000          0.000000000000         -0.000000000000         -0.000000000000          0.000000000000          0.000000000000         -0.000000000000         -0.000000000000         -0.000000000000          0.000000000000         -0.000000000000          0.000000000000          0.000000000000          0.000000000000          0.000000000000         -0.000000000000          0.000000000000          0.000000000000          0.000000000000         -0.000000000000
        0.000000000000          0.000000000000          0.000000000000         -0.000000000000          0.000000000000          0.000000000000          0.000000000000         -0.000000000000          0.000000000000          0.000000000000          0.000000000000          0.000000000000         -0.000000000000          0.000000000000         -0.000000000000         -0.000000000000          0.000000000000         -0.000000000000         -0.000000000000         -0.000000000000          0.000000000000         -0.000000000000          0.000000000000          0.000000000000          0.000000000000          0.000000000000
       -0.000000000000          0.000000000000         -0.000000000000          0.000000000000          0.000000000000         -0.000000000000          0.000000000000          0.000000000000         -0.000000000000          0.000000000000          0.000000000000         -0.000000000000         -0.000000000000         -0.000000000000         -0.000000000000          0.000000000000         -0.000000000000          0.000000000000          0.000000000000          0.000000000000         -0.000000000000          0.000000000000         -0.000000000000         -0.000000000000          0.000000000000         -0.000000000000
        0.000000000000          0.000000000000         -0.000000000000         -0.000000000000         -0.000000000000          0.000000000000         -0.000000000000          0.000000000000         -0.000000000000         -0.000000000000         -0.000000000000          0.000000000000          0.000000000000          0.000000000000         -0.000000000000         -0.000000000000          0.000000000000          0.000000000000         -0.000000000000          0.000000000000         -0.000000000000          0.000000000000          0.000000000000          0.000000000000         -0.000000000000         -0.000000000000
       -0.000000000000          0.000000000000          0.000000000000          0.000000000000          0.000000000000         -0.000000000000         -0.000000000000         -0.000000000000          0.000000000000          0.000000000000         -0.000000000000          0.000000000000          0.000000000000          0.000000000000         -0.000000000000          0.000000000000          0.000000000000          0.000000000000          0.000000000000          0.000000000000          0.000000000000          0.000000000000          0.000000000000          0.000000000000          0.000000000000          0.000000000000
       -0.000000000000         -0.000000000000         -0.000000000000         -0.000000000000          0.000000000000         -0.000000000000         -0.000000000000         -0.000000000000         -0.000000000000          0.000000000000         -0.000000000000          0.000000000000          0.000000000000         -0.000000000000          0.000000000000          0.000000000000         -0.000000000000          0.000000000000          0.000000000000          0.000000000000          0.000000000000         -0.000000000000         -0.000000000000          0.000000000000          0.000000000000          0.000000000000
        0.000000000000         -0.000000000000          0.000000000000         -0.000000000000         -0.000000000000          0.000000000000          0.000000000000          0.000000000000         -0.000000000000          0.000000000000         -0.000000000000          0.000000000000          0.000000000000          0.000000000000          0.000000000000         -0.000000000000          0.000000000000         -0.000000000000          0.000000000000         -0.000000000000         -0.000000000000          0.000000000000          0.000000000000          0.000000000000         -0.000000000000         -0.000000000000
        0.000000000000         -0.000000000000          0.000000000000         -0.000000000000         -0.000000000000         -0.000000000000         -0.000000000000         -0.000000000000         -0.000000000000          0.000000000000         -0.000000000000         -0.000000000000          0.000000000000          0.000000000000          0.000000000000          0.000000000000         -0.000000000000         -0.000000000000          0.000000000000          0.000000000000         -0.000000000000         -0.000000000000         -0.000000000000         -0.000000000000         -0.000000000000         -0.000000000000
        0.000000000000         -0.000000000000         -0.000000000000         -0.000000000000          0.000000000000          0.000000000000         -0.000000000000         -0.000000000000         -0.000000000000         -0.000000000000         -0.000000000000          0.000000000000         -0.000000000000         -0.000000000000         -0.000000000000          0.000000000000         -0.000000000000          0.000000000000          0.000000000000         -0.000000000000         -0.000000000000         -0.000000000000          0.000000000000          0.000000000000          0.000000000000 
       -0.000000000000          0.000000000000          0.000000000000          0.000000000000          0.000000000000          0.000000000000          0.000000000000          0.000000000000         -0.000000000000          0.000000000000          0.000000000000          0.000000000000         -0.000000000000          0.000000000000          0.000000000000         -0.000000000000          0.000000000000          0.000000000000          0.000000000000          0.000000000000         -0.000000000000         -0.000000000000          0.000000000000         -0.000000000000  
       -0.000000000000         -0.000000000000          0.000000000000         -0.000000000000          0.000000000000          0.000000000000          0.000000000000         -0.000000000000          0.000000000000          0.000000000000          0.000000000000         -0.000000000000         -0.000000000000          0.000000000000          0.000000000000          0.000000000000          0.000000000000         -0.000000000000         -0.000000000000         -0.000000000000          0.000000000000          0.000000000000         -0.000000000000   
        0.000000000000         -0.000000000000         -0.000000000000          0.000000000000         -0.000000000000         -0.000000000000         -0.000000000000          0.000000000000          0.000000000000          0.000000000000          0.000000000000         -0.000000000000         -0.000000000000          0.000000000000          0.000000000000         -0.000000000000         -0.000000000000          0.000000000000          0.000000000000          0.000000000000         -0.000000000000          0.000000000000    
       -0.000000000000          0.000000000000         -0.000000000000          0.000000000000          0.000000000000         -0.000000000000          0.000000000000          0.000000000000         -0.000000000000         -0.000000000000          0.000000000000         -0.000000000000          0.000000000000          0.000000000000          0.000000000000          0.000000000000         -0.000000000000          0.000000000000          0.000000000000         -0.000000000000         -0.000000000000     
       -0.000000000000         -0.000000000000         -0.000000000000         -0.000000000000         -0.000000000000         -0.000000000000         -0.000000000000          0.000000000000          0.000000000000          0.000000000000          0.000000000000         -0.000000000000          0.000000000000          0.000000000000         -0.000000000000          0.000000000000         -0.000000000000         -0.000000000000         -0.000000000000          0.000000000000      
        0.000000000000         -0.000000000000          0.000000000000         -0.000000000000         -0.000000000000         -0.000000000000         -0.000000000000          0.000000000000         -0.000000000000         -0.000000000000          0.000000000000         -0.000000000000         -0.000000000000          0.000000000000         -0.000000000000         -0.000000000000         -0.000000000000         -0.000000000000         -0.000000000000       
        0.000000000000         -0.000000000000          0.000000000000          0.000000000000          0.000000000000          0.000000000000          0.000000000000          0.000000000000         -0.000000000000         -0.000000000000         -0.000000000000          0.000000000000         -0.000000000000         -0.000000000000         -0.000000000000          0.000000000000          0.000000000000          0.000000000000        
       -0.000000000000         -0.000000000000         -0.000000000000         -0.000000000000         -0.000000000000         -0.000000000000          0.000000000000         -0.000000000000         -0.000000000000         -0.000000000000          0.000000000000          0.000000000000         -0.000000000000         -0.000000000000         -0.000000000000         -0.000000000000          0.000000000000         
       -0.000000000000          0.000000000000         -0.000000000000         -0.000000000000          0.000000000000         -0.000000000000          0.000000000000          0.000000000000         -0.000000000000         -0.000000000000         -0.000000000000          0.000000000000          0.000000000000          0.000000000000         -0.000000000000         -0.000000000000          
        0.000000000000         -0.000000000000         -0.000000000000          0.000000000000          0.000000000000          0.000000000000          0.000000000000         -0.000000000000          0.000000000000          0.000000000000         -0.000000000000         -0.000000000000          0.000000000000         -0.000000000000         -0.000000000000           
       -0.000000000000         -0.000000000000          0.000000000000          0.000000000000         -0.000000000000          0.000000000000          0.000000000000         -0.000000000000          0.000000000000          0.000000000000         -0.000000000000          0.000000000000         -0.000000000000         -0.000000000000            
        0.000000000000          0.000000000000          0.000000000000          0.000000000000         -0.000000000000          0.000000000000          0.000000000000          0.000000000000          0.000000000000         -0.000000000000         -0.000000000000         -0.000000000000         -0.000000000000             
        0.000000000000         -0.000000000000         -0.000000000000         -0.000000000000         -0.000000000000          0.000000000000          0.000000000000         -0.000000000000         -0.000000000000         -0.000000000000         -0.000000000000         -0.000000000000              
       -0.000000000000         -0.000000000000          0.000000000000          0.000000000000          0.000000000000         -0.000000000000         -0.000000000000          0.000000000000          0.000000000000         -0.000000000000          0.000000000000               
       -0.000000000000          0.000000000000         -0.000000000000         -0.000000000000         -0.000000000000         -0.000000000000          0.000000000000          0.000000000000         -0.000000000000          0.000000000000                
       -0.000000000000         -0.000000000000         -0.000000000000         -0.000000000000          0.000000000000         -0.000000000000         -0.000000000000          0.000000000000          0.000000000000                 
       -0.000000000000          0.000000000000         -0.000000000000          0.000000000000          0.000000000000          0.000000000000          0.000000000000          0.000000000000                  
       -0.000000000000          0.000000000000          0.000000000000          0.000000000000         -0.000000000000          0.000000000000         -0.000000000000                   
       -0.000000000000          0.000000000000         -0.000000000000         -0.000000000000         -0.000000000000          0.000000000000                    
       -0.000000000000          0.000000000000         -0.000000000000         -0.000000000000         -0.000000000000                     
        0.000000000000          0.000000000000         -0.000000000000          0.000000000000                      
       -0.000000000000         -0.000000000000         -0.000000000000                       
        0.000000000000         -0.000000000000                        
       -0.000000000000                         
