        0.110338764813         -0.030654198993          0.106312022738         -0.034330401295          0.103135181718         -0.036749856492          0.101550956205         -0.037392213545          0.101841482137         -0.036226000969          0.103793088140         -0.033682975739          0.106780696742         -0.030523136877          0.109946883661         -0.027626811878          0.112429326668         -0.025766205164          0.113580347123         -0.025412191339          0.113125612610         -0.026622363280          0.111224823706         -0.029035883847          0.108421497300         -0.031974465918
       -0.045025932604         -0.041323168390         -0.041625420857         -0.038597874057         -0.038897500816         -0.037289432566         -0.037489922730         -0.037616488349         -0.037666611750         -0.039368260418         -0.039269990908         -0.041984795712         -0.041785872060         -0.044716568425         -0.044491317697         -0.046822448425         -0.046647065652         -0.047757289707         -0.047686680146         -0.047304179576         -0.047356579747         -0.045620662796         -0.045773853213         -0.043189530322         -0.043389180117         -0.040687975011
        0.062028208808          0.020108888981          0.058897799355          0.017423550592          0.056838656794          0.016087331817          0.056290671119          0.016337884025          0.057278931211          0.017993511428          0.059435750476          0.020524689524          0.062115357503          0.023205592206          0.064570350021          0.025306511049          0.066145474244          0.026279559835          0.066441441895          0.025892893195          0.065409793717          0.024281990123          0.063357170542          0.021907107311          0.060859581151          0.019428886656
       -0.040822496038         -0.037425834886         -0.037733623766         -0.035405392206         -0.035658213795         -0.034927534639         -0.035050995389         -0.035991310390         -0.035961482406         -0.038204890327         -0.038048241020         -0.040906666293         -0.040686278576         -0.043345274673         -0.043138377222         -0.044873464260         -0.044747031700         -0.045108737206         -0.045099914995         -0.044022801672         -0.044129225023         -0.041939739614         -0.042121936959         -0.039445145294         -0.039639882978         -0.037230043765
        0.046357025825          0.025903217751          0.043710575473          0.023864703598          0.042391294960          0.023325647709          0.042632068185          0.024310327542          0.044253921773          0.026453540041          0.046736317205          0.029114375704          0.049366025865          0.031551245325          0.051426143999          0.033114099435          0.052378488558          0.033406941764          0.051995415416          0.032381918958          0.050410149148          0.030343518810          0.048074974294          0.027863478380          0.045639033596          0.025628654449
       -0.035565953865         -0.032643355664         -0.032926250738         -0.031376664577         -0.031565045264         -0.031691283948         -0.031735869321         -0.033382617725         -0.033285252462         -0.035909049630         -0.035715541123         -0.038546106164         -0.038327788350         -0.040577652305         -0.040407646573         -0.041477062487         -0.041408052993         -0.041034949260         -0.041084431076         -0.039403810641         -0.039550452984         -0.037050456647         -0.037242093268         -0.034629568406         -0.034800190939         -0.032810737394
        0.036561418730          0.025438447122          0.034533490178          0.024128748400          0.033994257946          0.024371592896          0.034967246775          0.025988600428          0.037089787118          0.028461510813          0.039725886121          0.031080333715          0.042139839988          0.033131449239          0.043686875819          0.034079193982          0.043974307327          0.033697067889          0.042954806861          0.032117846044          0.040930552363          0.029791933725          0.038468802784          0.027365678914          0.036251008113          0.025510749955
       -0.030120962727         -0.027832637957         -0.028073343816         -0.027359486804         -0.027474858359         -0.028406185135         -0.028373082872         -0.030586191608         -0.030430466680         -0.033247207503         -0.033030262893         -0.035648536310         -0.035445461493         -0.037152124424         -0.037027980353         -0.037380898385         -0.037371726677         -0.036306993379         -0.036410423363         -0.034249981871         -0.034427559107         -0.031787344876         -0.031977486122         -0.029600604382         -0.029738244200         -0.028296070053
        0.028692946924          0.023040905131          0.027385220705          0.022506729438          0.027624722009          0.023477232712          0.029233282614          0.025591404152          0.031694362295          0.028216234093          0.034300608128          0.030619458208          0.036341205912          0.032159312470          0.037282686533          0.032444955913          0.036899582018          0.031429364306          0.035324311284          0.029413448418          0.033005655848          0.026961979750          0.030587551968          0.024753360885          0.028739154968          0.023401201798
       -0.024628078012         -0.023096010322         -0.023277345353         -0.023409119746         -0.023445532161         -0.025085603270         -0.024980230414         -0.027588284392         -0.027388046522         -0.030199153789         -0.029976144354         -0.032208739407         -0.032036428816         -0.033095575638         -0.033026621725         -0.032652698077         -0.032704260716         -0.031031800164         -0.031181981088         -0.028695998856         -0.028891908167         -0.026294444443         -0.026469280825         -0.024490883414         -0.024584985909         -0.023789270213
        0.021790129070          0.019848207564          0.021255994670          0.020088349756          0.022224687756          0.021690285102          0.024335339302          0.024140074815          0.026955608309          0.026733908716          0.029354184376          0.028764496595          0.030890241168          0.029701012244          0.031173615662          0.029319141301          0.030157508460          0.027750732369          0.028142574744          0.025442476649          0.025692955250          0.023035259572          0.023486241118          0.021195028138          0.022135302783          0.020437691547
       -0.019214458846         -0.018510009893         -0.018618679332         -0.019553348541         -0.019510386928         -0.021720939251         -0.021554288682         -0.024364324410         -0.024137607690         -0.026747661129         -0.026537841464         -0.028237441818         -0.028110753529         -0.028459718699         -0.028452473947         -0.027387632237         -0.027496797811         -0.025339498305         -0.025525173112         -0.022889693054         -0.023088368584         -0.020715664575         -0.020860271990         -0.019419802019         -0.019460756903         -0.019370803871
        0.015597811230          0.016330924927          0.015839418486          0.017296098007          0.017442969166          0.019396948999          0.019894150167          0.022004397174          0.022488845606          0.024390884249          0.024519567237          0.025918863881          0.025455414060          0.026200174460          0.025072148433          0.025188321769          0.023501825932          0.023182530830          0.021191430190          0.020744201476          0.018782177996          0.018547606245          0.016940330517          0.017202611871          0.016182059730          0.017093811112
       -0.014025821742         -0.014164544556         -0.014193501213         -0.015837522369         -0.015721447630         -0.018330405801         -0.018118809848         -0.020928447549         -0.020696038855         -0.022925849055         -0.022748155702         -0.023804270136         -0.023735017775         -0.023358600404         -0.023414835371         -0.021740735186         -0.021899315427         -0.019412382943         -0.019618323848         -0.017020125547         -0.017204145855         -0.015224691391         -0.015324853526         -0.014527424671         -0.014508622497         -0.015137362503
        0.010084001287          0.012756871950          0.011053591679          0.014353600853          0.013159829852          0.016793189094          0.015772649177          0.019375076526          0.018163447413          0.021395365588          0.019693817574          0.022325877391          0.019975152468          0.021943565092          0.018961035545          0.020379912506          0.016951298452          0.018079777195          0.014508293579          0.015681290456          0.012307366461          0.013847517578          0.010959328567          0.013092174462          0.010849411015          0.013643073326
       -0.009210442879         -0.010151651944         -0.010101149092         -0.012316554541         -0.012140008867         -0.014952885136         -0.014716543946         -0.017327468915         -0.017110710036         -0.018809501491         -0.018680226459         -0.019027120082         -0.019022199207         -0.017954463242         -0.018070219690         -0.015909604464         -0.016104465759         -0.013465566263         -0.013673708698         -0.011297743202         -0.011449703374         -0.010006375305         -0.010050665629         -0.009958553300         -0.009878091079         -0.011189379820
        0.005289917144          0.009310522265          0.006894349786          0.011407872316          0.009342563500          0.014008759268          0.011932475435          0.016388075708          0.013958689716          0.017910538685          0.014891940310          0.018189499674          0.014508810761          0.017178873806          0.012941229556          0.015177171271          0.010635205329          0.012744198427          0.008230387184          0.010552255728          0.006391353101          0.009209430609          0.005632981928          0.009099294476          0.006183661783          0.010277212005
       -0.004904180892         -0.006554724631         -0.006432217478         -0.009046376709         -0.008827100886         -0.011640141980         -0.011401070148         -0.013632260142         -0.013450786912         -0.014506277478         -0.014437177301         -0.014058389389         -0.014118713225         -0.012440947212         -0.012606535781         -0.010115232764         -0.010329332474         -0.007726682759         -0.007917932947         -0.005934542069         -0.006039110060         -0.005238784031         -0.005220330480         -0.005847629090         -0.005709303817         -0.007619039046
        0.001271292630          0.006129326303          0.003379225673          0.008567848025          0.005990966120          0.011146671557          0.008379521138          0.013163559178          0.009907953887          0.014091704731          0.010188651507          0.013708824291          0.009175537879          0.012146398646          0.007168094908          0.009848600494          0.004727786104          0.007452456357          0.002528796656          0.005619859007          0.001180868136          0.004863685736          0.001068617807          0.005411522041          0.002247639240          0.007141437338
       -0.001219293493         -0.003440925888         -0.003260069149         -0.006077780742         -0.005836728533         -0.008450634195         -0.008230433887         -0.009930107917         -0.009799865283         -0.010145565853         -0.010142611573         -0.009071915190         -0.009192194985         -0.007027397531         -0.007228238490         -0.004584634115         -0.004798699362         -0.002418236777         -0.002574507106         -0.001127552496         -0.001173339810         -0.001078982410         -0.000996643939         -0.002307380342         -0.002120827498         -0.004501690387
       -0.001928611232          0.003315414291          0.000522542847          0.005917676469          0.003113258019          0.008296735413          0.005139254790          0.009818300912          0.006072197087          0.010096486549          0.005689217451          0.009085565308          0.004122343987          0.007083972093          0.001817255644          0.004651113258         -0.000586997360          0.002458758211         -0.002426499642          0.001114558900         -0.003186852874          0.001001913717         -0.002639769271          0.002176376881         -0.000907419852          0.004345129733
        0.001763347687         -0.000856322262         -0.000635310465         -0.003452287426         -0.003211457059         -0.005444670253         -0.005262444177         -0.006317924047         -0.006249697985         -0.005868997200         -0.005931876237         -0.004250696711         -0.004420023227         -0.001924407223         -0.002142532248          0.000464630872          0.000270105640          0.002257519914          0.002151329922          0.002954623376          0.002973666891          0.002347894708          0.002489114405          0.000579283443          0.000799287826         -0.001890121024
       -0.004292295660          0.000939454269         -0.001676357482          0.003521557800          0.000714459649          0.005539969896          0.002243890155          0.006468417393          0.002524860743          0.006085028810          0.001511607462          0.004521530482         -0.000496304877          0.002222181932         -0.002937525982         -0.000175993054         -0.005138071678         -0.002011071482         -0.006488359804         -0.002770080805         -0.006603792252         -0.002225239287         -0.005428569023         -0.000498190371         -0.003256275428          0.001964735313
        0.003998962211          0.001176708212          0.001417144852         -0.001199582595         -0.000979911193         -0.002680518654         -0.002551221226         -0.002895992734         -0.002894619072         -0.001821384884         -0.001943769632          0.000224705260          0.000021621069          0.002669441566          0.002453515584          0.004838098659          0.004680834256          0.006131237461          0.006085660771          0.006182358195          0.006266243395          0.004956465493          0.005145820859          0.002764456931          0.002999429469          0.000188695810
       -0.005834026054         -0.000957642264         -0.003238233067          0.001425748337         -0.001209228936          0.002949526994         -0.000275007787          0.003228070831         -0.000658112610          0.002215963041         -0.002226231492          0.000211972521         -0.004533446933         -0.002224126353         -0.006940491146         -0.004420151260         -0.008783226131         -0.005768007952         -0.009547007633         -0.005883903219         -0.009003284082         -0.004711999296         -0.007273973816         -0.002544997012         -0.004806702891          0.000044712200
        0.005480684353          0.002660143175          0.002898748600          0.000663781718          0.000844171407         -0.000211219980         -0.000144597871          0.000237874518          0.000173587264          0.001857865251          0.001687417907          0.004186946473          0.003968130566          0.006579431373          0.006384756573          0.008375968502          0.008270208881          0.009076475851          0.009096517397          0.008472544269          0.008615317987          0.006705920283          0.006928050403          0.004237707625          0.004467343152          0.001734635814
       -0.006601205981         -0.002363065332         -0.004205074471         -0.000340191160         -0.002672727597          0.000590182159         -0.002391076027          0.000206380879         -0.003405586835         -0.001359497778         -0.005416294966         -0.003662656461         -0.007861339360         -0.006065391075         -0.010066157448         -0.007905048707         -0.011420591329         -0.008667983701         -0.011539546665         -0.008125962981         -0.010366918674         -0.006400495606         -0.008196235411         -0.003938108239         -0.005601671813         -0.001401237493
        0.006238722496          0.003619277690          0.003836036369          0.002134636382          0.002261711676          0.001917999172          0.001917836628          0.002993704696          0.002870473585          0.005042702116          0.004839435876          0.007491548495          0.007275998669          0.009664800619          0.009508285151          0.010962281436          0.010917625188          0.011016840143          0.011101717918          0.009793088969          0.009983589481          0.007601899294          0.007838409282          0.005025959816          0.005230118165          0.002773486880
       -0.006672392375         -0.003289718557         -0.004638587184         -0.001762171362         -0.003702321971         -0.001482696269         -0.004085990934         -0.002496449349         -0.005656891750         -0.004504127334         -0.007968481348         -0.006945176081         -0.010380675871         -0.009146483604         -0.012228452226         -0.010499048290         -0.012996371968         -0.010618379470         -0.012455358483         -0.009448336261         -0.010727213593         -0.007281773810         -0.008259844840         -0.004691597814         -0.005717924201         -0.002387844876
        0.006337141694          0.004100217659          0.004277774683          0.003222551008          0.003287131005          0.003671724594          0.003606229049          0.005294173758          0.005123330750          0.007627469858          0.007408942904          0.010025090740          0.009831138869          0.011826732940          0.011721832147          0.012531418141          0.012552243632          0.011930092069          0.012073585573          0.010164305023          0.010387359958          0.007695456555          0.007926640615          0.005190964142          0.005351454383          0.003354212758
       -0.006152769855         -0.003772934190         -0.004616817291         -0.002840075197         -0.004334553460         -0.003224336511         -0.005351206700         -0.004793210678         -0.007366231292         -0.007101161915         -0.009816883684         -0.009509498913         -0.012027517394         -0.011354496194         -0.013386900983         -0.012121594473         -0.013509126216         -0.011582013906         -0.012337748921         -0.009857241632         -0.010166515344         -0.007394259160         -0.007570274017         -0.004856281380         -0.005261652435         -0.002954596714
        0.005868681028          0.004166163377          0.004290870988          0.003948457510          0.003946560466          0.005025841479          0.004901569281          0.007078719518          0.006875087113          0.009532814461          0.009317432622          0.011711641745          0.011555584459          0.013013945285          0.012969812674          0.013071705546          0.013157105950          0.011849103907          0.012040314946          0.009657160016          0.009894959103          0.007079237226          0.007285690779          0.004824525633          0.004926492090          0.003544618828
       -0.005167738090         -0.003866344510         -0.004229529591         -0.003585990988         -0.004614287924         -0.004601704001         -0.006188901610         -0.006613578591         -0.008506025713         -0.009060131954         -0.010924460417         -0.011267132214         -0.012777928668         -0.012624501102         -0.013549903028         -0.012746975428         -0.013010670785         -0.011578143447         -0.011282029411         -0.009411139004         -0.008812499340         -0.006819583911         -0.006267745725         -0.004514417688         -0.004361830281         -0.003160809688
        0.004948050161          0.003892810847          0.003955469063          0.004342783350          0.004275645962          0.005968530548          0.005796443051          0.008306864720          0.008087549510          0.010710231071          0.010515906000          0.012517166294          0.012412204763          0.013225644818          0.013246676125          0.012625959236          0.012770040832          0.010859590082          0.011083899762          0.008388491672          0.008621937608          0.005881065511          0.006045032958          0.004041773134          0.004074663702          0.003425778887
       -0.003855258768         -0.003637162941         -0.003572913841         -0.004022242263         -0.004592330754         -0.005594466098         -0.006612354806         -0.007907503603         -0.009069229583         -0.010321589762         -0.011286032781         -0.012171853980         -0.012650251841         -0.012942777487         -0.012775049967         -0.012405066031         -0.011603674367         -0.010680238472         -0.009430271887         -0.008215832255         -0.006830639946         -0.005675917665         -0.004518536592         -0.003772681048         -0.003161837463         -0.003079785904
        0.003704242318          0.003363273310          0.003359615424          0.004443296485          0.004317138056          0.006500830880          0.006295425634          0.008960632679          0.008743801806          0.011145054336          0.010988012303          0.012451691616          0.012407133778          0.012511674806          0.012597347567          0.011288889696          0.011481272897          0.009094714297          0.009334798032          0.006513415319          0.006723343504          0.004255300663          0.004361770180          0.002972952589          0.002931161015          0.003085679163
       -0.002357619199         -0.003161158514         -0.002744106701         -0.004179302853         -0.004322906822         -0.006195674842         -0.006645865024         -0.008647820603         -0.009070605188         -0.010860367686         -0.010929522255         -0.012222164367         -0.011704931828         -0.012347212206         -0.011166495714         -0.011178878015         -0.009436111855         -0.009010622622         -0.006963067692         -0.006416798871         -0.004414148241         -0.004109232287         -0.002504490570         -0.002753896482         -0.001810079102         -0.002792469619
        0.002272394808          0.002662906918          0.002593839761          0.004292873266          0.004118423881          0.006636779302          0.006415072344          0.009045945066          0.008849595770          0.010857715392          0.010751429854          0.011569070277          0.011589744162          0.010969781765          0.011114687717          0.009201465918          0.009427909807          0.006726820661          0.006963657610          0.004215337588          0.004383646180          0.002372543987          0.002410182877          0.001754342883          0.001637659731          0.002612637238
       -0.000813231357         -0.002517599319         -0.001835963118         -0.004093683798         -0.003861221702         -0.006412055245         -0.006324262463         -0.008831852637         -0.008546895036         -0.010687072437         -0.009915347804         -0.011461291297         -0.010041882158         -0.010924746188         -0.008869513426         -0.009199037622         -0.006692884016         -0.006732244887         -0.004088785186         -0.004189256800         -0.001772087606         -0.002283101652         -0.000411516365         -0.001588113110         -0.000450383955         -0.002381064328
        0.000785680798          0.001874400487          0.001745966228          0.003937336060          0.003729102635          0.006403117420          0.006183470554          0.008592887042          0.008433599660          0.009903138480          0.009857376346          0.009964282454          0.010050115766          0.008740093829          0.008934142168          0.006542493491          0.006785626108          0.003956735225          0.004170681166          0.001694228041          0.001805012287          0.000408404532          0.000370450969          0.000519001052          0.000332961945          0.002089042751
        0.000650986604         -0.001784429171         -0.000932409748         -0.003805842138         -0.003261245963         -0.006263820558         -0.005692015922         -0.008481825314         -0.007555844456         -0.009847666920         -0.008333969000         -0.009974661989         -0.007795502962         -0.008806002527         -0.006062516866         -0.006635477950         -0.003585081412         -0.004038131113         -0.001031045346         -0.001726632343          0.000883514350         -0.000367723354          0.001582057989         -0.000403622514          0.000787066234         -0.001923004158
       -0.000632306201          0.001073411908          0.000896400132          0.003423459938          0.003198706441          0.005838527645          0.005639323922          0.007654760435          0.007546459783          0.008368233790          0.008388225767          0.007768362874          0.007914160373          0.005997060318          0.006225878269          0.003517859035          0.003758106162          0.001001321818          0.001173339091         -0.000846074118         -0.000805286219         -0.001467855564         -0.001582695705         -0.000611968748         -0.000855854375          0.001585888150
        0.001926202664         -0.001033882259         -0.000104618152         -0.003358179731         -0.002573797615         -0.005783945633         -0.004801931762         -0.007644017725         -0.006174066957         -0.008421089771         -0.006301668607         -0.007884979962         -0.005127593347         -0.006157377296         -0.002946989249         -0.003686890916         -0.000337589273         -0.001139200629          0.001984757889          0.000771816608          0.003350631885          0.001471120589          0.003316427069          0.000681528123          0.001793618047         -0.001485599495
       -0.001874298769          0.000324958088          0.000114125319          0.002797193534          0.002574645973          0.004992373717          0.004830594015          0.006305897585          0.006258683032          0.006367565007          0.006453379495          0.005141179448          0.005336665213          0.002939282480          0.003184924915          0.000348118359          0.000564923612         -0.001919904510         -0.001806781249         -0.003210626128         -0.003247523242         -0.003103989273         -0.003290700899         -0.001537006241         -0.001821259142          0.001158431217
        0.002926908476         -0.000328744239          0.000591849940         -0.002793178497         -0.001844970990         -0.005016900047         -0.003713449125         -0.006386637526         -0.004493829643         -0.006515046050         -0.003954771700         -0.005345161965         -0.002218543865         -0.003171101784          0.000264040514         -0.000568607075          0.002824172645          0.001748776050          0.004744959124          0.003113436126          0.005449384390          0.003082493663          0.004659786931          0.001567041070          0.002488307279         -0.001121606521
       -0.002854877161         -0.000319312082         -0.000546403308          0.002102126753          0.001900476322          0.003922935915          0.003812738972          0.004638304869          0.004657469141          0.004037381419          0.004183604142          0.002262445846          0.002492695832         -0.000222131844          0.000019927547         -0.002744786886         -0.002571389370         -0.004598191304         -0.004557169172         -0.005225344117         -0.005341462670         -0.004374015870         -0.004620634190         -0.002180046368         -0.002481549017          0.000843197286
        0.003594576679          0.000280583599          0.001118825329         -0.002151748408         -0.001114931086         -0.004016864514         -0.002490592099         -0.004796540354         -0.002618901576         -0.004260180019         -0.001442609697         -0.002529577192          0.000742640388         -0.000053890104          0.003358254021          0.002500344621          0.005687482027          0.004418268359          0.007060235437          0.005123921092          0.007032536039          0.004339504312          0.005515701272          0.002176407264          0.002821765258         -0.000866103074
       -0.003514486916         -0.000822873701         -0.001047310038          0.001378214015          0.001214552848          0.002695197493          0.002646655262          0.002757276927          0.002842643772          0.001528326321          0.001724179207         -0.000678479121         -0.000432125561         -0.003275967166         -0.003058805288         -0.005550796101         -0.005438294624         -0.006848091496         -0.006886837389         -0.006747358621         -0.006936865018         -0.005185428272         -0.005472663718         -0.002494334029         -0.002784828573          0.000656447445
        0.003899591011          0.000758070349          0.001456207074         -0.001471844872         -0.000417116358         -0.002845532012         -0.001199661139         -0.002974947430         -0.000659679876         -0.001802981286          0.001080337715          0.000375884764          0.003568877907          0.002985143046          0.006136226239          0.005310208677          0.008064648075          0.006682342855          0.008776496132          0.006657654705          0.007993622006          0.005146595057          0.005827578279          0.002460778342          0.002776540431         -0.000738575438
       -0.003821731195         -0.001165083324         -0.001368194925          0.000660794389          0.000549157773          0.001378266389          0.001396404272          0.000776204599          0.000921921268         -0.001002735439         -0.000772751721         -0.003493385382         -0.003251904361         -0.006023241078         -0.005851251109         -0.007884109845         -0.007845455742         -0.008518305543         -0.008637251779         -0.007673047830         -0.007921709133         -0.005483612498         -0.005784540892         -0.002462895869         -0.002711739101          0.000579849245
        0.003841398363          0.001083005859          0.001601507021         -0.000787434599          0.000222131326         -0.001569581059          0.000093226093         -0.001032403342          0.001272112475          0.000702164930          0.003462659040          0.003184338902          0.006085434786          0.005746572355          0.008422752357          0.007672737865          0.009803642813          0.008385523893          0.009783282629          0.007605816632          0.008271740852          0.005443957439          0.005577981396          0.002401422750          0.002343412414 
       -0.003773819628         -0.001340913837         -0.001505822415         -0.000020068619         -0.000069893924          0.000042553839          0.000126828678         -0.001189113916         -0.000994251382         -0.003401287896         -0.003156209752         -0.006005907846         -0.005790723039         -0.008288693114         -0.008178920695         -0.009593875428         -0.009635439408         -0.009500063396         -0.009690816092         -0.007942814328         -0.008226937085         -0.005251324337         -0.005538531211         -0.002077960868  
        0.003446877749          0.001249860677          0.001568307188         -0.000127825923          0.000783508828         -0.000257942632          0.001324602842          0.000916752736          0.003068862492          0.003101344227          0.005564076913          0.005718407942          0.008139582126          0.008052051559          0.010076591704          0.009431928796          0.010796274861          0.009412243337          0.010018603438          0.007901103458          0.007849986941          0.005214146807          0.004733026254   
       -0.003395145464         -0.001359705451         -0.001472665884         -0.000639913610         -0.000623190346         -0.001243129054         -0.001098844171         -0.003026339523         -0.002798021006         -0.005523600143         -0.005284340750         -0.008061452685         -0.007892268627         -0.009930683071         -0.009894697495         -0.010572421374         -0.010691964209         -0.009731989545         -0.009975617675         -0.007539689456         -0.007836883791         -0.004456426178    
        0.002767028354          0.001267111321          0.001383736893          0.000482638999          0.001254281060          0.001021017484          0.002436019904          0.002760126702          0.004632320683          0.005249423603          0.007262877306          0.007820098815          0.009608879824          0.009754288674          0.010997931214          0.010472317309          0.010982791036          0.009691609908          0.009466666706          0.007527840259          0.006673479182     
       -0.002734122241         -0.001243025915         -0.001294449901         -0.001179867660         -0.001097260939         -0.002414418509         -0.002221344480         -0.004632291230         -0.004389350028         -0.007244515204         -0.007031864897         -0.009535727206         -0.009428231913         -0.010848791876         -0.010890367702         -0.010759935420         -0.010944386081         -0.009198004124         -0.009478437506         -0.006410617855      
        0.001872182826          0.001155153729          0.001085136552          0.001024565224          0.001627475819          0.002202303547          0.003376203075          0.004392916556          0.005878379182          0.007017840933          0.008462250059          0.009359431026          0.010407489426          0.010744701933          0.011132490196          0.010723535285          0.010349119153          0.009210136106          0.008056624730       
       -0.001858530243         -0.001021784858         -0.001006903419         -0.001626341808         -0.001483833160         -0.003414048743         -0.003187561314         -0.005918152833         -0.005680863473         -0.008464113967         -0.008296546569         -0.010341259823         -0.010304680202         -0.010988046581         -0.011100597246         -0.010141864103         -0.010382226905         -0.007828957928        
        0.000846050807          0.000943493268          0.000716168825          0.001483244611          0.001900848094          0.003226964343          0.004102917464          0.005723168911          0.006741103663          0.008301383209          0.009095080396          0.010241007240          0.010489546140          0.010957512685          0.010468499843          0.010174621275          0.008814415036         
       -0.000849724441         -0.000732834730         -0.000652015024         -0.001970505795         -0.001778913662         -0.004194187469         -0.003952520568         -0.006813886252         -0.006602018179         -0.009112772049         -0.009004040983         -0.010430930764         -0.010465304767         -0.010336037968         -0.010517851220         -0.008638757861          
       -0.000220981236          0.000667473053          0.000322683983          0.001848228409          0.002075742861          0.004044524568          0.004584464456          0.006676316616          0.007175724171          0.009023291215          0.009126393465          0.010407415355          0.009846102434          0.010384533784          0.008921569862           
        0.000203848163         -0.000415332430         -0.000274081850         -0.002207635796         -0.001981803981         -0.004718349312         -0.004481021447         -0.007271530654         -0.007102145913         -0.009153793643         -0.009110230909         -0.009795029987         -0.009905616139         -0.008809331718            
       -0.001238804612          0.000364801873         -0.000051326993          0.002112811961          0.002155982744          0.004615026975          0.004800700193          0.007198524643          0.007160010070          0.009137781449          0.008550475666          0.009853392087          0.008395684081             
        0.001213362697         -0.000107161461          0.000084152227         -0.002336428357         -0.002094124793         -0.004962747487         -0.004748706160         -0.007266787526         -0.007151748640         -0.008580620268         -0.008613670530         -0.008352515181              
       -0.002124279750          0.000072147894         -0.000367372434          0.002273476744          0.002146860182          0.004910431287          0.004743259878          0.007258191190          0.006691755988          0.008642560449          0.007294794149               
        0.002096098654          0.000158297732          0.000385007289         -0.002358330995         -0.002118859656         -0.004916737806         -0.004742241368         -0.006796565963         -0.006752318147         -0.007320594039                
       -0.002807171504         -0.000177967861         -0.000595427313          0.002329269944          0.002054196096          0.004915010939          0.004413557705          0.006855933519          0.005712556643                 
        0.002781256637          0.000354811453          0.000598781870         -0.002276818211         -0.002059413078         -0.004580850683         -0.004465849792         -0.005801797891                  
       -0.003234892468         -0.000359763770         -0.000715988009          0.002281075476          0.001882957847          0.004632131883          0.003771331126                   
        0.003214647270          0.000465144405          0.000705764048         -0.002096016771         -0.001922438728         -0.003913690438                    
       -0.003375554445         -0.000456009709         -0.000720782093          0.002134748732          0.001613627105                     
        0.003361656151          0.000481782960          0.000697251772         -0.001794913409                      
       -0.003218002655         -0.000458708121         -0.000607536094                       
        0.003211984191          0.000404171075                        
       -0.002738709868                         
