        0.151860128806          0.151692493882          0.151821489644          0.152213060664          0.152796109776          0.153474379693          0.154141459922          0.154696705581          0.155059779922          0.155181800515          0.155051593478          0.154696281756          0.154176254903          0.153575370244          0.152987895891          0.152504161186          0.152197039017          0.152111238883          0.152256955086          0.152608764475          0.153109880423          0.153681081935          0.154232947209          0.154679544282          0.154951522174          0.155006649676
       -0.089658679284         -0.089664697236         -0.089813551038         -0.090076088901         -0.090407945406         -0.090756485320         -0.091068678065         -0.091298772965         -0.091414698535         -0.091402327425         -0.091267043748         -0.091032453373         -0.090736475290         -0.090425421959         -0.090146955311         -0.089942958082         -0.089843364762         -0.089861843639         -0.089993950120         -0.090217997552         -0.090498495863         -0.090791627184         -0.091051931254         -0.091239200536         -0.091324557142         -0.091294811347
        0.054785516247          0.054857162272          0.055042902086          0.055309668680          0.055614039177          0.055908830052          0.056150003898          0.056302929474          0.056347121368          0.056278832411          0.056111172782          0.055871787376          0.055598464201          0.055333336766          0.055116540579          0.054980255907          0.054944004670          0.055011882641          0.055172118699          0.055399006376          0.055656904391          0.055905697708          0.056106896208          0.056229461781          0.056254495228          0.056178089788
       -0.033526997648         -0.033647463741         -0.033857498990         -0.034121627328         -0.034397967929         -0.034644442883         -0.034824831466         -0.034913822349         -0.034900377286         -0.034788978339         -0.034598600887         -0.034359607878         -0.034109043444         -0.033885016888         -0.033721012199         -0.033640952816         -0.033655740140         -0.033761767034         -0.033941607793         -0.034166769514         -0.034402080739         -0.034611052765         -0.034761413804         -0.034829986389         -0.034806185826         -0.034693618985
        0.020125841396          0.020291654996          0.020529879332          0.020801610651          0.021064576834          0.021279311382          0.021414754031          0.021452507751          0.021389186110          0.021236547681          0.021019435172          0.020771848788          0.020531739303          0.020335298635          0.020211578400          0.020178231914          0.020238997149          0.020383277605          0.020587877464          0.020820604541          0.021045207311          0.021226891727          0.021337596248          0.021360234278          0.021291278528          0.021141298895
       -0.011851470789         -0.012058502732         -0.012320279643         -0.012595083440         -0.012840839885         -0.013021177370         -0.013110522834         -0.013097532960         -0.012986398429         -0.012795881902         -0.012556250400         -0.012304581710         -0.012079134487         -0.011913613911         -0.011832185873         -0.011845961245         -0.011951460701         -0.012131283268         -0.012356851614         -0.012592827533         -0.012802512873         -0.012953430691         -0.013022251306         -0.012998326725         -0.012885300975         -0.012700570789
        0.006765399455          0.007008871491          0.007288081551          0.007559393507          0.007781866389          0.007923085522          0.007963635634          0.007899614357          0.007742841544          0.007518789358          0.007262548443          0.007013443087          0.006809090975          0.006679793995          0.006644070008          0.006705993177          0.006854723325          0.007066276658          0.007307266897          0.007540036799          0.007728410098          0.007843198085          0.007866627649          0.007795041139          0.007639453127          0.007423892159
       -0.003690383944         -0.003961885724         -0.004248320594         -0.004505672727         -0.004695676144         -0.004791204475         -0.004779944083         -0.004665845070         -0.004468191084         -0.004218440869         -0.003955338180         -0.003719004279         -0.003544909767         -0.003458594366         -0.003471931208         -0.003581471753         -0.003769110691         -0.004004952716         -0.004251939857         -0.004471540289         -0.004629630901         -0.004701691601         -0.004676537569         -0.004558015007         -0.004364432390         -0.004125781346
        0.001848628637          0.002137829197          0.002420145337          0.002652869135          0.002801970391          0.002846825033          0.002782916450          0.002622135637          0.002390698229          0.002124977584          0.001865914447          0.001652804019          0.001517410955          0.001479264399          0.001542833144          0.001696991036          0.001916840076          0.002167603528          0.002409990487          0.002606218087          0.002725785311          0.002750120655          0.002675412284          0.002513193808          0.002288597652          0.002036535675
       -0.000756100089         -0.001051323702         -0.001317823820         -0.001515921439         -0.001617267288         -0.001608709258         -0.001493883601         -0.001292327318         -0.001036274600         -0.000765630881         -0.000521871653         -0.000341782946         -0.000251965206         -0.000264919661         -0.000377287373         -0.000570501995         -0.000813734363         -0.001068684456         -0.001295473485         -0.001458761138         -0.001533146062         -0.001507044966         -0.001384462197         -0.001184388486         -0.000937909376         -0.000683469615
        0.000108852268          0.000398256446          0.000638110890          0.000793334616          0.000842432741          0.000780337335          0.000618809715          0.000384364263          0.000114054458         -0.000150249153         -0.000368221926         -0.000507156032         -0.000546825514         -0.000482431196         -0.000325191941         -0.000100502793          0.000156042812          0.000404163679          0.000605088341          0.000727499025          0.000752326861          0.000675669735          0.000509393799          0.000279327557          0.000021320318         -0.000224240233
        0.000277513286          0.000005293934         -0.000198472890         -0.000304652803         -0.000299462097         -0.000186165907          0.000015744295          0.000273753099          0.000547404930          0.000794506553          0.000977517133          0.001069181189          0.001056557094          0.000942856679          0.000746820712          0.000499738061          0.000240574692          0.000009950046         -0.000156109806         -0.000231702408         -0.000205021428         -0.000080169179          0.000123466595          0.000374173394          0.000632769590          0.000858613885
       -0.000513294608         -0.000268615805         -0.000108621064         -0.000055419804         -0.000114561435         -0.000274552374         -0.000508886247         -0.000780266008         -0.001046378806         -0.001266350647         -0.001406918651         -0.001447399620         -0.001382718215         -0.001224050724         -0.000996990013         -0.000737528356         -0.000486468335         -0.000283123239         -0.000159264816         -0.000134239324         -0.000211994346         -0.000380468564         -0.000613434786         -0.000874521243         -0.001122794336         -0.001319063898
        0.000662518129          0.000454400829          0.000343940802          0.000345433457          0.000456000754          0.000656350381          0.000913946968          0.001188113522          0.001436285490          0.001620480927          0.001713016985          0.001700623482          0.001586341675          0.001388931010          0.001139884214          0.000878513022          0.000645852065          0.000478324030          0.000402124226          0.000429187295          0.000555347597          0.000760973825          0.001013981448          0.001274766477          0.001502305118          0.001660495577
       -0.000761430197         -0.000597319174         -0.000540145568         -0.000595901812         -0.000753408629         -0.000986295213         -0.001257208649         -0.001523611627         -0.001744291589         -0.001885605559         -0.001926526368         -0.001861737785         -0.001702320261         -0.001473934445         -0.001212786575         -0.000959993737         -0.000755211973         -0.000630509126         -0.000605412964         -0.000683897306         -0.000853764739         -0.001088520711         -0.001351452513         -0.001601291254         -0.001798589130         -0.001911839420
        0.000829885490          0.000715478182          0.000713303574          0.000820865699          0.001019111953          0.001275571101          0.001549455572          0.001797949997          0.001982739818          0.002075798917          0.002063572556          0.001948930372          0.001750605049          0.001500209392          0.001237292208          0.001003191244          0.000834625725          0.000758015365          0.000785391878          0.000912536778          0.001119627491          0.001374294966          0.001636620983          0.001865312900          0.002024104575          0.002087404758
       -0.000878399508         -0.000817521710         -0.000870033916         -0.001025068684         -0.001256407447         -0.001526674010         -0.001793150823         -0.002014335374         -0.002156247530         -0.002197545022         -0.002132681862         -0.001972638414         -0.001743122899         -0.001480522208         -0.001226226050         -0.001020194464         -0.000894759098         -0.000869610749         -0.000948745972         -0.001119843692         -0.001356167979         -0.001620702934         -0.001871884559         -0.002070046717         -0.002183589513         -0.002193926736
        0.000912332384          0.000906858859          0.001011779199          0.001208262507          0.001463885573          0.001737737654          0.001986747921          0.002172269619          0.002265936778          0.002253914854          0.002138909261          0.001939634901          0.001687835919          0.001423311010          0.001187711286          0.001018062981          0.000941015498          0.000968701067          0.001096847997          0.001305438747          0.001561810991          0.001825723146          0.002055601591          0.002215003929          0.002278308998          0.002234754884
       -0.000934319432         -0.000984141459         -0.001137323801         -0.001367759840         -0.001638003436         -0.001905110654         -0.002127248739         -0.002270072005         -0.002311910618         -0.002246991929         -0.002086214507         -0.001855365574         -0.001591056186         -0.001334997113         -0.001127497911         -0.001001190246         -0.000975949970         -0.001055800907         -0.001228285414         -0.001466396599         -0.001732773931         -0.001985511276         -0.002184677032         -0.002298540590         -0.002308547578         -0.002212278425
        0.000945626335          0.001048664645          0.001244239878          0.001499914244          0.001774584180          0.002024850968          0.002211675956          0.002306314563          0.002294639954          0.002179206455          0.001978749469          0.001725201060          0.001458679116          0.001221219360          0.001050218163          0.000972599788          0.001000617978          0.001129940420          0.001340320957          0.001598749629          0.001864593412          0.002095925659          0.002256064915          0.002319310702          0.002274998437          0.002129249961
       -0.000946867323         -0.001099136719         -0.001329702147         -0.001600968128         -0.001869676171         -0.002093579312         -0.002237901794         -0.002280609409         -0.002215699751         -0.002054020681         -0.001821497730         -0.001555043143         -0.001296773924         -0.001087429788         -0.000960008859         -0.000934611237         -0.001015296777         -0.001189446023         -0.001429727707         -0.001698362287         -0.001953016912         -0.002153412055         -0.002267616749         -0.002277060642         -0.002179497353         -0.001989462174
        0.000938358134          0.001134084911          0.001390938560          0.001667531259          0.001920042801          0.002108958932          0.002205097307          0.002194012723          0.002078121673          0.001876228484          0.001620528325          0.001351546703          0.001111793942          0.000939114195          0.000860763558          0.000889141390          0.001019847240          0.001232364111          0.001493266089          0.001761443019          0.001994525118          0.002155506775          0.002218545153          0.002173040867          0.002025376615          0.001798045552
       -0.000920267368         -0.001152061243         -0.001425479939         -0.001696858653         -0.001923446394         -0.002069962856         -0.002113963647         -0.002049207513         -0.001886519978         -0.001652025529         -0.001383019601         -0.001122114989         -0.000910564413         -0.000781796999         -0.000756176658         -0.000837806616         -0.001013882201         -0.001256693959         -0.001527968008         -0.001784856731         -0.001986644951         -0.002101127446         -0.002109673479         -0.002010199609         -0.001817596393         -0.001561542747
        0.000892665658          0.001151749445          0.001431310958          0.001687023967          0.001878820418          0.001977021924          0.001966837223          0.001850551430          0.001647076753          0.001388935977          0.001117141297          0.000874756417          0.000700140323          0.000620926175          0.000649680650          0.000781926736          0.000996843012          0.001260529720          0.001531324743          0.001766333957          0.001928154874          0.001990749427          0.001943560620          0.001793242223          0.001562736480          0.001287840187
       -0.000855537774         -0.001132035157         -0.001406978682         -0.001637042938         -0.001786382116         -0.001832102525         -0.001767712665         -0.001604033426         -0.001367430501         -0.001095642104         -0.000831841944         -0.000617856294         -0.000487591265         -0.000461701359         -0.000544338322         -0.000722494666         -0.000968046164         -0.001242169307         -0.001501437318         -0.001704635881         -0.001819234365         -0.001826510550         -0.001724540456         -0.001528595865         -0.001268887888         -0.000985998575
        0.000808795456          0.001092071800          0.001351689155          0.001546973389          0.001647707549          0.001638732159          0.001522201442          0.001317157696          0.001056489082          0.000781739673          0.000536571984          0.000359897986          0.000279754226          0.000308885169          0.000442732766          0.000660151772          0.000926735199          0.001200226367          0.001437161002          0.001599697468          0.001661571697          0.001612257196          0.001458689732          0.001224294638          0.000945462221          0.000666004097
       -0.000752309745         -0.001031358515         -0.001265403190         -0.001417997530         -0.001465772143         -0.001401975444         -0.001237429702         -0.000998761249         -0.000724176505         -0.000457436722         -0.000240965004         -0.000109162181         -0.000082983032         -0.000166629111         -0.000346883479         -0.000595192026         -0.000872161007         -0.001133759774         -0.001338248152         -0.001452746621         -0.001458428257         -0.001353530795         -0.001153725807         -0.000889789993         -0.000602927573         -0.000338454290
        0.000685970892          0.000949831978          0.001148927314          0.001252480981          0.001244950480          0.001128355526          0.000921873348          0.000658767616          0.000381124328          0.000133211898         -0.000045500804         -0.000126572274         -0.000097079952          0.000038336540          0.000258205486          0.000527610204          0.000803694202          0.001042414282          0.001205478721          0.001266389637          0.001214650251          0.001057488509          0.000818831811          0.000535687777          0.000252479408          0.000014195249
       -0.000609772178         -0.000847962626         -0.001003989613         -0.001053997416         -0.000990965678         -0.000825714520         -0.000585129535         -0.000307883783         -0.000038320732          0.000180548932          0.000313839529          0.000340303138          0.000255690077          0.000073423130         -0.000177521957         -0.000457191570         -0.000720957767         -0.000926557835         -0.001040764731         -0.001044649399         -0.000936617346         -0.000732751814         -0.000464406742         -0.000173418123          0.000094340548          0.000296071618
        0.000523905660          0.000726842801          0.000833287082          0.000827306949          0.000710779863          0.000503010837          0.000237629780         -0.000042748010         -0.000293265766         -0.000473916934         -0.000555871236         -0.000526036442         -0.000389131366         -0.000166941508          0.000105124592          0.000383629094          0.000623964351          0.000787400098          0.000847212982          0.000792943655          0.000632120137          0.000389178677          0.000101745958         -0.000185151045         -0.000426059557         -0.000582188964
       -0.000428856614         -0.000588252751         -0.000640491944         -0.000578279201         -0.000412423414         -0.000170057583          0.000109694471          0.000381927769          0.000603067269          0.000737764633          0.000764494233          0.000678961908          0.000494786585          0.000241346299         -0.000040867871         -0.000306653086         -0.000513242402         -0.000627075731         -0.000629132446         -0.000517994631         -0.000310161509         -0.000037564767          0.000257338566          0.000528138675          0.000731699890          0.000834922762
        0.000325483165          0.000434692430          0.000430208264          0.000313758981          0.000104766544         -0.000162787752         -0.000445778885         -0.000698784114         -0.000881281988         -0.000964072419         -0.000933902576         -0.000795567636         -0.000571152555         -0.000296536774         -0.000015716561          0.000226157856          0.000389934869          0.000448678840          0.000391977673          0.000227665237         -0.000019312415         -0.000310717892         -0.000600939580         -0.000844091047         -0.001001189731         -0.001046300419
       -0.000215070214         -0.000269371407         -0.000207877312         -0.000041377819          0.000202757248          0.000484968337          0.000759806195          0.000983150262          0.001119206889          0.001146183729          0.001059744818          0.000873698492          0.000617810717          0.000333091541          0.000065299791         -0.000142310082         -0.000255857596         -0.000256240570         -0.000142224231          0.000069272256          0.000345744070          0.000644126094          0.000917496384          0.001122412794          0.001225737366          0.001209887440
        0.000099351373          0.000096155880         -0.000020365424         -0.000230680072         -0.000500463040         -0.000786089376         -0.001041580996         -0.001225913071         -0.001309524006         -0.001279004899         -0.001139226064         -0.000912565359         -0.000635362787         -0.000352161548         -0.000108643498          0.000055627340          0.000113510428          0.000054646938         -0.000112817951         -0.000363427955         -0.000658340678         -0.000951374894         -0.001196233014         -0.001353766510         -0.001398147660         -0.001320991846
        0.000019501590          0.000080524584          0.000247874112          0.000493945981          0.000778745169          0.001056279357          0.001281884004          0.001419321906          0.001446536043          0.001359149071          0.001171157446          0.000912712895          0.000625342557          0.000355359915          0.000146505579          0.000032978920          0.000033960648          0.000150497466          0.000365246764          0.000645129329          0.000946477317          0.001221868933          0.001427570821          0.001530419744          0.001513067956          0.001376791365
       -0.000138919500         -0.000255804510         -0.000467707654         -0.000739955026         -0.001028412286         -0.001286537305         -0.001472793170         -0.001557252377         -0.001526347922         -0.001385025270         -0.001155958442         -0.000875954623         -0.000590112927         -0.000344656216         -0.000179567757         -0.000122196279         -0.000182845175         -0.000353053880         -0.000606850213         -0.000904784131         -0.001200106768         -0.001446114222         -0.001603494734         -0.001646524756         -0.001567156474         -0.001376386195
        0.000256002236          0.000424536498          0.000672864904          0.000960542571          0.001241014792          0.001469054431          0.001607965953          0.001635419104          0.001546992663          0.001356875832          0.001095618349          0.000805281675          0.000532753384          0.000322277862          0.000208384208          0.000210335725          0.000328988291          0.000546568903          0.000829416184          0.001133254124          0.001410155910          0.001616090842          0.001717857194          0.001698322370          0.001559172801          0.001320791481
       -0.000367605433         -0.000581463974         -0.000856530756         -0.001148138976         -0.001409154420         -0.001597503816         -0.001682874939         -0.001651533528         -0.001508502547         -0.001276765820         -0.000993620345         -0.000704747883         -0.000456939004         -0.000290616474         -0.000233347750         -0.000295382800         -0.000467939193         -0.000724519423         -0.001025056027         -0.001322221284         -0.001568890984         -0.001725569738         -0.001766609766         -0.001684266452         -0.001490002881         -0.001212867940
        0.000470443254          0.000721406505          0.001012325834          0.001296054179          0.001526769145          0.001667288918          0.001694990845          0.001605405567          0.001412926462          0.001148524991          0.000854828313          0.000579330754          0.000366807881          0.000252136834          0.000254669694          0.000375068882          0.000595121401          0.000880573200          0.001186526133          0.001464531293          0.001670234795          0.001770362786          0.001747956103          0.001605079302          0.001362610596          0.001057239889
       -0.000561204303         -0.000839453207         -0.001134553433         -0.001398745158         -0.001589383493         -0.001675743496         -0.001643909746         -0.001498987362         -0.001264291270         -0.000977640088         -0.000685334572         -0.000434764506         -0.000266815691         -0.000209285457         -0.000272370330         -0.000446959253         -0.000706019277         -0.001008852465         -0.001307535511         -0.001554498054         -0.001710024657         -0.001748497235         -0.001662434233         -0.001463724529         -0.001181972944         -0.000860104466
        0.000636679158          0.000931160259          0.001218436976          0.001452056352          0.001594315943          0.001622278022          0.001531420250          0.001336354455          0.001068502836          0.000771094385          0.000492264183          0.000277344953          0.000161575485          0.000164399428          0.000286280003          0.000508556827          0.000796371934          0.001104192195          0.001383024435          0.001588158185          0.001686200188          0.001660320165          0.001512910137          0.001265359954          0.000954877210          0.000629218318
       -0.000693898198         -0.000992746554         -0.001260338815         -0.001453424394         -0.001540837019         -0.001508466096         -0.001361503886         -0.001123618260         -0.000833182589         -0.000537149890         -0.000283536619         -0.000113705482         -0.000055686879         -0.000119618673         -0.000296054070         -0.000557416847         -0.000862370210         -0.001162380242         -0.001409403915         -0.001563463241         -0.001598924204         -0.001508511348         -0.001304548361         -0.001017129273         -0.000689930390         -0.000373328495
        0.000730274987          0.001021279692          0.001257951932          0.001402039616          0.001430269748          0.001338062471          0.001140261114          0.000868764867          0.000567435021          0.000285073860          0.000067585248         -0.000049428484         -0.000046439070          0.000076809293          0.000301201551          0.000591272535          0.000900846749          0.001180370452          0.001384743003          0.001480410579          0.001450612695          0.001298070978          0.001044604943          0.000728191605          0.000396891087          0.000102944301
       -0.000743749326         -0.001014844543         -0.001210456244         -0.001298954642         -0.001266022955         -0.001116944120         -0.000875757473         -0.000581415780         -0.000281548453         -0.000024811261          0.000146955193          0.000205497363          0.000140747667         -0.000037502422         -0.000301131905         -0.000608165207         -0.000909452168         -0.001156455742         -0.001308902754         -0.001341087694         -0.001245938604         -0.001036120665         -0.000742474036         -0.000408980597         -0.000087610436          0.000172248618
        0.000732923404          0.000972685847          0.001118629026          0.001147129943          0.001053548280          0.000852968535          0.000577785787          0.000272513388         -0.000013368169         -0.000233384369         -0.000351581382         -0.000348362386         -0.000223691919          0.000002857441          0.000295217395          0.000606574185          0.000886805069          0.001090398156          0.001183591665          0.001149690496          0.000991647472          0.000731963769          0.000408902887          0.000072273540         -0.000227039028         -0.000437866483
       -0.000697182663         -0.000895314075         -0.000984899236         -0.000951407099         -0.000800215033         -0.000555745658         -0.000257547510          0.000046065043          0.000305798345          0.000479347768          0.000538256148          0.000472544029          0.000292354350          0.000026348634         -0.000282869143         -0.000585535738         -0.000832611375         -0.000983491845         -0.001012396578         -0.000912359804         -0.000696627965         -0.000396286390         -0.000057144544          0.000270241200          0.000530605519          0.000688039350
        0.000636790954          0.000784564756          0.000813336781          0.000718404083          0.000515099859          0.000236326604         -0.000072742147         -0.000361949749         -0.000584265364         -0.000703405743         -0.000699727364         -0.000573426957         -0.000344532962         -0.000049704445          0.000263618252          0.000544745402          0.000747731124          0.000838604423          0.000800645559          0.000637258507          0.000371129384          0.000042346971         -0.000300700685         -0.000600636813         -0.000816647493         -0.000896138501
       -0.000552951035         -0.000643603006         -0.000609571440         -0.000456330144         -0.000208694263          0.000093185551          0.000400309868          0.000662760510          0.000837791491          0.000896766532          0.000829810679          0.000647420601          0.000378786929          0.000067126152         -0.000237195605         -0.000484624883         -0.000634227951         -0.000660070959         -0.000555488225         -0.000333835390         -0.000027941080          0.000317765912          0.000645878904          0.000912094324          0.001054287400          0.001077136242
        0.000447823164          0.000476868531          0.000380639640          0.000174723067         -0.000107464350         -0.000420087799         -0.000712323421         -0.000936604989         -0.001056344665         -0.001051871591         -0.000923620794         -0.000692067661         -0.000394444751         -0.000078804614          0.000203595343          0.000406377220          0.000495297876          0.000453774200          0.000285233930          0.000013948565         -0.000321289313         -0.000665152460         -0.000971408517         -0.001170648249         -0.001261364933         -0.001160283609
       -0.000324497786         -0.000289959929         -0.000134761485          0.000115885433          0.000421223924          0.000731574875          0.000996410922          0.001172566944          0.001231247507          0.001162690552          0.000977740440          0.000706099816          0.000391581604          0.000085148518         -0.000163133291         -0.000311952940         -0.000335346494         -0.000226582357         -0.000000376269          0.000311615065          0.000658207176          0.000992897389          0.001241505149          0.001396261622          0.001355364655          0.001234222149
        0.000186921694          0.000089460204         -0.000118946417         -0.000404363432         -0.000720294858         -0.001015259869         -0.001241172581         -0.001361157873         -0.001355525988         -0.001224945578         -0.000990322723         -0.000689446988         -0.000370971780         -0.000086725041          0.000116451760          0.000204121634          0.000159547829         -0.000012763859         -0.000289553740         -0.000625722746         -0.000976198998         -0.001264731220         -0.001477449946         -0.001497829150         -0.001439868033 
       -0.000039779092          0.000117291462          0.000370811491          0.000679416586          0.000992751779          0.001259690046          0.001436658171          0.001494706806          0.001424181461          0.001236257254          0.000961132522          0.000643201215          0.000334030608          0.000084216418         -0.000064583412         -0.000086168819          0.000025438858          0.000256344998          0.000569283028          0.000922296370          0.001239862532          0.001502415395          0.001583011450          0.001589838639  
       -0.000111668239         -0.000322473107         -0.000610985987         -0.000930051088         -0.001227533215         -0.001454831693         -0.001574783182         -0.001567669971         -0.001434374925         -0.001196216796         -0.000891523265         -0.000569561774         -0.000282733787         -0.000078365423          0.000008797808         -0.000037583339         -0.000213607960         -0.000491322865         -0.000833491888         -0.001168124158         -0.001470598426         -0.001608223691         -0.001679196344   
        0.000261775565          0.000518087946          0.000829852148          0.001146037021          0.001414914506          0.001592496295          0.001649664109          0.001576846339          0.001385527205          0.001106376453          0.000784386879          0.000471719976          0.000219573301          0.000069973136          0.000049091938          0.000163279580          0.000395046621          0.000713339632          0.001052405518          0.001383430901          0.001572858771          0.001705091869    
       -0.000404736983         -0.000696294575         -0.001018429980         -0.001318349927         -0.001546926706         -0.001666687917         -0.001657856564         -0.001521501567         -0.001279322979         -0.000970205610         -0.000644008016         -0.000353826111         -0.000147399501         -0.000059815894         -0.000107541360         -0.000284318531         -0.000566534244         -0.000897181363         -0.001244312268         -0.001478432746         -0.001666875415     
        0.000534826079          0.000849741620          0.001168768771          0.001439564895          0.001617701587          0.001673853918          0.001598497562          0.001403384935          0.001119674025          0.000792919543          0.000476042131          0.000220681862          0.000069562394          0.000048736734          0.000163526269          0.000398756208          0.000708376539          0.001058520546          0.001328562680          0.001566143599      
       -0.000646642411         -0.000971892045         -0.001274299379         -0.001504184413         -0.001623724150         -0.001613039179         -0.001473333999         -0.001226700365         -0.000912528565         -0.000581468291         -0.000287070091         -0.000078097896          0.000010719183         -0.000037421939         -0.000216475892         -0.000493174267         -0.000833055965         -0.001128874338         -0.001406717933       
        0.000735353757          0.001057317897          0.001330130429          0.001508881477          0.001563991731          0.001485924207          0.001286701747          0.000997903203          0.000665870207          0.000343970748          0.000085155604         -0.000068432699         -0.000089054787          0.000026722408          0.000259771071          0.000576416767          0.000886837395          0.001194548673        
       -0.000796919582         -0.001101951352         -0.001333270998         -0.001452656170         -0.001440059341         -0.001296812275         -0.001045317262         -0.000725708202         -0.000389053630         -0.000090447728          0.000122123384          0.000210963212          0.000163175195         -0.000017085918         -0.000298311064         -0.000611527606         -0.000937541608         
        0.000828284999          0.001103276541          0.001282777216          0.001336885529          0.001256034561          0.001052423547          0.000758293326          0.000420352891          0.000093682292         -0.000169709770         -0.000323549936         -0.000345863007         -0.000225566565          0.000009313583          0.000313320122          0.000645307124          
       -0.000827532430         -0.001060459079         -0.001179803769         -0.001165325635         -0.001018381864         -0.000761917121         -0.000436359227         -0.000094583365          0.000209385230          0.000422429962          0.000514242168          0.000458824751          0.000279520752         -0.000003523392         -0.000328836058           
        0.000793987623          0.000974396262          0.001027612443          0.000943933580          0.000735949435          0.000436099085          0.000092913929         -0.000239681558         -0.000503753051         -0.000661740665         -0.000673636230         -0.000557070068         -0.000306033479          0.000000112279            
       -0.000728265715         -0.000847731165         -0.000831418600         -0.000680897482         -0.000419196878         -0.000088499784          0.000259518228          0.000564349339          0.000782565823          0.000861605316          0.000812568729          0.000603442610          0.000328324271             
        0.000632289868          0.000684729672          0.000598422871          0.000385915130          0.000081252425         -0.000268236306         -0.000601849409         -0.000871928154         -0.001015317600         -0.001036021304         -0.000877170473         -0.000643845850              
       -0.000509203826         -0.000491312421         -0.000337170268         -0.000071187810          0.000265616999          0.000614775207          0.000926229083          0.001128629401          0.001218590357          0.001116501834          0.000934217470               
        0.000363402824          0.000274520960          0.000058439824         -0.000251885731         -0.000602599651         -0.000943206455         -0.001196912380         -0.001352943464         -0.001311956351         -0.001188068123                
       -0.000200129305         -0.000043266561          0.000227701825          0.000565773617          0.000922033591          0.001217245121          0.001433547739          0.001455662063          0.001395333379                 
        0.000026049914         -0.000194134373         -0.000505719263         -0.000863368434         -0.001188545631         -0.001456901812         -0.001541673158         -0.001547652615                  
        0.000152623648          0.000424789012          0.000769350681          0.001111639452          0.001421697648          0.001566221046          0.001638707413                   
       -0.000326189416         -0.000643545031         -0.000989260390         -0.001328905274         -0.001527890323         -0.001664489390                    
        0.000490829628          0.000825980944          0.001181776649          0.001427711820          0.001623488383                     
       -0.000628071444         -0.000985764859         -0.001269168592         -0.001516792487                      
        0.000748357609          0.001058110548          0.001348095476                       
       -0.000802576695         -0.001123606949                        
        0.000851864141                         
