        0.157497635741          0.157757942266          0.158046853411          0.158350553955          0.158655301704          0.158947929148          0.159216317472          0.159449820652          0.159639627105          0.159779045519          0.159863705671          0.159891667728          0.159863437107          0.159781885390          0.159652081324          0.159481039191          0.159277394921          0.159051022944          0.158812608983          0.158573195567          0.158343718032          0.158134549097          0.157955069713          0.157813282838          0.157715485132          0.157666009284
       -0.088826471197         -0.088903023770         -0.088982583098         -0.089061908123         -0.089137870629         -0.089207566541         -0.089268418923         -0.089318266867         -0.089355438108         -0.089378802474         -0.089387804555         -0.089382474489         -0.089363416639         -0.089331776749         -0.089289188910         -0.089237704447         -0.089179705486         -0.089117806515         -0.089054747733         -0.088993284257         -0.088936075431         -0.088885578472         -0.088843950529         -0.088812962905         -0.088793930751         -0.088787660910
        0.052883827905          0.052938305052          0.052992644828          0.053044852360          0.053093054711          0.053135566584          0.053170949652          0.053198061831          0.053216095525          0.053224603220          0.053223509580          0.053213109768          0.053194053989          0.053167318869          0.053134166860          0.053096094989          0.053054775138          0.053011987867          0.052969552388          0.052929255345          0.052892781017          0.052861645622          0.052837138349          0.052820271125          0.052811739343          0.052811894747
       -0.031511168199         -0.031547050149         -0.031581124699         -0.031612328139         -0.031639702288         -0.031662427461         -0.031679851219         -0.031691510952         -0.031697149695         -0.031696724722         -0.031690408502         -0.031678581838         -0.031661819503         -0.031640868927         -0.031616622588         -0.031590085057         -0.031562335926         -0.031534489875         -0.031507655370         -0.031482893613         -0.031461179225         -0.031443363752         -0.031430144238         -0.031422037055         -0.031419358784         -0.031422214258
        0.018383117308          0.018417139198          0.018448830928          0.018477215643          0.018501435589          0.018520781677          0.018534718227          0.018542901611          0.018545192167          0.018541658322          0.018532574207          0.018518409151          0.018499810358          0.018477579166          0.018452641730          0.018426014754          0.018398768345          0.018371986242          0.018346726300          0.018323980614          0.018304639284          0.018289457224          0.018279025607          0.018273750376          0.018273836815          0.018279281996
       -0.010552110085         -0.010586764889         -0.010618605418         -0.010646625187         -0.010669959468         -0.010687915635         -0.010699997242         -0.010705920600         -0.010705624720         -0.010699272224         -0.010687242828         -0.010670118752         -0.010648662778         -0.010623789962         -0.010596533008         -0.010568004564         -0.010539354891         -0.010511729321         -0.010486225348         -0.010463851824         -0.010445490434         -0.010431863247         -0.010423505818         -0.010420746035         -0.010423692687         -0.010432230864
        0.005920871684          0.005958666525          0.005993019896          0.006022797894          0.006047046640          0.006065024268          0.006076226893          0.006080405447          0.006077572336          0.006067999949          0.006052208097          0.006030944446          0.006005154360          0.005975945000          0.005944542536          0.005912246016          0.005880376628          0.005850228746          0.005823019601          0.005799843045          0.005781628446          0.005769104189          0.005762770705          0.005762881441          0.005769432158          0.005782162693
       -0.003267279081         -0.003307292487         -0.003343101578         -0.003373497311         -0.003397489571         -0.003414341017         -0.003423591310         -0.003425071457         -0.003418907143         -0.003405512848         -0.003385572670         -0.003360012531         -0.003329964816         -0.003296721937         -0.003261688080         -0.003226323282         -0.003192088079         -0.003160386469         -0.003132511988         -0.003109598049         -0.003092573079         -0.003082126553         -0.003078680974         -0.003082376439         -0.003093063854         -0.003110312695
        0.001783923597          0.001825203548          0.001861431254          0.001891372938          0.001914051822          0.001928781327          0.001935187867          0.001933220011          0.001923148785          0.001905552662          0.001881293869          0.001851482307          0.001817432028          0.001780609286          0.001742573468          0.001704918406          0.001669207698          0.001636916444          0.001609371510          0.001587701752          0.001572792415          0.001565252988          0.001565391279          0.001573202130          0.001588368241          0.001610271900
       -0.000987712429         -0.001028811102         -0.001064015587         -0.001092130653         -0.001112251618         -0.001123795096         -0.001126516025         -0.001120513585         -0.001106223177         -0.001084396480         -0.001056069759         -0.001022521242         -0.000985221060         -0.000945771234         -0.000905843783         -0.000867113906         -0.000831194909         -0.000799575589         -0.000773560421         -0.000754220600         -0.000742350480         -0.000738437826         -0.000742643299         -0.000754795859         -0.000774398450         -0.000800646868
        0.000578676091          0.000618441516          0.000651518404          0.000676797700          0.000693489707          0.000701148911          0.000699686790          0.000689370224          0.000670808202          0.000644924246          0.000612917935          0.000576216773          0.000536418360          0.000495226923          0.000454386309          0.000415610296          0.000380516348          0.000350561174          0.000326984137          0.000310758482          0.000302553088          0.000302706338          0.000311212886          0.000327724209          0.000351560989          0.000381740964
       -0.000381832627         -0.000419276463         -0.000449321915         -0.000470984088         -0.000483619312         -0.000486944678         -0.000481043827         -0.000466359946         -0.000443674553         -0.000414073996         -0.000378904477         -0.000339718028         -0.000298209699         -0.000256150641         -0.000215317661         -0.000177423196         -0.000144047694         -0.000116577825         -0.000096151395         -0.000083613100         -0.000079481037         -0.000083926608         -0.000096767469         -0.000117474978         -0.000145194415         -0.000178779464
        0.000294884619          0.000329285862          0.000355673236          0.000373211217          0.000381421986          0.000380198374          0.000369803860          0.000350858031          0.000324308992          0.000291393421          0.000253585892          0.000212539626          0.000170020080          0.000127834982          0.000087762437          0.000051480973          0.000020503272         -0.000003883546         -0.000020668412         -0.000029156541         -0.000028996236         -0.000020193334         -0.000003110538          0.000021546930          0.000052758686          0.000089229550
       -0.000261129870         -0.000291947781         -0.000314235982         -0.000327325467         -0.000330916117         -0.000325083522         -0.000310272044         -0.000287273451         -0.000257192675         -0.000221402005         -0.000181485413         -0.000139174691         -0.000096280554         -0.000054620402         -0.000015946326          0.000018123688          0.000046170142          0.000067027478          0.000079830810          0.000084049434          0.000079508169          0.000066393920          0.000045248236          0.000016945970         -0.000017338572         -0.000056178520
        0.000249827665          0.000276675039          0.000294574423          0.000303034076          0.000301938104          0.000291546840          0.000272482806          0.000245702625          0.000212456316          0.000174236622          0.000132718162          0.000089690571          0.000046987069          0.000006411617         -0.000030332604         -0.000061710168         -0.000086414317         -0.000103418650         -0.000112017618         -0.000111854461         -0.000102935198         -0.000085627952         -0.000060648774         -0.000029033663          0.000007902608          0.000048617892
       -0.000245377183         -0.000267970579         -0.000281293888         -0.000285039186         -0.000279277780         -0.000264453369         -0.000241361173         -0.000211112979         -0.000175091380         -0.000134893362         -0.000092266160         -0.000049037113         -0.000007041221          0.000031951902          0.000066308101          0.000094593070          0.000115629493          0.000128543172          0.000132798029          0.000128217047          0.000114989016          0.000093661086          0.000065117655          0.000030544951         -0.000008615255         -0.000050723015
        0.000240365766          0.000258500875          0.000267138167          0.000266157399          0.000255817003          0.000236740270          0.000209887282          0.000176514512          0.000138123046          0.000096398161          0.000053141507          0.000010199101         -0.000030611781         -0.000067574911         -0.000099143213         -0.000123999794         -0.000141110136         -0.000149762943         -0.000149598687         -0.000140623168         -0.000123207620         -0.000098074071         -0.000066266646         -0.000029110583          0.000011840332          0.000054865101
       -0.000231762321         -0.000245294532         -0.000249195195         -0.000243533053         -0.000228751448         -0.000205647189         -0.000175336374         -0.000139207801         -0.000098866619         -0.000056069620         -0.000012654851          0.000029531634          0.000068708886          0.000103232146          0.000131657806          0.000152800525          0.000165780139          0.000170056831          0.000165452262          0.000152156504          0.000130720810          0.000102035537          0.000067295108          0.000027950733         -0.000014347039         -0.000057813726
        0.000218689350          0.000227525166          0.000226689310          0.000216438896          0.000197397874          0.000170529219          0.000137094326          0.000098601206          0.000056743510          0.000013332388         -0.000029775775         -0.000070753249         -0.000107873652         -0.000139580434         -0.000164548530         -0.000181736730         -0.000190429321         -0.000190264277         -0.000181247588         -0.000163752896         -0.000138506939         -0.000106560576         -0.000069247312         -0.000028130385          0.000015059109          0.000058490929
       -0.000201262915         -0.000205355299         -0.000199829243         -0.000185127785         -0.000162049626         -0.000131714813         -0.000095518165         -0.000055072501         -0.000012143599          0.000031420610          0.000073763639          0.000113094502          0.000147758639          0.000176303737          0.000197537018          0.000210572975          0.000214868381          0.000210243827          0.000196890653          0.000175363516          0.000146558406          0.000111677181          0.000072179778          0.000029726460         -0.000013888099         -0.000056806036
        0.000179981965          0.000179328893          0.000169203407          0.000150230224          0.000123375391          0.000089905442          0.000051335413          0.000009367433         -0.000034177654         -0.000077433191         -0.000118561104         -0.000155824920         -0.000187658817         -0.000212729592         -0.000229989723         -0.000238719126         -0.000238553582         -0.000229499080         -0.000211931682         -0.000186582511         -0.000154509022         -0.000117052791         -0.000075786411         -0.000032451036          0.000011112673          0.000053037803
       -0.000155445607         -0.000150089808         -0.000135499093         -0.000112474216         -0.000082139398         -0.000045895725         -0.000005363952          0.000037680895          0.000081380679          0.000123868493          0.000163342882          0.000198139564          0.000226797403          0.000248116525          0.000261206017          0.000265519406          0.000260876071          0.000247468642          0.000225855120          0.000196937045          0.000161923549          0.000122283433          0.000079686765          0.000035938642         -0.000007092595         -0.000047549680
        0.000128232083          0.000118260787          0.000099381797          0.000072564285          0.000039080107          0.000000451540         -0.000041610550         -0.000085275538         -0.000128666283         -0.000169934132         -0.000207332497         -0.000239286209         -0.000264454153         -0.000281782632         -0.000290547173         -0.000290381292         -0.000281291065         -0.000263654798         -0.000238208153         -0.000206014908         -0.000168424769         -0.000127019680         -0.000083551024         -0.000039869975          0.000002146049          0.000040668412
       -0.000098861455         -0.000084406228         -0.000061457299         -0.000031143226          0.000005128577          0.000045729274          0.000088874539          0.000132696059          0.000175316315          0.000214923541          0.000249843748          0.000278607198          0.000300007012          0.000313147049          0.000317477432          0.000312816566          0.000299358137          0.000277663621          0.000248639889          0.000213503339          0.000173731428          0.000131004023          0.000087136587          0.000044008031          0.000003485763         -0.000032649037
        0.000067794178          0.000049029883          0.000022269025         -0.000011211124         -0.000049881076         -0.000092021258         -0.000135791238         -0.000179303555         -0.000220699138         -0.000258221473         -0.000290286310         -0.000315544783         -0.000332937080         -0.000341734481         -0.000341568364         -0.000332444822         -0.000314744442         -0.000289207220         -0.000256903208         -0.000219189996         -0.000177658676         -0.000134070623         -0.000090287478         -0.000048196924         -0.000009637316          0.000023676132
       -0.000035442815         -0.000012586258          0.000017691141          0.000053975582          0.000094630319          0.000137861673          0.000181791351          0.000224531564          0.000264260493          0.000299294684          0.000328156124          0.000349630999          0.000362818047          0.000367164319          0.000362487129          0.000348981354          0.000327211690          0.000298090299          0.000262840520          0.000222948267          0.000180102846          0.000136129868          0.000092918504          0.000052346139          0.000016203114         -0.000013879280
        0.000002186057         -0.000024505952         -0.000057969910         -0.000096669139         -0.000138875378         -0.000182738587         -0.000226361236         -0.000267874248         -0.000305511374         -0.000337679610         -0.000363022566         -0.000380474473         -0.000389302591         -0.000389136266         -0.000379981647         -0.000362221499         -0.000336600019         -0.000304193283         -0.000266366449         -0.000224719483         -0.000181023440         -0.000137150029         -0.000094997045         -0.000056412361         -0.000023119787          0.000003350480
        0.000031619468          0.000061852518          0.000098141694          0.000138842156          0.000182151171          0.000226180584          0.000269032694          0.000308875804          0.000344017342          0.000372971201          0.000394516983          0.000407748474          0.000412109765          0.000407417191          0.000393866744          0.000372026270          0.000342812953          0.000307456840          0.000267451938          0.000224496773          0.000180426706          0.000137140984          0.000096526760          0.000060383487          0.000030350480          0.000007840429
       -0.000065630878         -0.000099075805         -0.000137800856         -0.000180069180         -0.000224021257         -0.000267749714         -0.000309375534         -0.000347123044         -0.000379390696         -0.000404814880         -0.000422324139         -0.000431181828         -0.000431015327         -0.000421830869         -0.000404013324         -0.000378310917         -0.000345805508         -0.000307869588         -0.000266111660         -0.000222312224         -0.000178352911         -0.000136141385         -0.000097535040         -0.000064266328         -0.000037872701         -0.000019633972
        0.000099514058          0.000135809963          0.000176557471          0.000219944680          0.000264073809          0.000307037132          0.000346993316          0.000382240804          0.000411285735          0.000432901276          0.000446176526          0.000450552597          0.000445844937          0.000432250584          0.000410340439          0.000381036527          0.000345575417          0.000305458980          0.000262394658          0.000218227577          0.000174866855          0.000134209432          0.000098063924          0.000068077636          0.000045669684          0.000031972679
       -0.000132941191         -0.000171699026         -0.000214035453         -0.000258081478         -0.000301919765         -0.000343661412         -0.000381521423         -0.000413889926         -0.000439396228         -0.000456963377         -0.000465850884         -0.000465684220         -0.000456469684         -0.000438594170         -0.000412809835         -0.000380204200         -0.000342156909         -0.000300284840         -0.000256377880         -0.000212327523         -0.000170051384         -0.000131416418         -0.000098163722         -0.000071838035         -0.000053724615         -0.000044796235
        0.000165590476          0.000206396711          0.000249872687          0.000294110691          0.000337192993          0.000377268555          0.000412627017          0.000441766737          0.000463454658          0.000476775148          0.000481166501          0.000476443195          0.000462803338          0.000440820768          0.000411422344          0.000375851005          0.000335616422          0.000292435007          0.000248161535          0.000204715212          0.000164002843          0.000127842245          0.000097888802          0.000075568113          0.000062017518          0.000058037739
       -0.000197146964         -0.000239567618         -0.000283722155         -0.000327683102         -0.000369551579         -0.000407533261         -0.000440009887         -0.000465603734         -0.000483232308         -0.000492151363         -0.000491984451         -0.000482737922         -0.000464800682         -0.000438928785         -0.000406215374         -0.000368047218         -0.000326049712         -0.000282022122         -0.000237865975         -0.000195509020         -0.000156827882         -0.000123572449         -0.000097294919         -0.000079286399         -0.000070522735         -0.000071624223
        0.000227304343          0.000270889043          0.000315253994          0.000358471219          0.000398679903          0.000434160649          0.000463404057          0.000485170633          0.000498540106          0.000502947872          0.000498207492          0.000484518098          0.000462456541          0.000432954429          0.000397261178          0.000356894404          0.000313579582          0.000269181396          0.000225629288          0.000184840153          0.000148641232          0.000118696276          0.000096437795          0.000083007582          0.000079209673          0.000085472479
       -0.000255767062         -0.000300053363         -0.000344157964         -0.000386171778         -0.000424290854         -0.000456888398         -0.000482579432         -0.000500275843         -0.000509229551         -0.000509062191         -0.000499780166         -0.000481774442         -0.000455804990         -0.000422970644         -0.000384665555         -0.000342523742         -0.000298354196         -0.000254068700         -0.000211605379         -0.000172850847         -0.000139564191         -0.000113305528         -0.000095371746         -0.000086743162         -0.000088039424         -0.000099496431
        0.000282252788          0.000326770631          0.000370146100          0.000410508194          0.000446128248          0.000475488741          0.000497343641          0.000510767811          0.000515193748          0.000510434060          0.000496688971          0.000474538351          0.000444918731          0.000409086199          0.000368566548          0.000325094667          0.000280545450          0.000236858903          0.000195962373          0.000159693042          0.000129723514          0.000107493374          0.000094150006          0.000090498647          0.000096970816          0.000113593270
       -0.000306494962         -0.000350771223         -0.000392955235         -0.000431233078         -0.000463968995         -0.000489770504         -0.000507543632         -0.000516536323         -0.000516368249         -0.000507045896         -0.000488962314         -0.000462881553         -0.000429908410         -0.000391444619         -0.000349133264         -0.000304793379         -0.000260347430         -0.000217744341         -0.000178881329         -0.000145527167         -0.000119250272         -0.000101354227         -0.000092822394         -0.000094278146         -0.000105948880         -0.000127672019
        0.000328245305          0.000371808298          0.000412349496          0.000448130468          0.000477625225          0.000499580838          0.000513067130          0.000517513528          0.000512731697          0.000498922955          0.000476670348          0.000446915584          0.000410921713          0.000370223103          0.000326564462          0.000281831362          0.000237974878          0.000196933496          0.000160554862          0.000130520990          0.000108279213          0.000094981805          0.000091438364          0.000098075129          0.000114928070          0.000141600383
       -0.000347276152         -0.000389660200         -0.000428122517         -0.000461017955         -0.000486946075         -0.000504806761         -0.000513843773         -0.000513674710         -0.000504306130         -0.000486133293         -0.000459924558         -0.000426790983         -0.000388142335         -0.000345631160         -0.000301087085         -0.000256443793         -0.000213661798         -0.000174649425         -0.000141185930         -0.000114848427         -0.000096947187         -0.000088470599         -0.000090040030         -0.000101890161         -0.000123828808         -0.000155309903
        0.000363382691          0.000404132600          0.000440099517          0.000469748484          0.000491819275          0.000505376374          0.000509845979          0.000505038699          0.000491157049          0.000468787442          0.000438877042          0.000402696312          0.000361788644          0.000317909132          0.000272954612          0.000228888076          0.000187659673          0.000151128466          0.000120986109          0.000098688306          0.000085393018          0.000081911146          0.000088674349          0.000105697290          0.000132622443          0.000168597346
       -0.000376385004         -0.000415060483         -0.000448139077         -0.000474211945         -0.000492172403         -0.000501259778         -0.000501089443         -0.000491668031         -0.000473393163         -0.000447037767         -0.000413719569         -0.000374856846         -0.000332112214         -0.000287326498         -0.000242445505         -0.000199441847         -0.000160236102         -0.000126617987         -0.000100174664         -0.000082222677         -0.000073755001         -0.000075396652         -0.000087369412         -0.000109508433         -0.000141171038         -0.000181503531
        0.000386129919          0.000422309872          0.000452134705          0.000474336445          0.000487973846          0.000492469656          0.000487633370          0.000473668754          0.000451165820          0.000421077566          0.000384682305          0.000343533108          0.000299396068          0.000254180240          0.000209861027          0.000168401542          0.000131672043          0.000101375772          0.000078975348          0.000065636470          0.000062172004          0.000069009150          0.000086178073          0.000113252195          0.000149530938          0.000193596629
       -0.000392492660         -0.000425779340         -0.000452016106         -0.000470089293         -0.000479233441         -0.000479061564         -0.000469580346         -0.000451189934         -0.000424668156         -0.000391139831         -0.000352032358         -0.000309019080         -0.000263952984         -0.000218792492         -0.000175523752         -0.000136079176         -0.000102261493         -0.000075665343         -0.000057618152         -0.000049113186         -0.000050779384         -0.000062842407         -0.000085096088         -0.000117000889         -0.000157380424         -0.000205292641
        0.000395378288          0.000425401261          0.000447750172          0.000461477689          0.000466002822          0.000461133863          0.000447075916          0.000424422856          0.000394133900          0.000357495824          0.000316071969          0.000271640454          0.000226122998          0.000181508998          0.000139773909          0.000102802304          0.000072305423          0.000049759734          0.000036329738          0.000032840370          0.000039711390          0.000056959291          0.000084212015          0.000120544966          0.000165069643          0.000215379178
       -0.000394722906         -0.000421142791         -0.000439341710         -0.000448549117         -0.000448375413         -0.000438827376         -0.000420307843         -0.000393599884         -0.000359835986         -0.000320453254         -0.000277136725         -0.000231752015         -0.000186271823         -0.000142695068         -0.000102969604         -0.000068906637         -0.000042117458         -0.000023926864         -0.000015348182         -0.000016991903         -0.000029097305         -0.000051464690         -0.000083429457         -0.000124167833         -0.000171659010         -0.000225406325
        0.000390494617          0.000413006616          0.000426833873          0.000431391396          0.000426486150          0.000412324698          0.000389505026          0.000358993115          0.000322084736          0.000280354473          0.000235592842          0.000189736025          0.000144786457          0.000102736047          0.000065478231          0.000034743527          0.000012004445         -0.000001546827         -0.000005114254          0.000001762138          0.000019058248          0.000046375268          0.000082964782          0.000127207458          0.000178386099          0.000231651581
       -0.000382694283         -0.000401031414         -0.000410308253         -0.000410132465         -0.000400510860         -0.000381849187         -0.000354936210         -0.000320912586         -0.000281226047         -0.000237573679         -0.000191835534         -0.000145997541         -0.000102075870         -0.000062027611         -0.000027685613         -0.000000656017          0.000017701470          0.000026412347          0.000024800138          0.000012711866         -0.000009722760         -0.000041840636         -0.000082435661         -0.000130583932         -0.000182340735         -0.000238767114
        0.000371356002          0.000385291992          0.000389884746          0.000384939832          0.000370665320          0.000347663736          0.000316908227          0.000279704462          0.000237638552          0.000192515286          0.000146284082          0.000100965297          0.000058560327          0.000020986434         -0.000010032129         -0.000032981166         -0.000046716603         -0.000050351809         -0.000043556960         -0.000026191951          0.000001174566          0.000037757687          0.000082442637          0.000132213049          0.000187181290          0.000235984814
       -0.000356547287         -0.000365899209         -0.000365721052         -0.000356019711         -0.000337204103         -0.000310069061         -0.000275764212         -0.000235748189         -0.000191731991         -0.000145608798         -0.000099382894         -0.000055080167         -0.000014683396          0.000019981755          0.000047261258          0.000065852065          0.000074665842          0.000073197928          0.000061040262          0.000038658844          0.000006413327         -0.000034408295         -0.000081733430         -0.000134743131         -0.000184488907         -0.000235538236
        0.000338369048          0.000342999555          0.000338011911          0.000323615945          0.000300418931          0.000269401957          0.000231880756          0.000189454877          0.000143941951          0.000097310013          0.000051589241          0.000008808362         -0.000029123387         -0.000060428195         -0.000083656309         -0.000097528149         -0.000101367998         -0.000094504296         -0.000077293231         -0.000049669127         -0.000013073921          0.000031370297          0.000081939406          0.000132143496          0.000183825469 
       -0.000316955242         -0.000316774466         -0.000306988103         -0.000288008441         -0.000260636988         -0.000226032498         -0.000185666333         -0.000141261955         -0.000094731192         -0.000048088188         -0.000003387465          0.000037396866          0.000072380597          0.000099981013          0.000118739693          0.000127815380          0.000126280050          0.000114374040          0.000091610294          0.000059563994          0.000018408801         -0.000029260628         -0.000079434789         -0.000131260390  
        0.000292472281          0.000287439428          0.000272914982          0.000249511554          0.000218218182          0.000180362494          0.000137555918          0.000091634609          0.000044576380         -0.000001558940         -0.000044751821         -0.000083030132         -0.000114693356         -0.000138118419         -0.000152305749         -0.000156080403         -0.000149562041         -0.000131850154         -0.000104631328         -0.000067141656         -0.000022803543          0.000026852771          0.000078331432   
       -0.000265118239         -0.000255242612         -0.000236090947         -0.000208471445         -0.000173553665         -0.000132820157         -0.000088012512         -0.000041052217          0.000006016261          0.000051147959          0.000092302264          0.000127677225          0.000155501000          0.000174624534          0.000183637954          0.000182536680          0.000170018625          0.000147858966          0.000114375875          0.000073768979          0.000025113381         -0.000025530851    
        0.000235121613          0.000220463455          0.000196844929          0.000165264677          0.000127060592          0.000083861667          0.000037513444         -0.000009975544         -0.000056555260         -0.000100136796         -0.000138834234         -0.000170744343         -0.000194578983         -0.000208707643         -0.000212999256         -0.000205765865         -0.000188847733         -0.000159673310         -0.000123161771         -0.000075979975         -0.000026649885     
       -0.000202740022         -0.000183410298         -0.000155535062         -0.000120293113         -0.000079183711         -0.000033957507          0.000013433283          0.000060954018          0.000106488267          0.000148084515          0.000183726886          0.000211999975          0.000231069120          0.000240675850          0.000238765741          0.000227220177          0.000202614419          0.000170522868          0.000125273490          0.000077724797      
        0.000168258020          0.000144419156          0.000112543800          0.000073985526          0.000030381884         -0.000016391140         -0.000064334773         -0.000111326163         -0.000155367319         -0.000194349624         -0.000226743570         -0.000250528837         -0.000265319986         -0.000268719041         -0.000262624313         -0.000242802407         -0.000215412652         -0.000172535206         -0.000127218094       
       -0.000131985985         -0.000103849091         -0.000068279500         -0.000026784445          0.000018855664          0.000066698131          0.000114634981          0.000160641397          0.000202536914          0.000238692278          0.000266921847          0.000286714993          0.000295356379          0.000294737089          0.000279867157          0.000257415271          0.000217325780          0.000174668833        
        0.000094255799          0.000062083771          0.000023163760         -0.000020837928         -0.000068054511         -0.000116414133         -0.000163885186         -0.000208237012         -0.000247756042         -0.000280113288         -0.000304676028         -0.000318440797         -0.000323267536         -0.000313468888         -0.000296142766         -0.000259229577         -0.000219635517         
       -0.000055422358         -0.000019519421          0.000022353182          0.000068423798          0.000116677738          0.000165096805          0.000211422390          0.000253872946          0.000289999548          0.000319051773          0.000337769990          0.000347959588          0.000343301464          0.000331238901          0.000297858791          0.000261700444          
        0.000015852285         -0.000023420460         -0.000067834951         -0.000115454286         -0.000164293894         -0.000212089821         -0.000257009644         -0.000296509121         -0.000329725766         -0.000353178186         -0.000368594494         -0.000369095374         -0.000362382645         -0.000332857281         -0.000300473852           
        0.000024062214          0.000066325545          0.000112786202          0.000161513284          0.000210260256          0.000257161539          0.000299603154          0.000336617400          0.000364537623          0.000384992875          0.000390620285          0.000389291297          0.000363904050          0.000335597772            
       -0.000063941278         -0.000108729324         -0.000156810524         -0.000205978508         -0.000254352693         -0.000299275700         -0.000339682579         -0.000371759682         -0.000397016336         -0.000407687208         -0.000411723170         -0.000390716377         -0.000366749529             
        0.000103352290          0.000150259295          0.000199312744          0.000248635528          0.000295553675          0.000338914046          0.000374795625          0.000404568714          0.000420150226          0.000429479883          0.000413052506          0.000393644895              
       -0.000141950676         -0.000190353829         -0.000240090279         -0.000288496565         -0.000334341375         -0.000373637001         -0.000407596913         -0.000427907815         -0.000442408174         -0.000430713942         -0.000416040790               
        0.000179214489          0.000228824284          0.000278195850          0.000326030690          0.000368315673          0.000406091361          0.000430903747          0.000450401309          0.000443547275          0.000433737601                
       -0.000214971029         -0.000264774234         -0.000314084059         -0.000358903534         -0.000400086070         -0.000429127598         -0.000453400039         -0.000451445600         -0.000446581014                 
        0.000248384592          0.000298638666          0.000345511888          0.000389658365          0.000422614832          0.000451393157          0.000454349483          0.000454463451                  
       -0.000279865667         -0.000328290570         -0.000374928232         -0.000411446531         -0.000444417594         -0.000452247528         -0.000457325049                   
        0.000307426716          0.000356057394          0.000395748733          0.000432558163          0.000445176489          0.000455154235                    
       -0.000333248002         -0.000375691480         -0.000415946869         -0.000433221016         -0.000447987845                     
        0.000351487451          0.000394761929          0.000416512985          0.000435910878                      
       -0.000369226352         -0.000395230524         -0.000419055826                       
        0.000369596595          0.000397601698                        
       -0.000371772605                         
