        0.155354109417          0.155354103073          0.155354097017          0.155354091361          0.155354086170          0.155354081469          0.155354077259          0.155354073520          0.155354070226          0.155354067342          0.155354064834          0.155354062662          0.155354060793          0.155354059192          0.155354057827          0.155354056672          0.155354055702          0.155354054894          0.155354054230          0.155354053693          0.155354053271          0.155354052954          0.155354052732          0.155354052601          0.155354052557          0.155354052599
       -0.089437604652         -0.089437596061         -0.089437589637         -0.089437584832         -0.089437581243         -0.089437578566         -0.089437576574         -0.089437575096         -0.089437574003         -0.089437573199         -0.089437572611         -0.089437572185         -0.089437571878         -0.089437571660         -0.089437571506         -0.089437571400         -0.089437571329         -0.089437571281         -0.089437571251         -0.089437571232         -0.089437571221         -0.089437571214         -0.089437571210         -0.089437571208         -0.089437571207         -0.089437571207
        0.054598212658          0.054598204675          0.054598198909          0.054598194766          0.054598191812          0.054598189724          0.054598188270          0.054598187276          0.054598186613          0.054598186191          0.054598185932          0.054598185791          0.054598185729          0.054598185718          0.054598185741          0.054598185782          0.054598185833          0.054598185886          0.054598185937          0.054598185981          0.054598186018          0.054598186044          0.054598186060          0.054598186065          0.054598186058          0.054598186040
       -0.033043177523         -0.033043165378         -0.033043156409         -0.033043149802         -0.033043144955         -0.033043141409         -0.033043138831         -0.033043136972         -0.033043135635         -0.033043134712         -0.033043134055         -0.033043133601         -0.033043133302         -0.033043133113         -0.033043132999         -0.033043132935         -0.033043132906         -0.033043132897         -0.033043132901         -0.033043132911         -0.033043132921         -0.033043132929         -0.033043132932         -0.033043132931         -0.033043132924         -0.033043132912
        0.019665864734          0.019665850113          0.019665839161          0.019665830946          0.019665824821          0.019665820264          0.019665816857          0.019665814325          0.019665812411          0.019665810982          0.019665810006          0.019665809297          0.019665808776          0.019665808403          0.019665808141          0.019665807961          0.019665807837          0.019665807754          0.019665807698          0.019665807663          0.019665807641          0.019665807629          0.019665807623          0.019665807624          0.019665807631          0.019665807647
       -0.011473087310         -0.011473070744         -0.011473058234         -0.011473048764         -0.011473041535         -0.011473036156         -0.011473032135         -0.011473029177         -0.011473027118         -0.011473025389         -0.011473024067         -0.011473023115         -0.011473022425         -0.011473021914         -0.011473021542         -0.011473021270         -0.011473021078         -0.011473020943         -0.011473020850         -0.011473020788         -0.011473020750         -0.011473020730         -0.011473020727         -0.011473020741         -0.011473020773         -0.011473020827
        0.006534551520          0.006534533196          0.006534519262          0.006534508808          0.006534500813          0.006534494632          0.006534489924          0.006534486169          0.006534483394          0.006534481524          0.006534480048          0.006534478899          0.006534478033          0.006534477397          0.006534476922          0.006534476577          0.006534476321          0.006534476134          0.006534476005          0.006534475919          0.006534475869          0.006534475851          0.006534475862          0.006534475905          0.006534475982          0.006534476102
       -0.003617443243         -0.003617423771         -0.003617408724         -0.003617396876         -0.003617387926         -0.003617380836         -0.003617375287         -0.003617371180         -0.003617367604         -0.003617365007         -0.003617362953         -0.003617361370         -0.003617360137         -0.003617359180         -0.003617358436         -0.003617357865         -0.003617357436         -0.003617357120         -0.003617356898         -0.003617356756         -0.003617356685         -0.003617356680         -0.003617356742         -0.003617356874         -0.003617357085         -0.003617357386
        0.001933652425          0.001933633062          0.001933618159          0.001933606419          0.001933597464          0.001933590561          0.001933585225          0.001933581182          0.001933577793          0.001933575193          0.001933573198          0.001933571649          0.001933570463          0.001933569532          0.001933568826          0.001933568285          0.001933567883          0.001933567594          0.001933567398          0.001933567283          0.001933567242          0.001933567272          0.001933567375          0.001933567558          0.001933567832          0.001933568214
       -0.000987969972         -0.000987951037         -0.000987936366         -0.000987924987         -0.000987916292         -0.000987909475         -0.000987904341         -0.000987900269         -0.000987897266         -0.000987894807         -0.000987892952         -0.000987891527         -0.000987890430         -0.000987889599         -0.000987888973         -0.000987888501         -0.000987888154         -0.000987887913         -0.000987887758         -0.000987887679         -0.000987887673         -0.000987887738         -0.000987887879         -0.000987888105         -0.000987888433         -0.000987888884
        0.000474267079          0.000474248336          0.000474233704          0.000474222602          0.000474213654          0.000474206878          0.000474201667          0.000474197522          0.000474194563          0.000474192064          0.000474190216          0.000474188771          0.000474187664          0.000474186831          0.000474186195          0.000474185725          0.000474185386          0.000474185156          0.000474185021          0.000474184972          0.000474185007          0.000474185126          0.000474185339          0.000474185662          0.000474186113          0.000474186728
       -0.000206966230         -0.000206947958         -0.000206933836         -0.000206922756         -0.000206914092         -0.000206907512         -0.000206902407         -0.000206898303         -0.000206895288         -0.000206892824         -0.000206890980         -0.000206889535         -0.000206888424         -0.000206887581         -0.000206886942         -0.000206886478         -0.000206886151         -0.000206885941         -0.000206885836         -0.000206885828         -0.000206885918         -0.000206886110         -0.000206886420         -0.000206886865         -0.000206887477         -0.000206888296
        0.000075945877          0.000075928725          0.000075915251          0.000075904878          0.000075896898          0.000075890800          0.000075885993          0.000075882135          0.000075879229          0.000075876941          0.000075875206          0.000075873852          0.000075872810          0.000075872023          0.000075871437          0.000075871019          0.000075870736          0.000075870570          0.000075870511          0.000075870555          0.000075870703          0.000075870968          0.000075871366          0.000075871924          0.000075872675          0.000075873657
       -0.000017429109         -0.000017413098         -0.000017400727         -0.000017391266         -0.000017384037         -0.000017378413         -0.000017373954         -0.000017370455         -0.000017367746         -0.000017365683         -0.000017364095         -0.000017362864         -0.000017361925         -0.000017361223         -0.000017360712         -0.000017360355         -0.000017360128         -0.000017360014         -0.000017360006         -0.000017360103         -0.000017360311         -0.000017360647         -0.000017361132         -0.000017361796         -0.000017362674         -0.000017363834
       -0.000004484446         -0.000004499272         -0.000004510624         -0.000004519376         -0.000004526113         -0.000004531431         -0.000004535607         -0.000004538817         -0.000004541368         -0.000004543275         -0.000004544766         -0.000004545908         -0.000004546770         -0.000004547409         -0.000004547866         -0.000004548175         -0.000004548355         -0.000004548419         -0.000004548372         -0.000004548211         -0.000004547924         -0.000004547492         -0.000004546888         -0.000004546078         -0.000004544998         -0.000004543547
        0.000009310916          0.000009324775          0.000009335440          0.000009343803          0.000009350308          0.000009355461          0.000009359471          0.000009362525          0.000009364999          0.000009366845          0.000009368299          0.000009369405          0.000009370234          0.000009370844          0.000009371270          0.000009371545          0.000009371682          0.000009371691          0.000009371573          0.000009371321          0.000009370918          0.000009370338          0.000009369551          0.000009368495          0.000009367091          0.000009365307
       -0.000007188355         -0.000007201484         -0.000007211712         -0.000007219848         -0.000007226217         -0.000007231260         -0.000007235168         -0.000007238147         -0.000007240583         -0.000007242412         -0.000007243856         -0.000007244948         -0.000007245762         -0.000007246353         -0.000007246753         -0.000007246990         -0.000007247074         -0.000007247010         -0.000007246796         -0.000007246417         -0.000007245853         -0.000007245072         -0.000007244017         -0.000007242625         -0.000007240860         -0.000007238555
        0.000003053610          0.000003066091          0.000003075924          0.000003083803          0.000003089988          0.000003094877          0.000003098666          0.000003101570          0.000003103945          0.000003105741          0.000003107153          0.000003108217          0.000003109001          0.000003109558          0.000003109915          0.000003110096          0.000003110107          0.000003109948          0.000003109612          0.000003109079          0.000003108321          0.000003107287          0.000003105921          0.000003104186          0.000003101909          0.000003099007
        0.000000928735          0.000000916966          0.000000907629          0.000000900140          0.000000894257          0.000000889615          0.000000886013          0.000000883237          0.000000880982          0.000000879268          0.000000877931          0.000000876932          0.000000876208          0.000000875713          0.000000875423          0.000000875318          0.000000875399          0.000000875669          0.000000876143          0.000000876845          0.000000877820          0.000000879116          0.000000880776          0.000000882959          0.000000885750          0.000000889266
       -0.000003993954         -0.000003983007         -0.000003974300         -0.000003967336         -0.000003961866         -0.000003957562         -0.000003954217         -0.000003951631         -0.000003949552         -0.000003947970         -0.000003946749         -0.000003945850         -0.000003945214         -0.000003944804         -0.000003944600         -0.000003944588         -0.000003944772         -0.000003945161         -0.000003945777         -0.000003946655         -0.000003947840         -0.000003949376         -0.000003951402         -0.000003954003         -0.000003957283         -0.000003961433
        0.000006028678          0.000006018628          0.000006010640          0.000006004279          0.000005999289          0.000005995372          0.000005992327          0.000005989970          0.000005988100          0.000005986678          0.000005985599          0.000005984818          0.000005984287          0.000005983975          0.000005983866          0.000005983954          0.000005984245          0.000005984757          0.000005985517          0.000005986565          0.000005987947          0.000005989777          0.000005992140          0.000005995133          0.000005998922          0.000006003740
       -0.000007181095         -0.000007171952         -0.000007164700         -0.000007158952         -0.000007154448         -0.000007150922         -0.000007148183         -0.000007146062         -0.000007144404         -0.000007143148         -0.000007142213         -0.000007141555         -0.000007141132         -0.000007140921         -0.000007140911         -0.000007141101         -0.000007141504         -0.000007142141         -0.000007143048         -0.000007144267         -0.000007145893         -0.000007148006         -0.000007150701         -0.000007154122         -0.000007158477         -0.000007163993
        0.000007670891          0.000007662600          0.000007656039          0.000007650861          0.000007646806          0.000007643640          0.000007641181          0.000007639281          0.000007637816          0.000007636715          0.000007635915          0.000007635372          0.000007635054          0.000007634943          0.000007635033          0.000007635330          0.000007635851          0.000007636624          0.000007637692          0.000007639126          0.000007641007          0.000007643423          0.000007646503          0.000007650429          0.000007655417          0.000007661755
       -0.000007706009         -0.000007698479         -0.000007692531         -0.000007687852         -0.000007684187         -0.000007681331         -0.000007679115         -0.000007677405         -0.000007676108         -0.000007675142         -0.000007674462         -0.000007674025         -0.000007673807         -0.000007673797         -0.000007673992         -0.000007674405         -0.000007675059         -0.000007675992         -0.000007677261         -0.000007678940         -0.000007681112         -0.000007683896         -0.000007687449         -0.000007691974         -0.000007697726         -0.000007705033
        0.000007453515          0.000007446646          0.000007441224          0.000007436968          0.000007433632          0.000007431035          0.000007429022          0.000007427474          0.000007426318          0.000007425471          0.000007424898          0.000007424561          0.000007424444          0.000007424538          0.000007424849          0.000007425395          0.000007426210          0.000007427338          0.000007428846          0.000007430814          0.000007433346          0.000007436586          0.000007440716          0.000007445967          0.000007452634          0.000007461083
       -0.000007035675         -0.000007029378         -0.000007024408         -0.000007020508         -0.000007017450         -0.000007015071         -0.000007013230         -0.000007011821         -0.000007010787         -0.000007010047         -0.000007009575         -0.000007009339         -0.000007009326         -0.000007009535         -0.000007009979         -0.000007010687         -0.000007011692         -0.000007013054         -0.000007014848         -0.000007017169         -0.000007020142         -0.000007023937         -0.000007028758         -0.000007034874         -0.000007042619         -0.000007052407
        0.000006536170          0.000006530375          0.000006525798          0.000006522207          0.000006519389          0.000006517200          0.000006515510          0.000006514228          0.000006513307          0.000006512671          0.000006512300          0.000006512169          0.000006512271          0.000006512612          0.000006513216          0.000006514107          0.000006515338          0.000006516979          0.000006519114          0.000006521856          0.000006525358          0.000006529804          0.000006535436          0.000006542559          0.000006551549          0.000006562883
       -0.000006009053         -0.000006003711         -0.000005999487         -0.000005996174         -0.000005993574         -0.000005991559         -0.000005990012         -0.000005988852         -0.000005988042         -0.000005987512         -0.000005987250         -0.000005987233         -0.000005987465         -0.000005987962         -0.000005988741         -0.000005989848         -0.000005991345         -0.000005993309         -0.000005995839         -0.000005999076         -0.000006003182         -0.000006008377         -0.000006014939         -0.000006023206         -0.000006033611         -0.000006046693
        0.000005487224          0.000005482302          0.000005478409          0.000005475356          0.000005472962          0.000005471115          0.000005469710          0.000005468674          0.000005467979          0.000005467562          0.000005467416          0.000005467529          0.000005467912          0.000005468574          0.000005469556          0.000005470912          0.000005472711          0.000005475039          0.000005478025          0.000005481813          0.000005486602          0.000005492642          0.000005500242          0.000005509789          0.000005521773          0.000005536808
       -0.000004989283         -0.000004984759         -0.000004981181         -0.000004978379         -0.000004976188         -0.000004974509         -0.000004973248         -0.000004972341         -0.000004971768         -0.000004971473         -0.000004971457         -0.000004971717         -0.000004972256         -0.000004973108         -0.000004974320         -0.000004975953         -0.000004978084         -0.000004980825         -0.000004984308         -0.000004988710         -0.000004994258         -0.000005001230         -0.000005009976         -0.000005020936         -0.000005034664         -0.000005051845
        0.000004524598          0.000004520457          0.000004517186          0.000004514630          0.000004512641          0.000004511132          0.000004510019          0.000004509249          0.000004508805          0.000004508642          0.000004508770          0.000004509179          0.000004509895          0.000004510961          0.000004512425          0.000004514357          0.000004516858          0.000004520043          0.000004524073          0.000004529151          0.000004535527          0.000004543519          0.000004553520          0.000004566028          0.000004581660          0.000004601184
       -0.000004096852         -0.000004093082         -0.000004090108         -0.000004087794         -0.000004086008         -0.000004084671         -0.000004083711         -0.000004083082         -0.000004082775         -0.000004082757         -0.000004083030         -0.000004083605         -0.000004084518         -0.000004085812         -0.000004087546         -0.000004089809         -0.000004092704         -0.000004096373         -0.000004101001         -0.000004106812         -0.000004114090         -0.000004123190         -0.000004134561         -0.000004148755         -0.000004166461         -0.000004188539
        0.000003706399          0.000003702984          0.000003700300          0.000003698224          0.000003696637          0.000003695473          0.000003694669          0.000003694186          0.000003694027          0.000003694152          0.000003694583          0.000003695342          0.000003696464          0.000003698000          0.000003700030          0.000003702642          0.000003705965          0.000003710162          0.000003715436          0.000003722042          0.000003730299          0.000003740609          0.000003753470          0.000003769499          0.000003789466          0.000003814339
       -0.000003351770         -0.000003348695         -0.000003346288         -0.000003344443         -0.000003343054         -0.000003342061         -0.000003341414         -0.000003341085         -0.000003341068         -0.000003341348         -0.000003341952         -0.000003342903         -0.000003344245         -0.000003346047         -0.000003348386         -0.000003351378         -0.000003355167         -0.000003359935         -0.000003365911         -0.000003373381         -0.000003382707         -0.000003394335         -0.000003408820         -0.000003426852         -0.000003449300         -0.000003477216
        0.000003030600          0.000003027846          0.000003025706          0.000003024083          0.000003022885          0.000003022063          0.000003021576          0.000003021394          0.000003021529          0.000003021973          0.000003022757          0.000003023910          0.000003025491          0.000003027571          0.000003030247          0.000003033652          0.000003037947          0.000003043336          0.000003050077          0.000003058493          0.000003068987          0.000003082056          0.000003098321          0.000003118559          0.000003143715          0.000003174979
       -0.000002740177         -0.000002737725         -0.000002735836         -0.000002734425         -0.000002733413         -0.000002732761         -0.000002732426         -0.000002732398         -0.000002732692         -0.000002733307         -0.000002734277         -0.000002735648         -0.000002737480         -0.000002739861         -0.000002742907         -0.000002746761         -0.000002751607         -0.000002757676         -0.000002765257         -0.000002774712         -0.000002786488         -0.000002801142         -0.000002819374         -0.000002842029         -0.000002870177         -0.000002905139
        0.000002477744          0.000002475574          0.000002473921          0.000002472713          0.000002471882          0.000002471389          0.000002471210          0.000002471340          0.000002471797          0.000002472588          0.000002473760          0.000002475359          0.000002477463          0.000002480175          0.000002483623          0.000002487969          0.000002493421          0.000002500240          0.000002508748          0.000002519348          0.000002532540          0.000002548953          0.000002569347          0.000002594682          0.000002626145          0.000002665206
       -0.000002240661         -0.000002238753         -0.000002237323         -0.000002236309         -0.000002235646         -0.000002235313         -0.000002235291         -0.000002235581         -0.000002236206         -0.000002237185         -0.000002238567         -0.000002240414         -0.000002242818         -0.000002245891         -0.000002249780         -0.000002254670         -0.000002260794         -0.000002268442         -0.000002277976         -0.000002289845         -0.000002304615         -0.000002322968         -0.000002345769         -0.000002374083         -0.000002409232         -0.000002452840
        0.000002026479          0.000002024814          0.000002023594          0.000002022759          0.000002022262          0.000002022088          0.000002022225          0.000002022676          0.000002023479          0.000002024653          0.000002026263          0.000002028382          0.000002031113          0.000002034585          0.000002038964          0.000002044458          0.000002051327          0.000002059897          0.000002070572          0.000002083860          0.000002100375          0.000002120894          0.000002146377          0.000002178012          0.000002217258          0.000002265950
       -0.000001832961         -0.000001831524         -0.000001830496         -0.000001829834         -0.000001829501         -0.000001829484         -0.000001829779         -0.000001830401         -0.000001831387         -0.000001832773         -0.000001834632         -0.000001837050         -0.000001840142         -0.000001844057         -0.000001848980         -0.000001855147         -0.000001862847         -0.000001872446         -0.000001884399         -0.000001899260         -0.000001917729         -0.000001940667         -0.000001969146         -0.000002004479         -0.000002048314         -0.000002102574
        0.000001658088          0.000001656858          0.000001656013          0.000001655520          0.000001655347          0.000001655486          0.000001655945          0.000001656743          0.000001657925          0.000001659542          0.000001661675          0.000001664422          0.000001667916          0.000001672324          0.000001677856          0.000001684773          0.000001693403          0.000001704156          0.000001717530          0.000001734156          0.000001754809          0.000001780454          0.000001812274          0.000001851753          0.000001900621          0.000001961219
       -0.000001500035         -0.000001499000         -0.000001498332         -0.000001498002         -0.000001497985         -0.000001498285         -0.000001498912         -0.000001499896         -0.000001501293         -0.000001503162         -0.000001505596         -0.000001508709         -0.000001512652         -0.000001517611         -0.000001523823         -0.000001531581         -0.000001541255         -0.000001553293         -0.000001568263         -0.000001586864         -0.000001609965         -0.000001638631         -0.000001674200         -0.000001718230         -0.000001772830         -0.000001839969
        0.000001357169          0.000001356320          0.000001355821          0.000001355649          0.000001355791          0.000001356254          0.000001357058          0.000001358243          0.000001359874          0.000001362020          0.000001364788          0.000001368310          0.000001372753          0.000001378330          0.000001385303          0.000001394007          0.000001404845          0.000001418327          0.000001435085          0.000001455900          0.000001481735          0.000001513793          0.000001553480          0.000001602695          0.000001663211          0.000001738306
       -0.000001228021         -0.000001227349         -0.000001227012         -0.000001226999         -0.000001227300         -0.000001227933         -0.000001228927         -0.000001230330         -0.000001232217         -0.000001234669         -0.000001237811         -0.000001241789         -0.000001246793         -0.000001253061         -0.000001260892         -0.000001270650         -0.000001282796         -0.000001297897         -0.000001316659         -0.000001339950         -0.000001368855         -0.000001404639         -0.000001449018         -0.000001503587         -0.000001571300         -0.000001652607
        0.000001111271          0.000001110767          0.000001110591          0.000001110735          0.000001111201          0.000001112014          0.000001113213          0.000001114854          0.000001117023          0.000001119817          0.000001123375          0.000001127863          0.000001133495          0.000001140541          0.000001149328          0.000001160271          0.000001173883          0.000001190800          0.000001211804          0.000001237874          0.000001270152          0.000001310183          0.000001359407          0.000001420487          0.000001493822          0.000001585379
       -0.000001005727         -0.000001005388         -0.000001005370         -0.000001005675         -0.000001006315         -0.000001007321         -0.000001008741         -0.000001010644         -0.000001013126         -0.000001016301         -0.000001020323         -0.000001025382         -0.000001031720         -0.000001039634         -0.000001049495         -0.000001061768         -0.000001077025         -0.000001095971         -0.000001119492         -0.000001148615         -0.000001184737         -0.000001229154         -0.000001284270         -0.000001350437         -0.000001433043         -0.000001523612
        0.000000910321          0.000000910142          0.000000910284          0.000000910758          0.000000911580          0.000000912795          0.000000914457          0.000000916648          0.000000919478          0.000000923077          0.000000927619          0.000000933320          0.000000940446          0.000000949333          0.000000960400          0.000000974163          0.000000991258          0.000001012484          0.000001038769          0.000001071373          0.000001111464          0.000001161212          0.000001220932          0.000001295486          0.000001377204          0.000001483901
       -0.000000824086         -0.000000824067         -0.000000824374         -0.000000825023         -0.000000826042         -0.000000827482         -0.000000829411         -0.000000831922         -0.000000835140         -0.000000839212         -0.000000844338         -0.000000850753         -0.000000858763         -0.000000868743         -0.000000881160         -0.000000896588         -0.000000915748         -0.000000939477         -0.000000968913         -0.000001005109         -0.000001050025         -0.000001103941         -0.000001171247         -0.000001245002         -0.000001341304         -0.000001415290
        0.000000746152          0.000000746296          0.000000746774          0.000000747610          0.000000748840          0.000000750528          0.000000752751          0.000000755617          0.000000759266          0.000000763870          0.000000769645          0.000000776862          0.000000785862          0.000000797066          0.000000810992          0.000000828290          0.000000849716          0.000000876297          0.000000908985          0.000000949548          0.000000998235          0.000001059014          0.000001125602          0.000001212545          0.000001279283          0.000001394566
       -0.000000675735         -0.000000676047         -0.000000676703         -0.000000677739         -0.000000679200         -0.000000681159         -0.000000683708         -0.000000686969         -0.000000691102         -0.000000696296         -0.000000702799         -0.000000710915         -0.000000721024         -0.000000733595         -0.000000749214         -0.000000768564         -0.000000792572         -0.000000822098         -0.000000858737         -0.000000902713         -0.000000957609         -0.000001017741         -0.000001096255         -0.000001156476         -0.000001260549 
        0.000000612128          0.000000612613          0.000000613460          0.000000614712          0.000000616425          0.000000618684          0.000000621594          0.000000625296          0.000000629966          0.000000635821          0.000000643139          0.000000652260          0.000000663608          0.000000677713          0.000000695190          0.000000716878          0.000000743551          0.000000776652          0.000000816380          0.000000865973          0.000000920287          0.000000991205          0.000001045562          0.000001139539  
       -0.000000554693         -0.000000555360         -0.000000556411         -0.000000557897         -0.000000559887         -0.000000562477         -0.000000565790         -0.000000569981         -0.000000575252         -0.000000581847         -0.000000590076         -0.000000600320         -0.000000613057         -0.000000628845         -0.000000648438         -0.000000672538         -0.000000702446         -0.000000738343         -0.000000783153         -0.000000832222         -0.000000896291         -0.000000945369         -0.000001030249   
        0.000000502853          0.000000503714          0.000000504985          0.000000506727          0.000000509022          0.000000511980          0.000000515739          0.000000520477          0.000000526419          0.000000533841          0.000000543088          0.000000554590          0.000000568851          0.000000586554          0.000000608331          0.000000635359          0.000000667798          0.000000708292          0.000000752630          0.000000810522          0.000000854844          0.000000931523    
       -0.000000456090         -0.000000457158         -0.000000458668         -0.000000460692         -0.000000463324         -0.000000466690         -0.000000470946         -0.000000476294         -0.000000482987         -0.000000491331         -0.000000501718         -0.000000514600         -0.000000530595         -0.000000550275         -0.000000574701         -0.000000604019         -0.000000640618         -0.000000680686         -0.000000733005         -0.000000773041         -0.000000842324     
        0.000000413936          0.000000415228          0.000000416999          0.000000419333          0.000000422338          0.000000426157          0.000000430968          0.000000436997          0.000000444526          0.000000453903          0.000000465540          0.000000479992          0.000000497777          0.000000519854          0.000000546354          0.000000579435          0.000000615650          0.000000662937          0.000000699108          0.000000761719      
       -0.000000375970         -0.000000377505         -0.000000379562         -0.000000382238         -0.000000385657         -0.000000389980         -0.000000395411         -0.000000402199         -0.000000410664         -0.000000421173         -0.000000434232         -0.000000450304         -0.000000470259         -0.000000494212         -0.000000524117         -0.000000556851         -0.000000599597         -0.000000632281         -0.000000688869       
        0.000000341813          0.000000343614          0.000000345986          0.000000349040          0.000000352919          0.000000357805          0.000000363924          0.000000371561          0.000000381052          0.000000392849          0.000000407373          0.000000425410          0.000000447063          0.000000474097          0.000000503689          0.000000542331          0.000000571869          0.000000623020        
       -0.000000311127         -0.000000313218         -0.000000315936         -0.000000319410         -0.000000323801         -0.000000329312         -0.000000336201         -0.000000344768         -0.000000355425         -0.000000368550         -0.000000384853         -0.000000404426         -0.000000428867         -0.000000455619         -0.000000490555         -0.000000517252         -0.000000563493         
        0.000000283604          0.000000286014          0.000000289116          0.000000293057          0.000000298016          0.000000304226          0.000000311958          0.000000321582          0.000000333441          0.000000348176          0.000000365870          0.000000387966          0.000000412152          0.000000443739          0.000000467870          0.000000509676          
       -0.000000258972         -0.000000261734         -0.000000265262         -0.000000269720         -0.000000275314         -0.000000282289         -0.000000290979         -0.000000301691         -0.000000315008         -0.000000331002         -0.000000350978         -0.000000372845         -0.000000401405         -0.000000423219         -0.000000461018           
        0.000000236988          0.000000240140          0.000000244139          0.000000249174          0.000000255462          0.000000263305          0.000000272981          0.000000285013          0.000000299470          0.000000317530          0.000000337299          0.000000363123          0.000000382842          0.000000417020            
       -0.000000217435         -0.000000221017         -0.000000225541         -0.000000231206         -0.000000238282         -0.000000247019         -0.000000257890         -0.000000270955         -0.000000287281         -0.000000305154         -0.000000328504         -0.000000346331         -0.000000377235             
        0.000000200121          0.000000204181          0.000000209278          0.000000215657          0.000000223543          0.000000233363          0.000000245169          0.000000259927          0.000000276084          0.000000297197          0.000000313313          0.000000341258              
       -0.000000184876         -0.000000189458         -0.000000195204         -0.000000202318         -0.000000211185         -0.000000221852         -0.000000235191         -0.000000249796         -0.000000268886         -0.000000283454         -0.000000308724               
        0.000000171545          0.000000176716          0.000000183130          0.000000191134          0.000000200769          0.000000212823          0.000000226024          0.000000243282          0.000000256451          0.000000279302                
       -0.000000160008         -0.000000165786         -0.000000173006         -0.000000181706         -0.000000192597         -0.000000204528         -0.000000220131         -0.000000232032         -0.000000252695                 
        0.000000150111          0.000000156621          0.000000164473          0.000000174310          0.000000185091          0.000000199195          0.000000209951          0.000000228634                  
       -0.000000141813         -0.000000148895         -0.000000157778         -0.000000167517         -0.000000180264         -0.000000189983         -0.000000206876                   
        0.000000134818          0.000000142835          0.000000151629          0.000000163149          0.000000171928          0.000000187201                    
       -0.000000129331         -0.000000137268         -0.000000147675         -0.000000155604         -0.000000169410                     
        0.000000124290          0.000000133689          0.000000140846          0.000000153325                      
       -0.000000121049         -0.000000127507         -0.000000138783                       
        0.000000115451          0.000000125639                        
       -0.000000113760                         
