       -0.164574237074         -0.164574237286         -0.164574237382         -0.164574237426         -0.164574237445         -0.164574237454         -0.164574237457         -0.164574237459         -0.164574237459         -0.164574237460         -0.164574237459         -0.164574237460         -0.164574237460         -0.164574237460         -0.164574237460         -0.164574237459         -0.164574237459         -0.164574237459         -0.164574237459         -0.164574237459         -0.164574237459         -0.164574237459         -0.164574237459         -0.164574237459         -0.164574237459         -0.164574237459
        0.111969308021          0.111969308179          0.111969308252          0.111969308285          0.111969308300          0.111969308307          0.111969308309          0.111969308311          0.111969308311          0.111969308311          0.111969308311          0.111969308311          0.111969308311          0.111969308311          0.111969308311          0.111969308311          0.111969308311          0.111969308311          0.111969308311          0.111969308311          0.111969308311          0.111969308311          0.111969308311          0.111969308311          0.111969308311          0.111969308311
       -0.076011004008         -0.076011004126         -0.076011004181         -0.076011004206         -0.076011004218         -0.076011004223         -0.076011004225         -0.076011004226         -0.076011004226         -0.076011004227         -0.076011004227         -0.076011004227         -0.076011004227         -0.076011004227         -0.076011004227         -0.076011004227         -0.076011004227         -0.076011004227         -0.076011004227         -0.076011004227         -0.076011004227         -0.076011004227         -0.076011004227         -0.076011004227         -0.076011004227         -0.076011004227
        0.051429631464          0.051429631554          0.051429631594          0.051429631616          0.051429631623          0.051429631627          0.051429631629          0.051429631631          0.051429631630          0.051429631630          0.051429631630          0.051429631630          0.051429631630          0.051429631630          0.051429631632          0.051429631632          0.051429631632          0.051429631630          0.051429631632          0.051429631630          0.051429631630          0.051429631630          0.051429631630          0.051429631630          0.051429631630          0.051429631630
       -0.034827566118         -0.034827566184         -0.034827566216         -0.034827566231         -0.034827566242         -0.034827566245         -0.034827566243         -0.034827566243         -0.034827566247         -0.034827566248         -0.034827566248         -0.034827566248         -0.034827566247         -0.034827566243         -0.034827566239         -0.034827566240         -0.034827566243         -0.034827566244         -0.034827566244         -0.034827566248         -0.034827566248         -0.034827566248         -0.034827566248         -0.034827566248         -0.034827566247         -0.034827566243
        0.023649357305          0.023649357335          0.023649357380          0.023649357372          0.023649357380          0.023649357382          0.023649357401          0.023649357382          0.023649357385          0.023649357385          0.023649357385          0.023649357385          0.023649357383          0.023649357399          0.023649357397          0.023649357398          0.023649357381          0.023649357402          0.023649357383          0.023649357385          0.023649357386          0.023649357385          0.023649357385          0.023649357385          0.023649357383          0.023649357400
       -0.016114639782         -0.016114639820         -0.016114639838         -0.016114639832         -0.016114639837         -0.016114639853         -0.016114639854         -0.016114639840         -0.016114639840         -0.016114639840         -0.016114639840         -0.016114639841         -0.016114639856         -0.016114639871         -0.016114639871         -0.016114639857         -0.016114639856         -0.016114639855         -0.016114639840         -0.016114639840         -0.016114639840         -0.016114639840         -0.016114639840         -0.016114639841         -0.016114639856         -0.016114639870
        0.011021188844          0.011021188883          0.011021188886          0.011021188895          0.011021188896          0.011021188907          0.011021188898          0.011021188899          0.011021188898          0.011021188898          0.011021188900          0.011021188901          0.011021188911          0.011021188910          0.011021188912          0.011021188901          0.011021188910          0.011021188899          0.011021188900          0.011021188898          0.011021188898          0.011021188898          0.011021188900          0.011021188901          0.011021188909          0.011021188909
       -0.007565749195         -0.007565749228         -0.007565749229         -0.007565749235         -0.007565749244         -0.007565749245         -0.007565749237         -0.007565749250         -0.007565749248         -0.007565749250         -0.007565749239         -0.007565749238         -0.007565749235         -0.007565749236         -0.007565749227         -0.007565749238         -0.007565749248         -0.007565749237         -0.007565749250         -0.007565749248         -0.007565749248         -0.007565749250         -0.007565749239         -0.007565749236         -0.007565749245         -0.007565749236
        0.005212692409          0.005212692436          0.005212692417          0.005212692447          0.005212692454          0.005212692447          0.005212692441          0.005212692460          0.005212692459          0.005212692442          0.005212692433          0.005212692430          0.005212692439          0.005212692413          0.005212692425          0.005212692442          0.005212692450          0.005212692441          0.005212692460          0.005212692458          0.005212692459          0.005212692442          0.005212692431          0.005212692447          0.005212692446          0.005212692432
       -0.003604256254         -0.003604256253         -0.003604256259         -0.003604256295         -0.003604256294         -0.003604256282         -0.003604256278         -0.003604256299         -0.003604256278         -0.003604256265         -0.003604256264         -0.003604256283         -0.003604256263         -0.003604256252         -0.003604256267         -0.003604256280         -0.003604256285         -0.003604256278         -0.003604256298         -0.003604256297         -0.003604256277         -0.003604256263         -0.003604256283         -0.003604256295         -0.003604256282         -0.003604256265
        0.002500718991          0.002500719010          0.002500719026          0.002500719054          0.002500719046          0.002500719032          0.002500719030          0.002500719030          0.002500719014          0.002500719014          0.002500719042          0.002500719036          0.002500719026          0.002500719017          0.002500719025          0.002500719032          0.002500719034          0.002500719029          0.002500719049          0.002500719028          0.002500719013          0.002500719033          0.002500719055          0.002500719055          0.002500719033          0.002500719015
       -0.001740849158         -0.001740849185         -0.001740849196         -0.001740849214         -0.001740849203         -0.001740849189         -0.001740849170         -0.001740849173         -0.001740849172         -0.001740849203         -0.001740849211         -0.001740849214         -0.001740849204         -0.001740849187         -0.001740849187         -0.001740849190         -0.001740849191         -0.001740849188         -0.001740849187         -0.001740849170         -0.001740849190         -0.001740849216         -0.001740849227         -0.001740849216         -0.001740849190         -0.001740849173
        0.001215782402          0.001215782422          0.001215782427          0.001215782438          0.001215782425          0.001215782397          0.001215782382          0.001215782399          0.001215782427          0.001215782443          0.001215782458          0.001215782460          0.001215782442          0.001215782419          0.001215782414          0.001215782414          0.001215782414          0.001215782395          0.001215782397          0.001215782413          0.001215782440          0.001215782457          0.001215782457          0.001215782439          0.001215782413          0.001215782399
       -0.000851727674         -0.000851727687         -0.000851727687         -0.000851727693         -0.000851727667         -0.000851727644         -0.000851727644         -0.000851727685         -0.000851727703         -0.000851727724         -0.000851727737         -0.000851727730         -0.000851727705         -0.000851727680         -0.000851727672         -0.000851727671         -0.000851727657         -0.000851727643         -0.000851727671         -0.000851727695         -0.000851727715         -0.000851727722         -0.000851727714         -0.000851727694         -0.000851727670         -0.000851727658
        0.000598477594          0.000598477601          0.000598477598          0.000598477590          0.000598477569          0.000598477560          0.000598477584          0.000598477614          0.000598477637          0.000598477656          0.000598477659          0.000598477644          0.000598477618          0.000598477593          0.000598477584          0.000598477570          0.000598477560          0.000598477571          0.000598477604          0.000598477623          0.000598477634          0.000598477634          0.000598477622          0.000598477603          0.000598477581          0.000598477560
       -0.000421744689         -0.000421744692         -0.000421744678         -0.000421744671         -0.000421744662         -0.000421744674         -0.000421744692         -0.000421744724         -0.000421744745         -0.000421744755         -0.000421744750         -0.000421744732         -0.000421744706         -0.000421744683         -0.000421744665         -0.000421744654         -0.000421744664         -0.000421744682         -0.000421744709         -0.000421744721         -0.000421744725         -0.000421744720         -0.000421744708         -0.000421744690         -0.000421744662         -0.000421744655
        0.000298029089          0.000298029082          0.000298029071          0.000298029071          0.000298029080          0.000298029089          0.000298029111          0.000298029138          0.000298029151          0.000298029154          0.000298029144          0.000298029125          0.000298029101          0.000298029074          0.000298029059          0.000298029065          0.000298029080          0.000298029096          0.000298029115          0.000298029120          0.000298029120          0.000298029114          0.000298029101          0.000298029078          0.000298029064          0.000298029064
       -0.000211168002         -0.000211167996         -0.000211167992         -0.000211168005         -0.000211168011         -0.000211168025         -0.000211168044         -0.000211168064         -0.000211168069         -0.000211168067         -0.000211168056         -0.000211168038         -0.000211168011         -0.000211167988         -0.000211167988         -0.000211167999         -0.000211168012         -0.000211168023         -0.000211168035         -0.000211168036         -0.000211168034         -0.000211168027         -0.000211168010         -0.000211167997         -0.000211167991         -0.000211167993
        0.000150007013          0.000150007012          0.000150007019          0.000150007030          0.000150007040          0.000150007053          0.000150007066          0.000150007078          0.000150007079          0.000150007074          0.000150007063          0.000150007042          0.000150007020          0.000150007011          0.000150007016          0.000150007025          0.000150007034          0.000150007041          0.000150007048          0.000150007048          0.000150007044          0.000150007033          0.000150007023          0.000150007017          0.000150007013          0.000150007014
       -0.000106822576         -0.000106822583         -0.000106822589         -0.000106822601         -0.000106822611         -0.000106822620         -0.000106822628         -0.000106822634         -0.000106822633         -0.000106822626         -0.000106822612         -0.000106822595         -0.000106822584         -0.000106822581         -0.000106822586         -0.000106822592         -0.000106822598         -0.000106822601         -0.000106822606         -0.000106822604         -0.000106822597         -0.000106822591         -0.000106822586         -0.000106822582         -0.000106822579         -0.000106822579
        0.000076249507          0.000076249513          0.000076249521          0.000076249531          0.000076249538          0.000076249543          0.000076249548          0.000076249551          0.000076249548          0.000076249539          0.000076249527          0.000076249518          0.000076249513          0.000076249511          0.000076249514          0.000076249518          0.000076249521          0.000076249523          0.000076249525          0.000076249520          0.000076249517          0.000076249514          0.000076249511          0.000076249508          0.000076249505          0.000076249505
       -0.000054549204         -0.000054549210         -0.000054549218         -0.000054549226         -0.000054549230         -0.000054549232         -0.000054549234         -0.000054549235         -0.000054549230         -0.000054549222         -0.000054549216         -0.000054549212         -0.000054549208         -0.000054549206         -0.000054549207         -0.000054549210         -0.000054549211         -0.000054549212         -0.000054549211         -0.000054549209         -0.000054549208         -0.000054549206         -0.000054549204         -0.000054549200         -0.000054549198         -0.000054549197
        0.000039108622          0.000039108629          0.000039108634          0.000039108639          0.000039108641          0.000039108642          0.000039108642          0.000039108641          0.000039108635          0.000039108632          0.000039108629          0.000039108626          0.000039108623          0.000039108621          0.000039108621          0.000039108622          0.000039108623          0.000039108621          0.000039108622          0.000039108622          0.000039108621          0.000039108620          0.000039108617          0.000039108615          0.000039108612          0.000039108610
       -0.000028096041         -0.000028096045         -0.000028096049         -0.000028096052         -0.000028096053         -0.000028096052         -0.000028096051         -0.000028096049         -0.000028096047         -0.000028096046         -0.000028096044         -0.000028096041         -0.000028096038         -0.000028096036         -0.000028096036         -0.000028096036         -0.000028096035         -0.000028096035         -0.000028096036         -0.000028096036         -0.000028096036         -0.000028096034         -0.000028096032         -0.000028096030         -0.000028096027         -0.000028096025
        0.000020223788          0.000020223791          0.000020223793          0.000020223795          0.000020223794          0.000020223793          0.000020223791          0.000020223791          0.000020223791          0.000020223790          0.000020223788          0.000020223786          0.000020223783          0.000020223781          0.000020223781          0.000020223780          0.000020223780          0.000020223780          0.000020223781          0.000020223781          0.000020223780          0.000020223779          0.000020223777          0.000020223775          0.000020223772          0.000020223772
       -0.000014584162         -0.000014584163         -0.000014584164         -0.000014584165         -0.000014584164         -0.000014584163         -0.000014584162         -0.000014584163         -0.000014584163         -0.000014584162         -0.000014584160         -0.000014584158         -0.000014584156         -0.000014584154         -0.000014584153         -0.000014584153         -0.000014584153         -0.000014584154         -0.000014584154         -0.000014584154         -0.000014584153         -0.000014584152         -0.000014584150         -0.000014584148         -0.000014584147         -0.000014584148
        0.000010535605          0.000010535606          0.000010535607          0.000010535606          0.000010535605          0.000010535605          0.000010535605          0.000010535606          0.000010535606          0.000010535605          0.000010535603          0.000010535602          0.000010535600          0.000010535598          0.000010535597          0.000010535597          0.000010535598          0.000010535598          0.000010535598          0.000010535598          0.000010535597          0.000010535596          0.000010535594          0.000010535593          0.000010535594          0.000010535596
       -0.000007623507         -0.000007623507         -0.000007623507         -0.000007623506         -0.000007623506         -0.000007623506         -0.000007623507         -0.000007623507         -0.000007623507         -0.000007623506         -0.000007623505         -0.000007623503         -0.000007623501         -0.000007623500         -0.000007623500         -0.000007623500         -0.000007623500         -0.000007623500         -0.000007623500         -0.000007623500         -0.000007623499         -0.000007623498         -0.000007623497         -0.000007623497         -0.000007623499         -0.000007623501
        0.000005524925          0.000005524925          0.000005524925          0.000005524925          0.000005524925          0.000005524925          0.000005524926          0.000005524926          0.000005524925          0.000005524924          0.000005524923          0.000005524922          0.000005524920          0.000005524920          0.000005524920          0.000005524920          0.000005524920          0.000005524920          0.000005524920          0.000005524919          0.000005524919          0.000005524918          0.000005524918          0.000005524919          0.000005524920          0.000005524923
       -0.000004009908         -0.000004009908         -0.000004009908         -0.000004009908         -0.000004009908         -0.000004009908         -0.000004009908         -0.000004009908         -0.000004009908         -0.000004009907         -0.000004009906         -0.000004009905         -0.000004009904         -0.000004009904         -0.000004009904         -0.000004009904         -0.000004009904         -0.000004009904         -0.000004009904         -0.000004009903         -0.000004009903         -0.000004009903         -0.000004009903         -0.000004009904         -0.000004009906         -0.000004009908
        0.000002914338          0.000002914338          0.000002914338          0.000002914339          0.000002914339          0.000002914339          0.000002914339          0.000002914338          0.000002914338          0.000002914337          0.000002914337          0.000002914336          0.000002914335          0.000002914335          0.000002914335          0.000002914335          0.000002914335          0.000002914335          0.000002914334          0.000002914334          0.000002914334          0.000002914335          0.000002914336          0.000002914336          0.000002914338          0.000002914342
       -0.000002120827         -0.000002120828         -0.000002120828         -0.000002120828         -0.000002120828         -0.000002120828         -0.000002120828         -0.000002120828         -0.000002120827         -0.000002120827         -0.000002120826         -0.000002120826         -0.000002120825         -0.000002120825         -0.000002120825         -0.000002120825         -0.000002120825         -0.000002120825         -0.000002120825         -0.000002120825         -0.000002120825         -0.000002120826         -0.000002120826         -0.000002120828         -0.000002120830         -0.000002120835
        0.000001545234          0.000001545234          0.000001545235          0.000001545235          0.000001545235          0.000001545234          0.000001545234          0.000001545234          0.000001545234          0.000001545234          0.000001545233          0.000001545233          0.000001545232          0.000001545232          0.000001545232          0.000001545232          0.000001545232          0.000001545232          0.000001545232          0.000001545232          0.000001545233          0.000001545233          0.000001545234          0.000001545236          0.000001545240          0.000001545246
       -0.000001127125         -0.000001127125         -0.000001127125         -0.000001127125         -0.000001127125         -0.000001127125         -0.000001127124         -0.000001127124         -0.000001127124         -0.000001127124         -0.000001127124         -0.000001127123         -0.000001127123         -0.000001127123         -0.000001127123         -0.000001127122         -0.000001127122         -0.000001127123         -0.000001127123         -0.000001127123         -0.000001127124         -0.000001127124         -0.000001127126         -0.000001127128         -0.000001127133         -0.000001127143
        0.000000823009          0.000000823009          0.000000823009          0.000000823009          0.000000823009          0.000000823009          0.000000823009          0.000000823009          0.000000823009          0.000000823008          0.000000823008          0.000000823008          0.000000823008          0.000000823007          0.000000823007          0.000000823007          0.000000823007          0.000000823008          0.000000823008          0.000000823008          0.000000823009          0.000000823010          0.000000823012          0.000000823015          0.000000823022          0.000000823035
       -0.000000601534         -0.000000601534         -0.000000601534         -0.000000601534         -0.000000601534         -0.000000601534         -0.000000601534         -0.000000601534         -0.000000601534         -0.000000601534         -0.000000601534         -0.000000601533         -0.000000601533         -0.000000601533         -0.000000601533         -0.000000601533         -0.000000601533         -0.000000601533         -0.000000601534         -0.000000601534         -0.000000601535         -0.000000601536         -0.000000601539         -0.000000601544         -0.000000601554         -0.000000601572
        0.000000440057          0.000000440057          0.000000440057          0.000000440057          0.000000440057          0.000000440057          0.000000440057          0.000000440057          0.000000440057          0.000000440057          0.000000440056          0.000000440056          0.000000440056          0.000000440056          0.000000440056          0.000000440056          0.000000440056          0.000000440056          0.000000440057          0.000000440057          0.000000440059          0.000000440061          0.000000440064          0.000000440071          0.000000440085          0.000000440111
       -0.000000322197         -0.000000322197         -0.000000322197         -0.000000322197         -0.000000322197         -0.000000322197         -0.000000322197         -0.000000322197         -0.000000322197         -0.000000322197         -0.000000322196         -0.000000322196         -0.000000322196         -0.000000322196         -0.000000322196         -0.000000322196         -0.000000322197         -0.000000322197         -0.000000322197         -0.000000322198         -0.000000322200         -0.000000322202         -0.000000322208         -0.000000322218         -0.000000322237         -0.000000322274
        0.000000236086          0.000000236086          0.000000236086          0.000000236086          0.000000236086          0.000000236086          0.000000236086          0.000000236086          0.000000236086          0.000000236086          0.000000236086          0.000000236086          0.000000236086          0.000000236086          0.000000236086          0.000000236086          0.000000236086          0.000000236086          0.000000236087          0.000000236088          0.000000236090          0.000000236094          0.000000236102          0.000000236116          0.000000236143          0.000000236196
       -0.000000173113         -0.000000173113         -0.000000173113         -0.000000173113         -0.000000173113         -0.000000173113         -0.000000173113         -0.000000173113         -0.000000173113         -0.000000173113         -0.000000173113         -0.000000173113         -0.000000173113         -0.000000173113         -0.000000173113         -0.000000173113         -0.000000173114         -0.000000173114         -0.000000173115         -0.000000173116         -0.000000173119         -0.000000173125         -0.000000173135         -0.000000173156         -0.000000173195         -0.000000173270
        0.000000127022          0.000000127022          0.000000127022          0.000000127022          0.000000127022          0.000000127022          0.000000127022          0.000000127022          0.000000127022          0.000000127022          0.000000127021          0.000000127021          0.000000127021          0.000000127022          0.000000127022          0.000000127022          0.000000127022          0.000000127023          0.000000127024          0.000000127026          0.000000127030          0.000000127038          0.000000127053          0.000000127082          0.000000127137          0.000000127243
       -0.000000093259         -0.000000093259         -0.000000093259         -0.000000093259         -0.000000093259         -0.000000093259         -0.000000093259         -0.000000093259         -0.000000093259         -0.000000093259         -0.000000093259         -0.000000093259         -0.000000093259         -0.000000093259         -0.000000093259         -0.000000093259         -0.000000093260         -0.000000093260         -0.000000093262         -0.000000093265         -0.000000093271         -0.000000093282         -0.000000093303         -0.000000093344         -0.000000093423         -0.000000093574
        0.000000068509          0.000000068509          0.000000068509          0.000000068509          0.000000068508          0.000000068508          0.000000068508          0.000000068508          0.000000068508          0.000000068508          0.000000068508          0.000000068508          0.000000068508          0.000000068509          0.000000068509          0.000000068509          0.000000068510          0.000000068511          0.000000068513          0.000000068518          0.000000068526          0.000000068542          0.000000068572          0.000000068630          0.000000068741          0.000000068956
       -0.000000050353         -0.000000050353         -0.000000050353         -0.000000050353         -0.000000050353         -0.000000050353         -0.000000050353         -0.000000050353         -0.000000050353         -0.000000050353         -0.000000050353         -0.000000050353         -0.000000050353         -0.000000050353         -0.000000050353         -0.000000050354         -0.000000050355         -0.000000050356         -0.000000050359         -0.000000050366         -0.000000050377         -0.000000050400         -0.000000050442         -0.000000050525         -0.000000050683         -0.000000050986
        0.000000037026          0.000000037026          0.000000037026          0.000000037026          0.000000037026          0.000000037026          0.000000037026          0.000000037026          0.000000037026          0.000000037026          0.000000037026          0.000000037026          0.000000037026          0.000000037026          0.000000037027          0.000000037027          0.000000037029          0.000000037031          0.000000037035          0.000000037044          0.000000037061          0.000000037092          0.000000037153          0.000000037270          0.000000037494          0.000000037925
       -0.000000027238         -0.000000027238         -0.000000027238         -0.000000027238         -0.000000027238         -0.000000027238         -0.000000027238         -0.000000027238         -0.000000027238         -0.000000027238         -0.000000027238         -0.000000027238         -0.000000027239         -0.000000027239         -0.000000027239         -0.000000027240         -0.000000027242         -0.000000027245         -0.000000027252         -0.000000027264         -0.000000027287         -0.000000027332         -0.000000027419         -0.000000027584         -0.000000027902         -0.000000028518
        0.000000020046          0.000000020046          0.000000020046          0.000000020046          0.000000020046          0.000000020046          0.000000020046          0.000000020046          0.000000020046          0.000000020046          0.000000020046          0.000000020046          0.000000020046          0.000000020047          0.000000020047          0.000000020049          0.000000020051          0.000000020056          0.000000020065          0.000000020082          0.000000020115          0.000000020179          0.000000020301          0.000000020536          0.000000020991          0.000000021881
       -0.000000014758         -0.000000014758         -0.000000014758         -0.000000014758         -0.000000014758         -0.000000014758         -0.000000014758         -0.000000014758         -0.000000014758         -0.000000014758         -0.000000014758         -0.000000014758         -0.000000014759         -0.000000014759         -0.000000014760         -0.000000014762         -0.000000014765         -0.000000014772         -0.000000014785         -0.000000014809         -0.000000014857         -0.000000014947         -0.000000015120         -0.000000015455         -0.000000016112         -0.000000017412
        0.000000010869          0.000000010869          0.000000010869          0.000000010869          0.000000010869          0.000000010869          0.000000010869          0.000000010869          0.000000010869          0.000000010869          0.000000010869          0.000000010869          0.000000010869          0.000000010870          0.000000010872          0.000000010874          0.000000010879          0.000000010889          0.000000010907          0.000000010941          0.000000011008          0.000000011136          0.000000011383          0.000000011868          0.000000012826          0.000000014724
       -0.000000008007         -0.000000008007         -0.000000008007         -0.000000008007         -0.000000008007         -0.000000008007         -0.000000008007         -0.000000008007         -0.000000008007         -0.000000008007         -0.000000008007         -0.000000008007         -0.000000008008         -0.000000008009         -0.000000008011         -0.000000008014         -0.000000008021         -0.000000008035         -0.000000008061         -0.000000008110         -0.000000008204         -0.000000008387         -0.000000008744         -0.000000009451         -0.000000010850 
        0.000000005900          0.000000005900          0.000000005900          0.000000005900          0.000000005900          0.000000005900          0.000000005900          0.000000005900          0.000000005900          0.000000005900          0.000000005901          0.000000005901          0.000000005902          0.000000005903          0.000000005906          0.000000005911          0.000000005921          0.000000005940          0.000000005976          0.000000006046          0.000000006181          0.000000006444          0.000000006966          0.000000007997  
       -0.000000004349         -0.000000004349         -0.000000004349         -0.000000004349         -0.000000004349         -0.000000004349         -0.000000004349         -0.000000004349         -0.000000004349         -0.000000004349         -0.000000004349         -0.000000004350         -0.000000004351         -0.000000004353         -0.000000004357         -0.000000004364         -0.000000004378         -0.000000004405         -0.000000004457         -0.000000004556         -0.000000004751         -0.000000005135         -0.000000005895   
        0.000000003206          0.000000003206          0.000000003206          0.000000003206          0.000000003206          0.000000003206          0.000000003206          0.000000003206          0.000000003206          0.000000003207          0.000000003207          0.000000003208          0.000000003209          0.000000003212          0.000000003217          0.000000003228          0.000000003248          0.000000003286          0.000000003359          0.000000003503          0.000000003787          0.000000004347    
       -0.000000002364         -0.000000002364         -0.000000002364         -0.000000002364         -0.000000002364         -0.000000002364         -0.000000002364         -0.000000002364         -0.000000002365         -0.000000002365         -0.000000002365         -0.000000002367         -0.000000002369         -0.000000002373         -0.000000002380         -0.000000002395         -0.000000002423         -0.000000002477         -0.000000002583         -0.000000002793         -0.000000003206     
        0.000000001744          0.000000001744          0.000000001744          0.000000001744          0.000000001744          0.000000001744          0.000000001744          0.000000001744          0.000000001744          0.000000001745          0.000000001745          0.000000001747          0.000000001750          0.000000001756          0.000000001766          0.000000001787          0.000000001827          0.000000001905          0.000000002060          0.000000002365      
       -0.000000001286         -0.000000001286         -0.000000001286         -0.000000001286         -0.000000001286         -0.000000001286         -0.000000001286         -0.000000001287         -0.000000001287         -0.000000001288         -0.000000001289         -0.000000001291         -0.000000001295         -0.000000001303         -0.000000001318         -0.000000001348         -0.000000001406         -0.000000001520         -0.000000001745       
        0.000000000949          0.000000000949          0.000000000949          0.000000000949          0.000000000949          0.000000000949          0.000000000949          0.000000000950          0.000000000950          0.000000000951          0.000000000952          0.000000000955          0.000000000961          0.000000000973          0.000000000995          0.000000001037          0.000000001121          0.000000001288        
       -0.000000000700         -0.000000000700         -0.000000000700         -0.000000000700         -0.000000000700         -0.000000000700         -0.000000000701         -0.000000000701         -0.000000000702         -0.000000000703         -0.000000000705         -0.000000000709         -0.000000000718         -0.000000000734         -0.000000000765         -0.000000000828         -0.000000000950         
        0.000000000517          0.000000000517          0.000000000517          0.000000000517          0.000000000517          0.000000000517          0.000000000517          0.000000000518          0.000000000519          0.000000000520          0.000000000524          0.000000000530          0.000000000542          0.000000000565          0.000000000611          0.000000000701          
       -0.000000000381         -0.000000000381         -0.000000000382         -0.000000000382         -0.000000000382         -0.000000000382         -0.000000000382         -0.000000000383         -0.000000000384         -0.000000000386         -0.000000000391         -0.000000000400         -0.000000000417         -0.000000000451         -0.000000000518           
        0.000000000282          0.000000000282          0.000000000282          0.000000000282          0.000000000282          0.000000000282          0.000000000283          0.000000000284          0.000000000285          0.000000000289          0.000000000295          0.000000000308          0.000000000333          0.000000000382            
       -0.000000000208         -0.000000000208         -0.000000000208         -0.000000000208         -0.000000000208         -0.000000000209         -0.000000000209         -0.000000000211         -0.000000000213         -0.000000000218         -0.000000000227         -0.000000000246         -0.000000000282             
        0.000000000154          0.000000000154          0.000000000154          0.000000000154          0.000000000154          0.000000000155          0.000000000155          0.000000000157          0.000000000161          0.000000000168          0.000000000181          0.000000000208              
       -0.000000000113         -0.000000000113         -0.000000000114         -0.000000000114         -0.000000000114         -0.000000000115         -0.000000000116         -0.000000000119         -0.000000000124         -0.000000000134         -0.000000000154               
        0.000000000084          0.000000000084          0.000000000084          0.000000000084          0.000000000085          0.000000000086          0.000000000088          0.000000000091          0.000000000099          0.000000000114                
       -0.000000000062         -0.000000000062         -0.000000000062         -0.000000000063         -0.000000000063         -0.000000000065         -0.000000000068         -0.000000000073         -0.000000000084                 
        0.000000000046          0.000000000046          0.000000000046          0.000000000047          0.000000000048          0.000000000050          0.000000000054          0.000000000062                  
       -0.000000000034         -0.000000000034         -0.000000000035         -0.000000000035         -0.000000000037         -0.000000000040         -0.000000000046                   
        0.000000000025          0.000000000026          0.000000000026          0.000000000027          0.000000000029          0.000000000034                    
       -0.000000000019         -0.000000000019         -0.000000000020         -0.000000000022         -0.000000000025                     
        0.000000000014          0.000000000015          0.000000000016          0.000000000018                      
       -0.000000000011         -0.000000000012         -0.000000000014                       
        0.000000000009          0.000000000010                        
       -0.000000000007                         
