        0.151620251771          0.151565728134          0.151532535306          0.151520262196          0.151528186073          0.151555287690          0.151600270830          0.151661585933          0.151737457441          0.151825914419          0.151924823975          0.152031926965          0.152144875422          0.152261271131          0.152378704769          0.152494795002          0.152607226938          0.152713789371          0.152812410224          0.152901189673          0.152978430449          0.153042664845          0.153092678044          0.153127527397          0.153146557367          0.153149409919
       -0.088877637666         -0.088872827471         -0.088872639472         -0.088876925483         -0.088885471375         -0.088898000922         -0.088914180592         -0.088933625184         -0.088955904246         -0.088980549143         -0.089007060684         -0.089034917174         -0.089063582783         -0.089092516086         -0.089121178662         -0.089149043596         -0.089175603792         -0.089200379930         -0.089222927986         -0.089242846172         -0.089259781207         -0.089273433828         -0.089283563450         -0.089289991905         -0.089292606213         -0.089291360342
        0.054458217643          0.054459794098          0.054463788882          0.054470091510          0.054478557646          0.054489011398          0.054501248152          0.054515037822          0.054530128457          0.054546250274          0.054563119809          0.054580444396          0.054597926674          0.054615269238          0.054632179192          0.054648372705          0.054663579338          0.054677546232          0.054690041964          0.054700860098          0.054709822326          0.054716781214          0.054721622427          0.054724266501          0.054724670034          0.054722826350
       -0.033188291834         -0.033192963697         -0.033198567837         -0.033205034804         -0.033212282727         -0.033220218365         -0.033228738248         -0.033237730218         -0.033247074857         -0.033256647184         -0.033266318520         -0.033275958148         -0.033285435339         -0.033294621038         -0.033303389888         -0.033311621870         -0.033319204120         -0.033326032493         -0.033332013081         -0.033337063533         -0.033341114249         -0.033344109371         -0.033346007588         -0.033346782702         -0.033346424028         -0.033344936558
        0.019877428695          0.019882759782          0.019888691498          0.019895162520          0.019902103791          0.019909439361          0.019917087326          0.019924960673          0.019932968614          0.019941017642          0.019949012668          0.019956858439          0.019964460715          0.019971727582          0.019978570645          0.019984906292          0.019990656812          0.019995751313          0.020000126853          0.020003729280          0.020006513895          0.020008446128          0.020009501951          0.020009668288          0.020008943074          0.020007335406
       -0.011682280987         -0.011687794076         -0.011693911038         -0.011700564483         -0.011707679545         -0.011715174595         -0.011722962626         -0.011730951690         -0.011739046401         -0.011747149276         -0.011755161870         -0.011762986119         -0.011770525660         -0.011777687168         -0.011784381637         -0.011790525324         -0.011796041319         -0.011800860364         -0.011804921742         -0.011808174212         -0.011810576751         -0.011812098963         -0.011812721570         -0.011812436696         -0.011811248058         -0.011809170695
        0.006702483105          0.006708222311          0.006714748789          0.006721977310          0.006729812552          0.006738150737          0.006746880684          0.006755885647          0.006765044623          0.006774233969          0.006783329248          0.006792206916          0.006800746335          0.006808830939          0.006816350140          0.006823201222          0.006829290280          0.006834533762          0.006838859800          0.006842208756          0.006844534679          0.006845805668          0.006846004349          0.006845127972          0.006843188669          0.006840213019
       -0.003738088278         -0.003744275871         -0.003751444733         -0.003759486952         -0.003768282200         -0.003777700236         -0.003787601215         -0.003797839342         -0.003808264048         -0.003818721866         -0.003829059459         -0.003839125017         -0.003848770884         -0.003857855856         -0.003866246668         -0.003873820568         -0.003880466546         -0.003886087359         -0.003890600828         -0.003893940992         -0.003896058805         -0.003896923364         -0.003896522034         -0.003894860801         -0.003891963898         -0.003887873826
        0.002011114243          0.002017956930          0.002025938488          0.002034926861          0.002044776503          0.002055330294          0.002066420753          0.002077873618          0.002089510400          0.002101150200          0.002112612787          0.002123721396          0.002134305159          0.002144201498          0.002153258779          0.002161338532          0.002168317082          0.002174088100          0.002178563328          0.002181674785          0.002183374945          0.002183637865          0.002182459558          0.002179858071          0.002175873016          0.002170565338
       -0.001031836072         -0.001039461806         -0.001048324234         -0.001058268960         -0.001069127492         -0.001080718915         -0.001092851828         -0.001105328809         -0.001117948026         -0.001130506938         -0.001142804818         -0.001154646445         -0.001165843993         -0.001176220588         -0.001185613025         -0.001193873553         -0.001200872535         -0.001206500329         -0.001210668873         -0.001213312960         -0.001214391342         -0.001213887087         -0.001211808141         -0.001208186887         -0.001203080138         -0.001196567775
        0.000494285690          0.000502749912          0.000512491969          0.000523338014          0.000535099691          0.000547576005          0.000560556947          0.000573826576          0.000587165915          0.000600356709          0.000613184516          0.000625441601          0.000636930181          0.000647465843          0.000656879893          0.000665021801          0.000671761675          0.000676992364          0.000680630628          0.000682618457          0.000682924557          0.000681543985          0.000678498552          0.000673836702          0.000667632750          0.000659985233
       -0.000211627531         -0.000220928682         -0.000231501430         -0.000243155350         -0.000255685399         -0.000268875186         -0.000282500277         -0.000296331477         -0.000310138019         -0.000323691717         -0.000336769759         -0.000349158045         -0.000360654773         -0.000371073466         -0.000380245518         -0.000388022816         -0.000394280149         -0.000398916942         -0.000401858564         -0.000403057744         -0.000402495483         -0.000400180575         -0.000396150236         -0.000390469313         -0.000383229057         -0.000374545980
        0.000071755842          0.000081858321          0.000093190267          0.000105547174          0.000118710766          0.000132452993          0.000146538819          0.000160730005          0.000174788637          0.000188480911          0.000201580420          0.000213871585          0.000225152995          0.000235240574          0.000243969967          0.000251199513          0.000256812002          0.000260716587          0.000262850077          0.000263178044          0.000261695201          0.000258425480          0.000253421793          0.000246765049          0.000238563030          0.000228948860
       -0.000009030065         -0.000019880292         -0.000031891887         -0.000044848497         -0.000058521826         -0.000072674867         -0.000087065241         -0.000101449133         -0.000115584935         -0.000129236858         -0.000142178669         -0.000154196735         -0.000165093578         -0.000174690591         -0.000182831007         -0.000189382202         -0.000194237528         -0.000197318082         -0.000198573824         -0.000197984439         -0.000195559500         -0.000191338336         -0.000185389498         -0.000177809692         -0.000168722355         -0.000158275927
       -0.000014010788         -0.000002473027          0.000010139690          0.000023601650          0.000037676420          0.000052120543          0.000066686870          0.000081128681          0.000095203380          0.000108676106          0.000121323322          0.000132936126          0.000143323185          0.000152314049          0.000159761570          0.000165544142          0.000169567407          0.000171765791          0.000172103526          0.000170575259          0.000167205706          0.000162049781          0.000155191468          0.000146742742          0.000136841800          0.000125651096
        0.000018053686          0.000005889704         -0.000007250523         -0.000021133271         -0.000035515896         -0.000050150418         -0.000064786973         -0.000079178039         -0.000093082210         -0.000106267494         -0.000118515230         -0.000129622872         -0.000139407391         -0.000147708118         -0.000154389069         -0.000159340996         -0.000162482968         -0.000163763728         -0.000163162447         -0.000160688939         -0.000156383479         -0.000150316360         -0.000142586725         -0.000133321177         -0.000122671819         -0.000110813877
       -0.000014063254         -0.000001332752          0.000012266496          0.000026494257          0.000041103169          0.000055842290          0.000070460722          0.000084711856          0.000098356960          0.000111168681          0.000122934515          0.000133459997          0.000142571746          0.000150120112          0.000155981351          0.000160059539          0.000162288020          0.000162630408          0.000161081053          0.000157665358          0.000152439045          0.000145487626          0.000136924974          0.000126891736          0.000115552957          0.000103095838
        0.000007525187         -0.000005713778         -0.000019707794         -0.000034211372         -0.000048973673         -0.000063742141         -0.000078266242         -0.000092301539         -0.000105613386         -0.000117980202         -0.000129197049         -0.000139078700         -0.000147462461         -0.000154210623         -0.000159212538         -0.000162386348         -0.000163680160         -0.000163072747         -0.000160574073         -0.000156225045         -0.000150096780         -0.000142289717         -0.000132932056         -0.000122177721         -0.000110204121         -0.000097209388
       -0.000000950442          0.000012740078          0.000027067444          0.000041781976          0.000056630495          0.000071359999          0.000085721444          0.000099473766          0.000112387452          0.000124247876          0.000134858725          0.000144044940          0.000151655348          0.000157564972          0.000161676939          0.000163923937          0.000164269164          0.000162706970          0.000159262927          0.000153993442          0.000146984847          0.000138352211          0.000128237470          0.000116807359          0.000104250838          0.000090776269
       -0.000004689751         -0.000018775297         -0.000033376042         -0.000048239150         -0.000063110127         -0.000077736561         -0.000091871961         -0.000105279675         -0.000117736347         -0.000129035299         -0.000138989731         -0.000147435561         -0.000154233893         -0.000159273127         -0.000162470667         -0.000163774139         -0.000163162209         -0.000160644893         -0.000156263416         -0.000150089586         -0.000142224729         -0.000132798098         -0.000121964951         -0.000109904199         -0.000096815689         -0.000082917126
        0.000009166721          0.000023590385          0.000038404958          0.000053355398          0.000068186880          0.000082648568          0.000096497567          0.000109502566          0.000121447324          0.000132133985          0.000141386084          0.000149051267          0.000155003546          0.000159145248          0.000161408504          0.000161756234          0.000160182753          0.000156713835          0.000151406328          0.000144347286          0.000135652696          0.000125465621          0.000113954136          0.000101308690          0.000087739261          0.000073472111
       -0.000012569844         -0.000027273847         -0.000042242408         -0.000057219234         -0.000071950099         -0.000086186808         -0.000099690943         -0.000112237473         -0.000123618160         -0.000133644804         -0.000142152050         -0.000148999906         -0.000154075896         -0.000157296786         -0.000158609786         -0.000157993379         -0.000155457673         -0.000151044233         -0.000144825423         -0.000136903323         -0.000127408234         -0.000116496627         -0.000104348773         -0.000091166020         -0.000077167730         -0.000062587917
        0.000015093037          0.000030018429          0.000045080494          0.000060022587          0.000074592150          0.000088544507          0.000101646649          0.000113680722          0.000124447365          0.000133768823          0.000141491512          0.000147488465          0.000151661285          0.000153941543          0.000154291876          0.000152706532          0.000149211508          0.000143864103          0.000136752060          0.000127992192          0.000117728775          0.000106131109          0.000093391106          0.000079720303          0.000065346663          0.000050511108
       -0.000016936493         -0.000032023084         -0.000047117366         -0.000061963396         -0.000076311171         -0.000089920480         -0.000102564635         -0.000114033860         -0.000124138492         -0.000132711914         -0.000139613025         -0.000144728507         -0.000147974441         -0.000149297623         -0.000148676373         -0.000146120867         -0.000141672988         -0.000135405705         -0.000127421888         -0.000117852825         -0.000106856224         -0.000094613726         -0.000081328218         -0.000067220665         -0.000052526861         -0.000037493742
        0.000018268428          0.000033454805          0.000048519368          0.000063207765          0.000077273505          0.000090481787          0.000102613161          0.000113466778          0.000122863414          0.000130648342          0.000136693620          0.000140900025          0.000143198599          0.000143551678          0.000141953488          0.000138430188          0.000133039555          0.000125870025          0.000117039395          0.000106692943          0.000095001379          0.000082158066          0.000068376125          0.000053885247          0.000038928178          0.000023756863
       -0.000019215883         -0.000034439662         -0.000049412011         -0.000063881132         -0.000077605006         -0.000090355189         -0.000101920346         -0.000112109332         -0.000120754164         -0.000127712719         -0.000132870720         -0.000136143576         -0.000137477665         -0.000136851147         -0.000134274267         -0.000129789242         -0.000123469599         -0.000115419095         -0.000105770028         -0.000094681296         -0.000082336033         -0.000068938618         -0.000054711759         -0.000039893016         -0.000024731087         -0.000009482096
        0.000019868231          0.000035066218          0.000049883536          0.000064071907          0.000077394757          0.000089630904          0.000100577944          0.000110055272          0.000117906907          0.000124003894          0.000128246207          0.000130564326          0.000130920305          0.000129308302          0.000125754718          0.000120317747          0.000113086575          0.000104179919          0.000093744258          0.000081951588          0.000068996796          0.000055094680          0.000040476702          0.000025387319          0.000010080377         -0.000005184854
       -0.000020284768         -0.000035393222         -0.000049992641         -0.000063839248         -0.000076702845         -0.000088370373         -0.000098649222         -0.000107370128         -0.000114389735         -0.000119592892         -0.000122894320         -0.000124239966         -0.000123607799         -0.000121008170         -0.000116483622         -0.000110108291         -0.000101986726         -0.000092252336         -0.000081065312         -0.000068610130         -0.000055092869         -0.000040737948         -0.000025784647         -0.000010483538          0.000004907399          0.000020126818
        0.000020502713          0.000035457630          0.000049776530          0.000063221088          0.000075568379          0.000086614358          0.000096177045          0.000104099198          0.000110250769          0.000114530962          0.000116869697          0.000117228693          0.000115602085          0.000112016471          0.000106530552          0.000099234184          0.000090247066          0.000079716882          0.000067816971          0.000054743766          0.000040713784          0.000025960172          0.000010729264         -0.000004723244         -0.000020136287         -0.000035247465
       -0.000020544021         -0.000035281433         -0.000049257716         -0.000062240927         -0.000074016331         -0.000084389763         -0.000093190609         -0.000100274376         -0.000105524931         -0.000108856338         -0.000110214085         -0.000109575970         -0.000106952416         -0.000102386339         -0.000095952451         -0.000087756163         -0.000077931969         -0.000066641323         -0.000054070227         -0.000040426362         -0.000025935839         -0.000010839787          0.000004609361          0.000020151815          0.000035524440          0.000050464793
        0.000020420625          0.000034876869          0.000048449226          0.000060913073          0.000072062755          0.000081714781          0.000089710667          0.000095919326          0.000100239101          0.000102599349          0.000102961487          0.000101319583          0.000097700474          0.000092163319          0.000084798731          0.000075727382          0.000065098117          0.000053085714          0.000039888185          0.000025723663          0.000010827131         -0.000004553221         -0.000020159865         -0.000035729916         -0.000050999184         -0.000065706419
       -0.000020138189         -0.000034250184         -0.000047358382         -0.000059246394         -0.000069718492         -0.000078602654         -0.000085753237         -0.000091053171         -0.000094415771         -0.000095786102         -0.000095141769         -0.000092493289         -0.000087883916         -0.000081388995         -0.000073114807         -0.000063196908         -0.000051798091         -0.000039105860         -0.000025329491         -0.000010696877          0.000004549009          0.000020153889          0.000035856122          0.000051390741          0.000066493696          0.000080905780
        0.000019698706          0.000033404229          0.000045989371          0.000057246868          0.000066991747          0.000075064214          0.000081332126          0.000085692990          0.000088075558          0.000088440931          0.000086783138          0.000083129221          0.000077538845          0.000070103376          0.000060944455          0.000050212163          0.000038082694          0.000024755598          0.000010450753         -0.000004595034         -0.000020131734         -0.000035899942         -0.000051634910         -0.000067070742         -0.000081944427         -0.000096000043
       -0.000019102218         -0.000032340163         -0.000044344946         -0.000054919290         -0.000063889777         -0.000071109549         -0.000076460581         -0.000079855473         -0.000081238813         -0.000080588026         -0.000077913714         -0.000073259496         -0.000066701349         -0.000058346419         -0.000048331392         -0.000036820392         -0.000024002398         -0.000010088371          0.000004692009          0.000020093914          0.000035861197          0.000051730316          0.000067434529          0.000082707952          0.000097289827          0.000110928713
        0.000018347913          0.000031058559          0.000042427525          0.000052268359          0.000060419953          0.000066749059          0.000071152337          0.000073557945          0.000073926646          0.000072252417          0.000068562537          0.000062917171          0.000055408437          0.000046158996          0.000035320163          0.000023069545          0.000009608312         -0.000004841918         -0.000020042511         -0.000035741528         -0.000051677675         -0.000067584346         -0.000083193777         -0.000098241282         -0.000112469534         -0.000125632411
       -0.000017434829         -0.000029560092         -0.000040239872         -0.000049299340         -0.000056590424         -0.000061994103         -0.000065422252         -0.000066818982         -0.000066161528         -0.000063460580         -0.000058760133         -0.000052136794         -0.000043698612         -0.000033583410         -0.000021956638         -0.000009008832          0.000005047352          0.000019980437          0.000035543713          0.000051479085          0.000067521132          0.000083401187          0.000098851617          0.000113610098          0.000127423625          0.000140052826
        0.000016362276          0.000027845959          0.000037785500          0.000046018470          0.000052410501          0.000056857386          0.000059286666          0.000059658773          0.000057967634          0.000054240755          0.000048538816          0.000040954712          0.000031612132          0.000020663637          0.000008288301         -0.000005311062         -0.000019911060         -0.000035271197         -0.000051137616         -0.000067247040         -0.000083330945         -0.000099119721         -0.000114347008         -0.000128753787         -0.000142092790         -0.000154131821
       -0.000015130087         -0.000025918115         -0.000035068917         -0.000042433181         -0.000047890886         -0.000051353147         -0.000052763607         -0.000052099296         -0.000049371004         -0.000044623095         -0.000037932832         -0.000029409177         -0.000019191106         -0.000007445451          0.000005635684          0.000019837905          0.000034927885          0.000050657010          0.000066765196          0.000082985023          0.000099045946          0.000114678531          0.000129618681          0.000143612075          0.000156417628          0.000167812752
        0.000013738764          0.000023779427          0.000032095749          0.000038552231          0.000043043763          0.000045497282          0.000045872868          0.000044164390          0.000040399610          0.000034639709          0.000026978381          0.000017540368          0.000006479518         -0.000006023599         -0.000019764497         -0.000034517956         -0.000050041581         -0.000066079507         -0.000082366474         -0.000098631957         -0.000114604489         -0.000130015836         -0.000144605538         -0.000158124435         -0.000170340130         -0.000181036862
       -0.000012189562         -0.000021433736         -0.000028872819         -0.000034385743         -0.000037882873         -0.000039307362         -0.000038636033         -0.000035879772         -0.000031083334         -0.000024324633         -0.000015713581         -0.000005390338          0.000006476853          0.000019694272          0.000034045755          0.000049296090          0.000065194627          0.000081479298          0.000097880667          0.000114126178          0.000129944490          0.000145069923          0.000159246131          0.000172231687          0.000183800082          0.000193752130
        0.000010484530          0.000018885909          0.000025408153          0.000029945251          0.000032423494          0.000032802624          0.000031076456          0.000027272976          0.000021453916          0.000013713779          0.000004178390         -0.000006997086         -0.000019630536         -0.000033515751         -0.000048425675         -0.000064115865         -0.000080328457         -0.000096796138         -0.000113246337         -0.000129405542         -0.000145003864         -0.000159778670         -0.000173480350         -0.000185872400         -0.000196744053         -0.000205890142
       -0.000008626543         -0.000016141823         -0.000021711010         -0.000025243660         -0.000026682426         -0.000026003954         -0.000023219198         -0.000018373298         -0.000011544891         -0.000002844826          0.000007585511          0.000019576414          0.000032932506          0.000047435826          0.000062849139          0.000078919793          0.000095383623          0.000111969083          0.000128401553          0.000144407865          0.000159720089          0.000174081298          0.000187245811          0.000198991973          0.000209101902          0.000217416758
        0.000006619280          0.000013208401          0.000017791845          0.000020295233          0.000020677965          0.000018933802          0.000015090960          0.000009211732          0.000001391478         -0.000008242891         -0.000019534831         -0.000032300640         -0.000046332371         -0.000061400963         -0.000077260000         -0.000093649493         -0.000110299951         -0.000126936689         -0.000143284311         -0.000159070507         -0.000174031990         -0.000187914749         -0.000200486994         -0.000211518853         -0.000220838271         -0.000228194626
       -0.000004467259         -0.000010093564         -0.000013662286         -0.000015115566         -0.000014429824         -0.000011616127         -0.000006720028          0.000000179146          0.000008969532          0.000019508493          0.000031624811          0.000045121432          0.000059778428          0.000075356615          0.000091601217          0.000108245842          0.000125016775          0.000141637426          0.000157832145          0.000173332183          0.000187876129          0.000201222848          0.000213131263          0.000223416658          0.000231812936          0.000238276640
        0.000002175796          0.000006806216          0.000009335122          0.000009721510          0.000007959080          0.000004076352         -0.000001863840         -0.000009765284         -0.000019499881         -0.000030909695         -0.000043809418         -0.000057989176         -0.000073218001         -0.000089247354         -0.000105815000         -0.000122649237         -0.000139473322         -0.000156009292         -0.000171983945         -0.000187129364         -0.000201195938         -0.000213932210         -0.000225141413         -0.000234542897         -0.000242079024         -0.000247141867
        0.000000249007         -0.000003356244         -0.000004824228         -0.000004131126         -0.000001288137          0.000003658756          0.000010629517          0.000019511248          0.000030159978          0.000042402994          0.000056041372          0.000070853318          0.000086597541          0.000103017004          0.000119843091          0.000136799953          0.000153608352          0.000169991642          0.000185676390          0.000200405363          0.000213917621          0.000226005005          0.000236373293          0.000244950785          0.000251106659          0.000255335611
       -0.000002800257         -0.000000245559          0.000000144530         -0.000001636336         -0.000005559380         -0.000011561165         -0.000019544581         -0.000029380345         -0.000040909074         -0.000053943686         -0.000068272496         -0.000083662454         -0.000099862758         -0.000116608932         -0.000133627101         -0.000150637801         -0.000167361969         -0.000183521656         -0.000198852941         -0.000213086308         -0.000226002926         -0.000237296038         -0.000246880056         -0.000254103603         -0.000259449499         -0.000260505866
        0.000005470330          0.000003987510          0.000004688006          0.000007560542          0.000012558701          0.000019601653          0.000028575444          0.000039334799          0.000051705270          0.000065486211          0.000080453785          0.000096364447          0.000112958919          0.000129966366          0.000147108180          0.000164103921          0.000180672148          0.000196543210          0.000211439987          0.000225133725          0.000237306227          0.000247858248          0.000256120270          0.000262561272          0.000264717113          0.000265917759
       -0.000008250890         -0.000007857047         -0.000009656473         -0.000013620139         -0.000019683976         -0.000027749919         -0.000037687502         -0.000049335737         -0.000062505860         -0.000076984215         -0.000092535518         -0.000108906735         -0.000125831146         -0.000143032077         -0.000160228783         -0.000177137372         -0.000193483450         -0.000208983295         -0.000223399035         -0.000236402176         -0.000247880097         -0.000257147631         -0.000264657989         -0.000267904223         -0.000270227270         -0.000261708935
        0.000011132877          0.000011840807          0.000014743071          0.000019792801          0.000026908366          0.000035974728          0.000046845121          0.000059343533          0.000073267377          0.000088390639          0.000104467561          0.000121236602          0.000138424110          0.000155750111          0.000172929340          0.000189683664          0.000205723796          0.000220803594          0.000234585449          0.000246943709          0.000257180111          0.000265730231          0.000270053919          0.000273490044          0.000265957440          0.000263307571
       -0.000014106583         -0.000015924671         -0.000019929147         -0.000026055319         -0.000034204185         -0.000044243882         -0.000056011964         -0.000069317831         -0.000083945669         -0.000099658035         -0.000116199623         -0.000133300887         -0.000150683717         -0.000168062554         -0.000185156571         -0.000201671979         -0.000217355248         -0.000231860885         -0.000245050592         -0.000256215639         -0.000265772146         -0.000271156521         -0.000275692476         -0.000269174891         -0.000267586306 
        0.000017161681          0.000020093789          0.000025195268          0.000032383720          0.000041542856          0.000052524535          0.000065151008          0.000079217620          0.000094496214          0.000110738786          0.000127680975          0.000145047623          0.000162553983          0.000179917590          0.000196841245          0.000213064950          0.000228236598          0.000242205690          0.000254255675          0.000264781505          0.000271205988          0.000276824631          0.000271347866          0.000270827166  
       -0.000020287238         -0.000024332640         -0.000030521329         -0.000038753222         -0.000048895213         -0.000060783199         -0.000074224598         -0.000089001534         -0.000104874314         -0.000121584850         -0.000138862031         -0.000156423024         -0.000173984808         -0.000191247891         -0.000207946757         -0.000223723987         -0.000238417377         -0.000251305258         -0.000262759736         -0.000270199980         -0.000276880292         -0.000272466553         -0.000273016625   
        0.000023471764          0.000028625123          0.000035886498          0.000045138512          0.000056231493          0.000068985783          0.000083194746          0.000098628027          0.000115034857          0.000132149270          0.000149691463          0.000167378949          0.000184911080          0.000202017807          0.000218337723          0.000233697469          0.000247372992          0.000259711973          0.000268139891          0.000275857022          0.000272524798          0.000274144794    
       -0.000026703288         -0.000032954498         -0.000041269474         -0.000051513727         -0.000063521363         -0.000077097886         -0.000092023277         -0.000108055149         -0.000124933749         -0.000142383428         -0.000160123331         -0.000177852808         -0.000195298288         -0.000212095735         -0.000228061221         -0.000242471064         -0.000255647039         -0.000265030904         -0.000273756194         -0.000271520172         -0.000274205460     
        0.000029969285          0.000037303621          0.000046648457          0.000057852472          0.000070734200          0.000085084909          0.000100671626          0.000117241899          0.000134525329          0.000152243811          0.000170097855          0.000187811406          0.000205019174          0.000221527305          0.000236615244          0.000250577470          0.000260881968          0.000270583059          0.000269453995          0.000273196160      
       -0.000033256892         -0.000041654898         -0.000052001153         -0.000064128081         -0.000077839178         -0.000092911880         -0.000109102099         -0.000126145798         -0.000143768728         -0.000161673735         -0.000179583336         -0.000197132381         -0.000214117777         -0.000229824858         -0.000244519516         -0.000255705833         -0.000266346715         -0.000266331408         -0.000271118205       
        0.000036552854          0.000045990284          0.000057305015          0.000070313681          0.000084805112          0.000100544616          0.000117275620          0.000134728838          0.000152610634          0.000170643168          0.000188462836          0.000205858040          0.000222122759          0.000237493113          0.000249519043          0.000261060145          0.000262161340          0.000267976751        
       -0.000039843503         -0.000050291500         -0.000062537289         -0.000076382053         -0.000091601517         -0.000107947649         -0.000125157237         -0.000142941333         -0.000161022839         -0.000179041105         -0.000196776800         -0.000213535288         -0.000229521852         -0.000242341916         -0.000254740211         -0.000256956547         -0.000263780768         
        0.000043114961          0.000054540056          0.000067674883          0.000082306584          0.000098196729          0.000115089273          0.000132701140          0.000150757061          0.000168900767          0.000186906001          0.000204092226          0.000220632942          0.000234198505          0.000247407637          0.000250733610          0.000258543077          
       -0.000046353132         -0.000058717140         -0.000072695221         -0.000088059593         -0.000104562460         -0.000121927785         -0.000139883239         -0.000158078334         -0.000176280758         -0.000193826733         -0.000210857160         -0.000225116566         -0.000239086963         -0.000243512912         -0.000252280352           
        0.000049543612          0.000062804352          0.000077574764          0.000093616373          0.000110661331          0.000128441365          0.000146613177          0.000164939269          0.000182775275          0.000200228787          0.000215127505          0.000229806521          0.000235318598          0.000245013093            
       -0.000052672308         -0.000066782443         -0.000082292536         -0.000098944067         -0.000116473925         -0.000134547402         -0.000152922738         -0.000170977533         -0.000188785535         -0.000204266318         -0.000219598376         -0.000226178551         -0.000236765589             
        0.000055724389          0.000070634301          0.000086820381          0.000104025782          0.000121925756          0.000140275247          0.000158476324          0.000176568453          0.000192571509          0.000208498262          0.000216124330          0.000227565890              
       -0.000058686725         -0.000074336636         -0.000091144045         -0.000108795514         -0.000127043660         -0.000145317471         -0.000163621846         -0.000180084999         -0.000196545507         -0.000205191116         -0.000217445754               
        0.000061541036          0.000077877931          0.000095206321          0.000113277494          0.000131549693          0.000149993135          0.000166852044          0.000183782934          0.000193417627          0.000206440580                
       -0.000064278632         -0.000081210064         -0.000099028769         -0.000117224488         -0.000135732754         -0.000152921089         -0.000170256780         -0.000180846031         -0.000194589333                 
        0.000066860724          0.000084351862          0.000102395960          0.000120894018          0.000138343665          0.000156016546          0.000167521859          0.000181934449                  
       -0.000069303356         -0.000087120676         -0.000105532949         -0.000123174254         -0.000141114890         -0.000153493861         -0.000168521755                   
        0.000071457511          0.000089708130          0.000107470112          0.000125607493          0.000138813901          0.000154400317                    
       -0.000073480538         -0.000091291115         -0.000109552875         -0.000123536821         -0.000139622338                     
        0.000074699596          0.000093012239          0.000107720266          0.000124243023                      
       -0.000076049303         -0.000091424524         -0.000108320397                       
        0.000074712366          0.000091915149                        
       -0.000075090468                         
