       -0.193640911929         -0.196476279711         -0.199085412898         -0.199040058844         -0.196590578445         -0.194247962083         -0.194263087523         -0.196508133258         -0.198733750840         -0.198824679834         -0.196811146830         -0.194739073077         -0.194622452578         -0.196512709594         -0.198523617205         -0.198714598810         -0.196963514215         -0.195031599260         -0.194810355479         -0.196486257958         -0.198395539897         -0.198674362626         -0.197075344005         -0.195187692283         -0.194867760472         -0.196423378693
        0.132160218128          0.135285622076          0.136733093654          0.135294199750          0.132572368736          0.131281023286          0.132604655463          0.135165722196          0.136477757618          0.135372691304          0.133051144558          0.131825436917          0.132856726549          0.135086526093          0.136336070216          0.135442402418          0.133348697626          0.132133941494          0.132972703223          0.135017406954          0.136261005204          0.135507470388          0.133524168546          0.132270850675          0.132976088684          0.134941331535
       -0.086132118731         -0.088723457380         -0.088692838109         -0.086301285233         -0.084025206422         -0.084070493570         -0.086299207486         -0.088497011643         -0.088593744989         -0.086629643291         -0.084615578844         -0.084520685348         -0.086386801606         -0.088363066687         -0.088553776589         -0.086846178706         -0.084966029568         -0.084760127750         -0.086405918773         -0.088275368673         -0.088549293675         -0.086989090065         -0.085148073617         -0.084838069312         -0.086358443580         -0.088211376603
        0.048419232842          0.049833278285          0.048406304298          0.045727988796          0.044466428540          0.045774695873          0.048289258887          0.049569025815          0.048477113288          0.046199838628          0.045004076923          0.046020004512          0.048203707393          0.049421916050          0.048542430425          0.046493566112          0.045308748098          0.046132006940          0.048130897032          0.049343983679          0.048605554471          0.046667564906          0.045444095214          0.046133625224          0.048053287392          0.049314211420
       -0.017866823474         -0.017797688168         -0.015413256011         -0.013156264334         -0.013188897468         -0.015363232412         -0.017498540680         -0.017568043715         -0.015621484310         -0.013635736334         -0.013536481226         -0.015356180631         -0.017278027103         -0.017449566342         -0.015767028419         -0.013921833590         -0.013717538635         -0.015322811255         -0.017144084673         -0.017405264400         -0.015876191771         -0.014075493916         -0.013771965697         -0.015256787772         -0.017067004006         -0.017421525248
       -0.005167678100         -0.006626941731         -0.009303767686         -0.010574061183         -0.009315305778         -0.006877690109         -0.005658627266         -0.006765024087         -0.009024518305         -0.010214247760         -0.009234061446         -0.007113889060         -0.005943144781         -0.006824403256         -0.008843754956         -0.010011849479         -0.009214199296         -0.007268676114         -0.006092700103         -0.006822746969         -0.008721753193         -0.009919776065         -0.009247412155         -0.007372392342         -0.006139417140         -0.006763115839
        0.020086455414          0.022488109761          0.024748968182          0.024749193361          0.022646470957          0.020589140241          0.020562169721          0.022506699331          0.024478775411          0.024594764131          0.022831327065          0.020972416895          0.020828738543          0.022495429034          0.024314291504          0.024523559463          0.022963087915          0.021193163619          0.020948259295          0.022450383655          0.024214467743          0.024513276427          0.023063547173          0.021294572643          0.020945953349          0.022364281488
       -0.026805890303         -0.029480868429         -0.030759239479         -0.029547980190         -0.027184377159         -0.026023678334         -0.027143816612         -0.029385889362         -0.030569560406         -0.029623705730         -0.027564742589         -0.026439700072         -0.027322521030         -0.029313225122         -0.030465035724         -0.029692031262         -0.027797997986         -0.026657820120         -0.027379699253         -0.029240990105         -0.030414379014         -0.029758595635         -0.027926703711         -0.026720754782         -0.027327484842         -0.029154848170
        0.026130704425          0.028372326758          0.028383035812          0.026329865558          0.024329749106          0.024327173237          0.026254392364          0.028199182534          0.028318465741          0.026597634594          0.024788864404          0.024662500763          0.026305284952          0.028091063523          0.028298432677          0.026775421630          0.025050153941          0.024816900047          0.026289782513          0.028016096003          0.028308767369          0.026892174244          0.025163064133          0.024820992431          0.026205187324          0.027958006525
       -0.019782918727         -0.021031182448         -0.019830808114         -0.017506423722         -0.016372302415         -0.017478240637         -0.019678233960         -0.020832943592         -0.019899165124         -0.017880166282         -0.016781928407         -0.017650634777         -0.019599720862         -0.020723492828         -0.019963568631         -0.018110086753         -0.016996785534         -0.017704505995         -0.019524524682         -0.020670707176         -0.020028920679         -0.018238084312         -0.017059025664         -0.017651506649         -0.019437909485         -0.020661658249
        0.010148679644          0.010127737892          0.008083845113          0.006103409116          0.006091568728          0.007971832480          0.009862506265          0.009959610484          0.008256871648          0.006475618795          0.006347077801          0.007949791717          0.009688526400          0.009880837930          0.008382615814          0.006690834799          0.006460826543          0.007899067282          0.009584123699          0.009867743944          0.008481679107          0.006791205849          0.006457149922          0.007811613990          0.009528593778          0.009914605062
        0.000155972487          0.001380341435          0.003698717230          0.004836545410          0.003771377831          0.001636918700          0.000532997412          0.001475911475          0.003475200122          0.004564650083          0.003724976994          0.001829865474          0.000745338757          0.001503204132          0.003326562018          0.004421493500          0.003733626183          0.001958279356          0.000841767981          0.001472008978          0.003223753122          0.004376070684          0.003795226314          0.002044924639          0.000841792020          0.001379507554
       -0.008776169508         -0.010829878483         -0.012808635918         -0.012845425751         -0.011025251290         -0.009200376573         -0.009137059043         -0.010833564960         -0.012598425137         -0.012738276982         -0.011182554718         -0.009496629264         -0.009325314812         -0.010805145526         -0.012469289911         -0.012700061435         -0.011298413125         -0.009655541370         -0.009382186685         -0.010739473545         -0.012392554024         -0.012718044274         -0.011390725224         -0.009706012705         -0.009319999929         -0.010626669980
        0.014042764053          0.016354679432          0.017495503645          0.016469257481          0.014397689089          0.013342430813          0.014293773850          0.016273639324          0.017354261402          0.016542370209          0.014699193957          0.013652383781          0.014408058574          0.016202116881          0.017279143111          0.016610353920          0.014878113033          0.013790228541          0.014409270584          0.016123208747          0.017249677452          0.016680127832          0.014964791818          0.013781687382          0.014299483769          0.016023685348
       -0.015233396507         -0.017192133120         -0.017236096512         -0.015458464332         -0.013682938112         -0.013639224843         -0.015317781620         -0.017055974546         -0.017197025619         -0.015678015335         -0.014035404177         -0.013877585880         -0.015333735832         -0.016966142265         -0.017193526036         -0.015823991039         -0.014219479651         -0.013954451092         -0.015283131984         -0.016900085742         -0.017218156645         -0.015918785263         -0.014267793328         -0.013885145030         -0.015158388164         -0.016845918464
        0.012617970202          0.013731707336          0.012715493375          0.010679399427          0.009647998162          0.010586280621          0.012528060113          0.013582688207          0.012781977878          0.010975033667          0.009952344659          0.010695107912          0.012451562968          0.013503510606          0.012846890890          0.011151494971          0.010087875704          0.010694053446          0.012370793528          0.013473028923          0.012916574866          0.011238647063          0.010079921168          0.010584882607          0.012272291016          0.013484846709
       -0.007289992043         -0.007308036480         -0.005541349315         -0.003785847739         -0.003735739040         -0.005373811879         -0.007065224496         -0.007188508993         -0.005688070342         -0.004072331030         -0.003914351080         -0.005336135617         -0.006928121930         -0.007144204848         -0.005799382133         -0.004227269985         -0.003967183568         -0.005266659208         -0.006848741408         -0.007161312688         -0.005892263554         -0.004278810274         -0.003905952988         -0.005155033599         -0.006813251297         -0.007241193970
        0.000834618511         -0.000198825153         -0.002225327042         -0.003256326447         -0.002351397572         -0.000465314062          0.000547108723         -0.000258106362         -0.002043653762         -0.003055076960         -0.002335351028         -0.000624330183          0.000395764185         -0.000255223664         -0.001919695450         -0.002963175799         -0.002371428518         -0.000731306290          0.000348226002         -0.000193432002         -0.001831657742         -0.002961902363         -0.002463069427         -0.000803548673          0.000395576616         -0.000063958166
        0.005081339890          0.006851920182          0.008601329091          0.008669787354          0.007081984833          0.005445903817          0.005348887916          0.006839480472          0.008436440986          0.008600920545          0.007217882898          0.005669683550          0.005468387147          0.006792340932          0.008335364590          0.008592163597          0.007321676452          0.005773310199          0.005465258477          0.006703380122          0.008278154840          0.008638402853          0.007408772006          0.005774177410          0.005340231652          0.006559282918
       -0.009099668389         -0.011116157287         -0.012146098569         -0.011272838834         -0.009440115331         -0.008468046898         -0.009277178081         -0.011041621683         -0.012041795032         -0.011344064033         -0.009676757031         -0.008687277349         -0.009332636883         -0.010967041468         -0.011990935259         -0.011413099544         -0.009808399227         -0.008750864061         -0.009278262049         -0.010878161671         -0.011980979108         -0.011488256614         -0.009855950217         -0.008670087146         -0.009106417733         -0.010761638920
        0.010454459538          0.012183462111          0.012256415728          0.010705190775          0.009111717958          0.009030246025          0.010502441463          0.012073350763          0.012237212935          0.010885710560          0.009374827563          0.009183656470          0.010484083803          0.011996475441          0.012248462593          0.011005253100          0.009489570619          0.009186771344          0.010396666599          0.011936551135          0.012288002293          0.011081483864          0.009474932164          0.009041251541          0.010227159188          0.011884943326
       -0.009093106554         -0.010098661223         -0.009234752442         -0.007434323247         -0.006483793825         -0.007280939696         -0.009010861423         -0.009987702278         -0.009300424638         -0.007666157145         -0.006698534060         -0.007332117020         -0.008932523205         -0.009933998001         -0.009367597851         -0.007796579016         -0.006761127214         -0.007276892389         -0.008843264209         -0.009924544545         -0.009444216302         -0.007846220810         -0.006682674596         -0.007107543879         -0.008729753781         -0.009958819644
        0.005620025537          0.005671962983          0.004133055320          0.002559888756          0.002474545647          0.003911961631          0.005442566285          0.005592604510          0.004260208923          0.002775769641          0.002586388222          0.003857653762          0.005335637552          0.005579847250          0.004361549108          0.002877621648          0.002581590773          0.003767416608          0.005278395812          0.005627860763          0.004451932122          0.002882448765          0.002460655859          0.003627867506          0.005262663055          0.005745127667
       -0.001090883638         -0.000215425080          0.001572462183          0.002519077913          0.001748801326          0.000065943102         -0.000876258024         -0.000188621269          0.001422622354          0.002376610839          0.001760554395          0.000197816128         -0.000778597996         -0.000221309757          0.001317674013          0.002330980127          0.001824375194          0.000287016235         -0.000778254869         -0.000316203229          0.001240845560          0.002373618075          0.001949208076          0.000346796638         -0.000876089231         -0.000488730237
       -0.003281967788         -0.004819844370         -0.006383241821         -0.006481265959         -0.005085566693         -0.003601135129         -0.003470748874         -0.004790026175         -0.006253425734         -0.006444867010         -0.005204868789         -0.003762474123         -0.003527275873         -0.004722137883         -0.006175251916         -0.006463930001         -0.005299877895         -0.003814604703         -0.003463975413         -0.004606377908         -0.006135263501         -0.006540040910         -0.005384613187         -0.003764896622         -0.003270104306         -0.004424906008
        0.006435800286          0.008210773263          0.009152929766          0.008408096185          0.006770324315          0.005861234059          0.006548804421          0.008137374186          0.009077847683          0.008478545159          0.006952138339          0.005999897829          0.006548266346          0.008056172191          0.009048037152          0.008550395505          0.007041298855          0.005991744628          0.006436316675          0.007953973189          0.009057270914          0.008633721727          0.007050986705          0.005834641844          0.006195034776          0.007816260336
       -0.007701687124         -0.009244467729         -0.009344752316         -0.007980512621         -0.006532871570         -0.006414517832         -0.007715006998         -0.009152852513         -0.009342033796         -0.008128984450         -0.006718596547         -0.006490482627         -0.007661815096         -0.009085092309         -0.009367529769         -0.008226333593         -0.006768585844         -0.006420297986         -0.007534533618         -0.009029295943         -0.009423740430         -0.008286855665         -0.006689854987         -0.006192225117         -0.007313680124         -0.008979462704
        0.006933012623          0.007853191260          0.007117177544          0.005508996532          0.004619510487          0.005296107120          0.006853336285          0.007772857965          0.007183448359          0.005687382398          0.004755113582          0.005292791492          0.006769918964          0.007741763903          0.007255010418          0.005776943794          0.004747684003          0.005181823027          0.006669262050          0.007753481173          0.007341841457          0.005790866185          0.004595195657          0.004945494723          0.006537169543          0.007813469801
       -0.004496678071         -0.004580218022         -0.003229540668         -0.001802529803         -0.001682619059         -0.002953429328         -0.004356762745         -0.004535725575         -0.003342461797         -0.001958387004         -0.001734031210         -0.002881027805         -0.004275435206         -0.004553496263         -0.003437763481         -0.002011616900         -0.001672136716         -0.002767253756         -0.004238801723         -0.004634855448         -0.003529387694         -0.001969687889         -0.001486471565         -0.002594728334         -0.004243814805         -0.004796287717
        0.001140078881          0.000397444093         -0.001195573312         -0.002077991823         -0.001422479155          0.000095371811          0.000987052171          0.000401157778         -0.001070157232         -0.001986361185         -0.001461017814         -0.000014366532          0.000938789712          0.000464705651         -0.000979782272         -0.001984507298         -0.001554262888         -0.000088491548          0.000986318275          0.000596836849         -0.000911178267         -0.002073067916         -0.001717217011         -0.000137147140          0.001140526919          0.000821065616
        0.002224061202          0.003569450550          0.004983430167          0.005110988103          0.003874314123          0.002509010262          0.002343700682          0.003520714997          0.004881431806          0.005103586659          0.003980928615          0.002614514266          0.002339920716          0.003429404674          0.004822585640          0.005150476629          0.004070120217          0.002616509678          0.002213484147          0.003282213124          0.004798603433          0.005259862195          0.004155530306          0.002512802343          0.001941121764          0.003055243184
       -0.004756090116         -0.006333688497         -0.007208638647         -0.006573078352         -0.005093024132         -0.004228012695         -0.004810191721         -0.006257226895         -0.007157656485         -0.006644198289         -0.005227124268         -0.004292156181         -0.004754038774         -0.006166081350         -0.007147216146         -0.006721070982         -0.005276735015         -0.004211518525         -0.004580008258         -0.006046907931         -0.007176685798         -0.006816219627         -0.005248291167         -0.003970248731         -0.004258324423         -0.005882920864
        0.005890956455          0.007284159375          0.007412027645          0.006202355827          0.004868766890          0.004712400081          0.005870204220          0.007205682274          0.007424021462          0.006324195021          0.004985023211          0.004714701361          0.005780447992          0.007144237994          0.007464391497          0.006402788066          0.004971932104          0.004568397067          0.005608657951          0.007091195713          0.007540363841          0.006450164471          0.004825047763          0.004247302653          0.005327330349          0.007042978922
       -0.005456265204         -0.006311386302         -0.005684249907         -0.004231520263         -0.003384532163         -0.003956705346         -0.005375225228         -0.006256841425         -0.005752875256         -0.004363902903         -0.003447387021         -0.003899621788         -0.005283773629         -0.006247068948         -0.005831455332         -0.004415983337         -0.003369654879         -0.003728885634         -0.005168582714         -0.006281563617         -0.005932754906         -0.004394565998         -0.003135979434         -0.003415343458         -0.005013615360         -0.006372666931
        0.003684176695          0.003799112801          0.002604230236          0.001291737884          0.001136033986          0.002268798461          0.003575018269          0.003786531195          0.002707381064          0.001394761201          0.001130271625          0.002176239738          0.003516367701          0.003835539168          0.002800364668          0.001401522312          0.001009133441          0.002035159831          0.003500062374          0.003954655839          0.002897350035          0.001310573037          0.000750312842          0.001822849248          0.003528280057          0.004170255939
       -0.001122284945         -0.000492953044          0.000942127782          0.001779057117          0.001222668869         -0.000163450458         -0.001023474336         -0.000526787450          0.000835469594          0.001733301227          0.001288357978         -0.000072127336         -0.001022891242         -0.000623717891          0.000756071540          0.001774970109          0.001414198698         -0.000011125812         -0.001121425617         -0.000799230702          0.000693059021          0.001913973244          0.001622468404          0.000027226128         -0.001341345356         -0.001087340405
       -0.001526879094         -0.002712613584         -0.004009021340         -0.004167747207         -0.003062250296         -0.001786658371         -0.001583208317         -0.002642943209         -0.003929691985         -0.004187738291         -0.003159513810         -0.001840158065         -0.001518955502         -0.002524673912         -0.003887847970         -0.004264079978         -0.003245773524         -0.001791049103         -0.001323339042         -0.002339905989         -0.003879709054         -0.004412302591         -0.003335362375         -0.001627097866         -0.000958166696         -0.002056441190
        0.003592634070          0.005009987827          0.005836668280          0.005295272192          0.003940398980          0.003101189435          0.003590675847          0.004926893476          0.005806584636          0.005368866822          0.004031628429          0.003093350747          0.003476904296          0.004822432015          0.005815195624          0.005453572907          0.004042985356          0.002936133940          0.003233374419          0.004682053546          0.005867478620          0.005565448167          0.003974573964          0.002598293999          0.002815608774          0.004485377393
       -0.004600914556         -0.005876351672         -0.006033632727         -0.004951204492         -0.003702844860         -0.003505544463         -0.004545548218         -0.005807154206         -0.006059847946         -0.005050690905         -0.003754238362         -0.003434627474         -0.004416148544         -0.005750010083         -0.006116872342         -0.005113420469         -0.003676954336         -0.003205860381         -0.004193243819         -0.005698925501         -0.006217373446         -0.005150185705         -0.003454515460         -0.002776070064         -0.003838873005         -0.005652946830
        0.004377765633          0.005186537130          0.004653309829          0.003323907317          0.002501460871          0.002981864419          0.004292084291          0.005154898533          0.004726434888          0.003415491382          0.002494486502          0.002869412739          0.004189664642          0.005166596028          0.004815344878          0.003431928645          0.002342936190          0.002632106272          0.004056360420          0.005227151182          0.004936782896          0.003374163765          0.002016568803          0.002226650132          0.003873161485          0.005357700419
       -0.003070329088         -0.003218170519         -0.002151844793         -0.000925276308         -0.000730847636         -0.001750111479         -0.002987308640         -0.003236468016         -0.002249172420         -0.000979939582         -0.000668425286         -0.001634584755         -0.002949792951         -0.003319173102         -0.002343627842         -0.000940232770         -0.000483032254         -0.001461151469         -0.002954821583         -0.003482881979         -0.002450860766         -0.000795515210         -0.000138366227         -0.001199821588         -0.003010574371         -0.003767181300
        0.001086199691          0.000554907669         -0.000754317375         -0.001563712748         -0.001094101733          0.000190177049          0.001037281458          0.000619913895         -0.000661971913         -0.001561346350         -0.001188654788          0.000114538365          0.001085053777          0.000754402206         -0.000590515443         -0.001648518270         -0.001352007987          0.000065329624          0.001240515480          0.000982022843         -0.000530604275         -0.001845491686         -0.001615812841          0.000036948701          0.001540094755          0.001351224946
        0.001027718361          0.002081203102          0.003288639918          0.003481669720          0.002483312361          0.001269884483          0.001023416754          0.001987918356          0.003228403208          0.003529082709          0.002574227164          0.001272765840          0.000895708401          0.001838014578          0.003202310015          0.003638258501          0.002660591087          0.001169127312          0.000621224301          0.001607471680          0.003210957145          0.003833684919          0.002758716618          0.000935127584          0.000142576710          0.001252364021
       -0.002732182048         -0.004021379277         -0.004817795602         -0.004358575988         -0.003099565544         -0.002267847145         -0.002674536728         -0.003928318366         -0.004806938776         -0.004436881021         -0.003150891505         -0.002187292573         -0.002498615666         -0.003806854768         -0.004835624490         -0.004533078699         -0.003123746086         -0.001945661059         -0.002174589233         -0.003640130499         -0.004915202691         -0.004668431899         -0.003011786369         -0.001492898056         -0.001638572506         -0.003402414072
        0.003629816127          0.004815950638          0.005005881969          0.004027093057          0.002836916960          0.002594011112          0.003538079293          0.004753222900          0.005046959125          0.004107694146          0.002825149139          0.002447057578          0.003364374119          0.004698985582          0.005123734366          0.004157157177          0.002679650888          0.002125377895          0.003081216950          0.004649682663          0.005255823858          0.004186169750          0.002370140410          0.001564263767          0.002636435501          0.004607725736
       -0.003554003355         -0.004334217596         -0.003883062843         -0.002648086710         -0.001832189724         -0.002230681555         -0.003460694843         -0.004324189065         -0.003963332533         -0.002702282443         -0.001755126481         -0.002058838034         -0.003344158778         -0.004358965843         -0.004066865248         -0.002683515180         -0.001522663422         -0.001744766041         -0.003188469008         -0.004451009612         -0.004216234723         -0.002586959390         -0.001086472854         -0.001226565403         -0.002970149349         -0.004633722397
        0.002593578264          0.002777360791          0.001816176955          0.000648802280          0.000411060236          0.001338454596          0.002533742777          0.002827242759          0.001911425826          0.000657286252          0.000289843486          0.001196186031          0.002517079770          0.002948085154          0.002011532522          0.000568921091          0.000031841450          0.000983639396          0.002545949234          0.003166466982          0.002135253139          0.000362667619         -0.000417127120          0.000660545613          0.002636176069          0.003540807925
       -0.001051893185         -0.000606692427          0.000605379077          0.001405077030          0.001012528090         -0.000197654557         -0.001051125303         -0.000705403981          0.000523722066          0.001445827706          0.001139116631         -0.000135738493         -0.001150400489         -0.000883636855          0.000457505218          0.001582945022          0.001347117540         -0.000097550709         -0.001372195764         -0.001175651224          0.000398109345          0.001849399053          0.001681037854         -0.000079230329         -0.001771958590         -0.001650748750
       -0.000644649305         -0.001589281243         -0.002734310379         -0.002966261439         -0.002053734468         -0.000875710498         -0.000579557003         -0.001468823515         -0.002690818614         -0.003042716558         -0.002141203495         -0.000827011874         -0.000382332222         -0.001281094516         -0.002680249201         -0.003190242100         -0.002231142264         -0.000662562276         -0.000014596490         -0.000993678502         -0.002707995058         -0.003445245058         -0.002343748186         -0.000343945270          0.000607385854         -0.000545559338
        0.002061987626          0.003251593015          0.004035493202          0.003648944118          0.002458464127          0.001615208724          0.001946640221          0.003145169954          0.004043532461          0.003734788745          0.002471208299          0.001457856119          0.001701136661          0.003002436759          0.004094845222          0.003847378891          0.002403731431          0.001119396991          0.001280889871          0.002802895173          0.004208874999          0.004015914147          0.002242638695          0.000525025293          0.000594986737          0.002515272296
       -0.002867119390         -0.003990315755         -0.004217544114         -0.003321430642         -0.002163077039         -0.001868018246         -0.002735911871         -0.003932020835         -0.004275274543         -0.003386074018         -0.002087070877         -0.001638702176         -0.002511289259         -0.003879891984         -0.004376590684         -0.003424854799         -0.001866002506         -0.001208447252         -0.002155308132         -0.003833010699         -0.004550756140         -0.003449901835         -0.001452396479         -0.000483438090         -0.001597282829 
        0.002903515257          0.003672737844          0.003294312376          0.002126837162          0.001298772746          0.001622875527          0.002799616611          0.003684464051          0.003385072838          0.002145528669          0.001148143678          0.001384857459          0.002665400153          0.003745640885          0.003508972777          0.002090635948          0.000823319860          0.000979354172          0.002482011588          0.003877612824          0.003697372476          0.001951209321          0.000252308721          0.000319120078  
       -0.002216923614         -0.002441205661         -0.001564476333         -0.000430321925         -0.000142894400         -0.000998060757         -0.002178710028         -0.002525153824         -0.001661482138         -0.000392674315          0.000042094641         -0.000824024383         -0.002183942831         -0.002691043828         -0.001772231034         -0.000250987362          0.000385341472         -0.000563174038         -0.002241076428         -0.002978799302         -0.001920889826          0.000028626174          0.000966073400   
        0.001028937250          0.000660537519         -0.000480972708         -0.001289396804         -0.000966372166          0.000196490806          0.001076998383          0.000797162242         -0.000406924312         -0.001375209819         -0.001129896924          0.000146988788          0.001233752416          0.001027962325         -0.000343363101         -0.001569741523         -0.001392735976          0.000119539193          0.001535961342          0.001401750734         -0.000281562141         -0.001924454896    
        0.000331088631          0.001187374024          0.002295652770          0.002572766620          0.001726557223          0.000556809776          0.000202211431          0.001035036290          0.002267624479          0.002681640883          0.001813618711          0.000453088204         -0.000074284118          0.000801197310          0.002273466086          0.002875874030          0.001911493143          0.000217956230         -0.000556069518          0.000441663079          0.002326571479     
       -0.001515612613         -0.002631959181         -0.003421557196         -0.003100204702         -0.001951718503         -0.001076358510         -0.001338019574         -0.002508467223         -0.003449519347         -0.003197271539         -0.001925655480         -0.000834349659         -0.001011872236         -0.002339275757         -0.003527946022         -0.003333054455         -0.001814273214         -0.000380637997         -0.000473183286         -0.002100483459      
        0.002246018708          0.003331684351          0.003602419015          0.002769724299          0.001616378994          0.001260450886          0.002070668766          0.003276435771          0.003679935398          0.002821060845          0.001472137290          0.000938291245          0.001785954661          0.003226248747          0.003812925888          0.002852087039          0.001163979921          0.000376833861          0.001341136703       
       -0.002375895355         -0.003152195117         -0.002839203252         -0.001713104241         -0.000852620895         -0.001107828178         -0.002258262586         -0.003187318474         -0.002944813359         -0.001696790700         -0.000621337566         -0.000793420772         -0.002102100361         -0.003280398151         -0.003096978225         -0.001603387052         -0.000187071816         -0.000276128484        
        0.001916737962          0.002187754465          0.001376593455          0.000249319364         -0.000096238804          0.000705198784          0.001899881657          0.002310264336          0.001479614323          0.000163389451         -0.000353353167          0.000492637655          0.001929573480          0.002531392349          0.001607337628         -0.000039307747         -0.000800780483         
       -0.001022823563         -0.000724137767          0.000372455624          0.001209418527          0.000950246298         -0.000192291703         -0.001122888578         -0.000904935381          0.000303250652          0.001344713575          0.001157841111         -0.000154460568         -0.001346615785         -0.001200685128          0.000239680475          0.001609422585          
       -0.000057639390         -0.000844116021         -0.001941508261         -0.002271933744         -0.001473484348         -0.000283278947          0.000141131566         -0.000653637856         -0.001928675266         -0.002418738803         -0.001563608646         -0.000118202496          0.000511356733         -0.000362540316         -0.001954902702           
        0.001050247917          0.002118588292          0.002933358321          0.002671454143          0.001538051553          0.000607461010          0.000802916966          0.001973709873          0.002983785786          0.002784664696          0.001471344425          0.000268345398          0.000380397173          0.001773210715            
       -0.001722825998         -0.002796514532         -0.003118810812         -0.002331165387         -0.001154317096         -0.000726109593         -0.001496674356         -0.002743498825         -0.003220933858         -0.002371807052         -0.000934486670         -0.000295486201         -0.001140464928             
        0.001937814407          0.002740550125          0.002487454446          0.001376250979          0.000460553011          0.000650475624          0.001802866949          0.002802421501          0.002613707752          0.001324044343          0.000137243054          0.000245451451              
       -0.001677365580         -0.002003317491         -0.001239843203         -0.000091520230          0.000323171526         -0.000442693568         -0.001682932134         -0.002171352689         -0.001353916168          0.000047273054          0.000665411735               
        0.001037595304          0.000803476872         -0.000274028678         -0.001161692056         -0.000962394129          0.000188306245          0.001195683881          0.001037310532         -0.000207022410         -0.001354970551                
       -0.000196259306          0.000537754457          0.001651509649          0.002045758301          0.001276660629          0.000034206189         -0.000474700749          0.000300834093          0.001656159133                 
       -0.000635873259         -0.001681485740         -0.002543098499         -0.002336444295         -0.001189566630         -0.000176826212         -0.000307776262         -0.001511420566                  
        0.001266824679          0.002355402920          0.002739618011          0.001978733896          0.000746756431          0.000231498207          0.000981715494                   
       -0.001565947172         -0.002416707444         -0.002219552618         -0.001095162911         -0.000097745140         -0.000224446911                    
        0.001488296144          0.001879803907          0.001146351167         -0.000053880772         -0.000552338718                     
       -0.001077166242         -0.000904232879          0.000181382531          0.001146374704                      
        0.000446657154         -0.000251804740         -0.001413126294                       
        0.000249575911          0.001300115523                        
       -0.000855710555                         
