        0.108704892494         -0.032301340003          0.104796775089         -0.035752668875          0.101929232385         -0.037819704489          0.100718363911         -0.038106352742          0.101330485602         -0.036678861981          0.103475882635         -0.034018725150          0.106506518572         -0.030883034831          0.109591373041         -0.028107624798          0.111926507321         -0.026400154550          0.112930335550         -0.026171303174          0.112379211074         -0.027442383597          0.110453111348         -0.029849328207          0.107682500688         -0.032740355779
       -0.043591678019         -0.039923882667         -0.040280080526         -0.037482239504         -0.037800928833         -0.036510323299         -0.036698206636         -0.037124051261         -0.037139795833         -0.039046129295         -0.038904364860         -0.041697448982         -0.041457857117         -0.044352897873         -0.044098649905         -0.046323716189         -0.046135663821         -0.047123653719         -0.047057223269         -0.046580984218         -0.046651610205         -0.044871693107         -0.045052169222         -0.042467784359         -0.042697729379         -0.040014412224
        0.060679821194          0.018746822836          0.057743094101          0.016323734127          0.055984764193          0.015303149551          0.055739213503          0.015824899246          0.056948794130          0.017643225359          0.059203975275          0.020209487654          0.061861886622          0.022820479866          0.064213290863          0.024796096694          0.065658005692          0.025644476948          0.065847964202          0.025176655690          0.064765460067          0.023545164480          0.062719687001          0.021199038415          0.060263864173          0.018767202816
       -0.039510970571         -0.036255855986         -0.036599489627         -0.034551998597         -0.034807019515         -0.034388418827         -0.034487394195         -0.035679595179         -0.035610144427         -0.037991768358         -0.037792764206         -0.040667422580         -0.040412302287         -0.042995219011         -0.042767827737         -0.044384943339         -0.044254680904         -0.044506991614         -0.044509727706         -0.043365014107         -0.043494420107         -0.041286330781         -0.041497421016         -0.038833998229         -0.039057484226         -0.036662567884
        0.045225497475          0.024747439545          0.042837566318          0.023006987055          0.041828778961          0.022767103559          0.042336038697          0.023970223321          0.044117589500          0.026209874791          0.046634267073          0.028848229897          0.049195191198          0.031181704225          0.051132270534          0.032614952764          0.051962391187          0.032802796522          0.051500016574          0.031727829594          0.049895064889          0.029696965556          0.047588711482          0.027259198442          0.045198842664          0.025065164196
       -0.034454248587         -0.031754233663         -0.032055964539         -0.030812452238         -0.030989218356         -0.031403061962         -0.031415059163         -0.033257615098         -0.033118823971         -0.035816379178         -0.035584071290         -0.038378779538         -0.038132788868         -0.040279474143         -0.040097409830         -0.041048809546         -0.040983873660         -0.040521003820         -0.040588014121         -0.038866222683         -0.039039063441         -0.036540634336         -0.036761325410         -0.034167707806         -0.034364302259         -0.032379867770
        0.035711382958          0.024549076070          0.033979702304          0.023547599006          0.033737379544          0.024054712177          0.034926899709          0.025829741626          0.037144821096          0.028336033791          0.039758361782          0.030885920144          0.042069633403          0.032814390143          0.043488194466          0.033640572053          0.043671776921          0.033179827904          0.042603216298          0.031581482958          0.040587018346          0.029284812155          0.038167781114          0.026904981558          0.035990916705          0.025076901323
       -0.029277833253         -0.027266099559         -0.027509412011         -0.027101750188         -0.027193890883         -0.028371342576         -0.028300324058         -0.030647361066         -0.030451017920         -0.033281802457         -0.033031539821         -0.035573572895         -0.035350871167         -0.036940876557         -0.036813142381         -0.037058726280         -0.037060772907         -0.035930619724         -0.036056249565         -0.033879149980         -0.034084586248         -0.031459391135         -0.031677207846         -0.029316719866         -0.029476268157         -0.028023615843
        0.028169472757          0.022462076181          0.027168997117          0.022222443000          0.027671585584          0.023407561747          0.029437185265          0.025615979291          0.031931101949          0.028217944085          0.034468367126          0.030518824840          0.036386685277          0.031930889035          0.037207210549          0.032113415682          0.036746159385          0.031049342576          0.035152375414          0.029041848034          0.032863457762          0.026633112775          0.030492168190          0.024465643413          0.028670933818          0.023119779898
       -0.024100376004         -0.022871535445         -0.023041065726         -0.023456688253         -0.023461167795         -0.025293432777         -0.025147894139         -0.027826991746         -0.027589454914         -0.030363251135         -0.030113925328         -0.032243143325         -0.032059675122         -0.033001606965         -0.032936998299         -0.032474750618         -0.032543471027         -0.030831585351         -0.031007095253         -0.028524480906         -0.028748333702         -0.026171476479         -0.026371239782         -0.024399343462         -0.024510304028         -0.023685250742
        0.021612948999          0.019601823663          0.021372817696          0.020102784476          0.022555413045          0.021860213600          0.024759648240          0.024342194578          0.027356594288          0.026867195443          0.029652649773          0.028776156099          0.031061021254          0.029592530649          0.031241615207          0.029133412834          0.030177515841          0.027546939977          0.028171562480          0.025268644641          0.025765226531          0.022908377341          0.023600135883          0.021095529326          0.022255829253          0.020319891886
       -0.019023980224         -0.018623459036         -0.018708568053         -0.019886545829         -0.019806197564         -0.022148011481         -0.021941890574         -0.024763963364         -0.024505313302         -0.027038047195         -0.026809817665         -0.028392647629         -0.028263097770         -0.028505450424         -0.028509503304         -0.027380569628         -0.027511394368         -0.025339110530         -0.025551685817         -0.022932989924         -0.023158278052         -0.020803589901         -0.020969274727         -0.019519587005         -0.019571667926         -0.019432953236
        0.015760695654          0.016415727264          0.016262730758          0.017592809584          0.018021188652          0.019786112947          0.020503932497          0.022370004558          0.023029269031          0.024654422544          0.024938049735          0.026055514274          0.025753715784          0.026234856698          0.025293442310          0.025175619400          0.023705518899          0.023179154683          0.021425673280          0.020784284707          0.019063967039          0.018629486273          0.017249983468          0.017291445397          0.016473675879          0.017138767919
       -0.014168866956         -0.014589391531         -0.014586179116         -0.016420043545         -0.016264339634         -0.018942203829         -0.018694353182         -0.021465135553         -0.021207585519         -0.023333273683         -0.023145358096         -0.024084351096         -0.024019876941         -0.023555966826         -0.023629201185         -0.021917043773         -0.022100299418         -0.019618387173         -0.019851366737         -0.017275439020         -0.017483546387         -0.015512002175         -0.015628538704         -0.014802688401         -0.014788828425         -0.015351914320
        0.010556385658          0.013149477623          0.011737451756          0.014899476989          0.013935498335          0.017369879760          0.016524051484          0.019882476022          0.018812161719          0.021781438203          0.020215256554          0.022592592263          0.020394552606          0.022134018821          0.019333306913          0.020553291020          0.017333407119          0.018284021603          0.014934495240          0.015933308293          0.012775965866          0.014127689577          0.011435305861          0.013354750908          0.011281662236          0.013838486410
       -0.009659222841         -0.010841767467         -0.010753765866         -0.013098379307         -0.012882857928         -0.015706039634         -0.015438604056         -0.017971080252         -0.017736768304         -0.019318404425         -0.019186853394         -0.019427495056         -0.019434014710         -0.018303174991         -0.018440280711         -0.016266092220         -0.016487230633         -0.013866694067         -0.014100750995         -0.011744278167         -0.011916804234         -0.010465378640         -0.010520669038         -0.010380350568         -0.010298356417         -0.011532674628
        0.006020185882          0.009967912189          0.007777305738          0.012155795221          0.010255558390          0.014731978669          0.012775367591          0.017008869089          0.014679584081          0.018404733032          0.015493094948          0.018582442778          0.015033691411          0.017525368878          0.013449374298          0.015533999225          0.011174797630          0.013145480243          0.008818412337          0.010996274861          0.007008096963          0.009661242537          0.006232464477          0.009507879292          0.006716017691          0.010600809198
       -0.005609825962         -0.007448301051         -0.007286098945         -0.009967384786         -0.009712203909         -0.012485046580         -0.012221380910         -0.014347732309         -0.014156539943         -0.015094884250         -0.015030831913         -0.014565169414         -0.014642445572         -0.012927739200         -0.013117678681         -0.010632799230         -0.010873477004         -0.008294542862         -0.008509471140         -0.006535232517         -0.006655989235         -0.005828063806         -0.005814688163         -0.006376573276         -0.006230087406         -0.008059752685
        0.002191359910          0.006992516295          0.004389052798          0.009460126162          0.006975176230          0.011968649020          0.009260427159          0.013863919136          0.010661602718          0.014673012761          0.010840748998          0.014214602050          0.009781293643          0.012636086612          0.007784634002          0.010370254535          0.005389426058          0.008022990227          0.003233831235          0.006219561864          0.001894194883          0.005446606421          0.001738951515          0.005927762465          0.002832934120          0.007563121109
       -0.002116201344         -0.004465237267         -0.004245290131         -0.007071821894         -0.006799812195         -0.009334314049         -0.009096803659         -0.010678997873         -0.010546679292         -0.010786428261         -0.010794971096         -0.009662000974         -0.009803518870         -0.007626341776         -0.007853233354         -0.005229342269         -0.005469083976         -0.003109398238         -0.003286097394         -0.001832053711         -0.001888885444         -0.001746879663         -0.001663257785         -0.002897014506         -0.002695692830         -0.005003508273
       -0.000897779717          0.004314032209          0.001581508948          0.006890012700          0.004100909095          0.009165759405          0.006004404593          0.010560528309          0.006817721132          0.010737848647          0.006359053804          0.009681299973          0.004776349625          0.007691132671          0.002503792046          0.005303938836          0.000149110648          0.003155501404         -0.001660595239          0.001820097345         -0.002437314882          0.001664905924         -0.001956772694          0.002754613241         -0.000319087488          0.004829638890
        0.000752154245         -0.001933000749         -0.001675868269         -0.004451470909         -0.004185973340         -0.006313761653         -0.006121814504         -0.007060174747         -0.006996993952         -0.006529992649         -0.006609781000         -0.004892653056         -0.005086247587         -0.002598289531         -0.002842904290         -0.000260738284         -0.000478896576          0.001498234602          0.001375817203          0.002205908377          0.002219733214          0.001659042500          0.001808188523         -0.000021350828          0.000219738883         -0.002414673591
       -0.003234606762          0.001996909639         -0.000646043326          0.004507295840          0.001640407594          0.006403363643          0.003042223713          0.007212710307          0.003221903182          0.006754317981          0.002163048940          0.005175684634          0.000166985448          0.002909511842         -0.002227906594          0.000561500696         -0.004383826917         -0.001243235366         -0.005724749880         -0.002018136964         -0.005882410141         -0.001539512873         -0.004791893634          0.000092925039         -0.002713463507          0.002474612880
        0.002955853932          0.000126220609          0.000397920138         -0.002138531812         -0.001901328388         -0.003484204892         -0.003352677865         -0.003591827930         -0.003601845559         -0.002467140749         -0.002610695703         -0.000430965141         -0.000660070178          0.001966772193          0.001725156678          0.004087743029          0.003909992815          0.005366491083          0.005309771880          0.005453507245          0.005538539628          0.004305632351          0.004509579342          0.002201711040          0.002463407540         -0.000321157710
       -0.004832048512          0.000081245654         -0.002309142710          0.002360118735         -0.000403502764          0.003756588123          0.000410934909          0.003934416810         -0.000047401236          0.002877381590         -0.001630424405          0.000885907378         -0.003903886396         -0.001503238361         -0.006260032935         -0.003654063826         -0.008071738055         -0.004992051578         -0.008850930566         -0.005149798222         -0.008373220718         -0.004062445736         -0.006738559968         -0.001989488344         -0.004352667176          0.000543332198
        0.004487257037          0.001709312495          0.001972924276         -0.000156034252          0.000034366514         -0.000903954909         -0.000842154934         -0.000373980903         -0.000455025734          0.001264192306          0.001069556269          0.003560179863          0.003314888874          0.005899895153          0.005681552747          0.007661320336          0.007539269256          0.008371484312          0.008386223406          0.007826939271          0.007977524437          0.006148577868          0.006391615075          0.003756997174          0.004017849786          0.001273161793
       -0.005730244333         -0.001415694536         -0.003439801304          0.000483898653         -0.002035674361          0.001294917363         -0.001855225237          0.000836485737         -0.002914661544         -0.000743658937         -0.004912419901         -0.003012453871         -0.007309807815         -0.005363725901         -0.009468666308         -0.007171845473         -0.010812610594         -0.007949775580         -0.010973062377         -0.007473514913         -0.009884917441         -0.005842703037         -0.007808399616         -0.003462066069         -0.005270843770         -0.000946847607
        0.005369882802          0.002831707367          0.003066309625          0.001482948761          0.001612551022          0.001374128392          0.001362828811          0.002499315148          0.002355108200          0.004537387101          0.004308226382          0.006937996896          0.006696820642          0.009062308683          0.008885321352          0.010344340467          0.010288515575          0.010434115866          0.010520064039          0.009288202007          0.009493130069          0.007185435363          0.007448368149          0.004663153184          0.004901398421          0.002387895430
       -0.005995253906         -0.002497580358         -0.004085821888         -0.001097968879         -0.003269642954         -0.000919185469         -0.003728191064         -0.001977278029         -0.005313118211         -0.003971438497         -0.007589733420         -0.006364309107         -0.009949684539         -0.008519181615         -0.011765195657         -0.009860836981         -0.012547611970         -0.010021340721         -0.012072171050         -0.008935629676         -0.010438760711         -0.006863357122         -0.008053329038         -0.004330695172         -0.005533118571         -0.002004627418
        0.005655865517          0.003525700265          0.003713518193          0.002775394418          0.002835440555          0.003305124759          0.003223165270          0.004944949978          0.004750187720          0.007244033620          0.006999250630          0.009587652144          0.009370186742          0.011353052131          0.011231937739          0.012066563973          0.012082068700          0.011524241728          0.011675396943          0.009846836707          0.010090471511          0.007455191292          0.007717055076          0.004970804441          0.005166230385          0.003064017283
       -0.005715585178         -0.003186528969         -0.004308504481         -0.002373326325         -0.004127430242         -0.002831928634         -0.005188413669         -0.004414301174         -0.007189461852         -0.006686808537         -0.009591197098         -0.009042484635         -0.011754605505         -0.010854832059         -0.013102455138         -0.011636079581         -0.013265535729         -0.011161806922         -0.012178499456         -0.009531677741         -0.010101777033         -0.007150835964         -0.007563261822         -0.004635181221         -0.005232271452         -0.002661734891
        0.005421798697          0.003837798210          0.003965229541          0.003727842770          0.003715110479          0.004854118906          0.004709235372          0.006895107166          0.006665954315          0.009299811334          0.009059130998          0.011428558730          0.011252261479          0.012714488644          0.012659277689          0.012806920031          0.012893293102          0.011662074479          0.011867386104          0.009558925432          0.009822572377          0.007035372225          0.007275112893          0.004758739520          0.004894221201          0.003360305552
       -0.004997107797         -0.003520011878         -0.004179271456         -0.003340339790         -0.004638603537         -0.004399869573         -0.006226456906         -0.006397326027         -0.008507503832         -0.008794596438         -0.010872481615         -0.010954042445         -0.012692579683         -0.012299550060         -0.013478255418         -0.012462559774         -0.013004240122         -0.011377818050         -0.011370454146         -0.009305266858         -0.008983390632         -0.006771722699         -0.006461137654         -0.004444931872         -0.004483246105         -0.002968772047
        0.004763322440          0.003825353758          0.003883661408          0.004355499452          0.004272247828          0.005997820992          0.005802268056          0.008300890774          0.008055792681          0.010649146114          0.010431706972          0.012418865244          0.012297930280          0.013135501910          0.013151222486          0.012594564974          0.012746037109          0.010916758749          0.011161086053          0.008523410305          0.008786724505          0.006036856698          0.006234801106          0.004128318372          0.004190961018          0.003348632600
       -0.003956897268         -0.003547327144         -0.003775687440         -0.004006454887         -0.004838886018         -0.005591462190         -0.006844020503         -0.007868068462         -0.009250873454         -0.010228409743         -0.011419353195         -0.012045017470         -0.012771145437         -0.012829317650         -0.012936267119         -0.012356482237         -0.011849138060         -0.010726256093         -0.009770574351         -0.008344316125         -0.007229320624         -0.005827329196         -0.004895672631         -0.003853056034         -0.003416026795         -0.002990191659
        0.003788890461          0.003552788519          0.003538505883          0.004681058565          0.004534700144          0.006725757091          0.006495354976          0.009135102495          0.008893491472          0.011268445344          0.011091552688          0.012557945886          0.012502463649          0.012652195100          0.012738686837          0.011507170766          0.011713174732          0.009402172976          0.009667347987          0.006875901665          0.007118204092          0.004596646794          0.004735729605          0.003196485160          0.003178421602          0.003108468541
       -0.002716548590         -0.003325832382         -0.003177262314         -0.004387254611         -0.004768568699         -0.006388341391         -0.007054472535         -0.008790170840         -0.009424705599         -0.010954133374         -0.011249313858         -0.012303199849         -0.012037760022         -0.012468199017         -0.011564259627         -0.011383736773         -0.009928862028         -0.009310100886         -0.007538782500         -0.006774799505         -0.005013127726         -0.004446356010         -0.003032380416         -0.002969268701         -0.002167460608         -0.002798739399
        0.002613139506          0.003087692842          0.003002763089          0.004733391981          0.004535924937          0.007041010791          0.006794053536          0.009394044048          0.009175059183          0.011167750784          0.011045780507          0.011886721725          0.011902081746          0.011346020252          0.011497983139          0.009666488988          0.009912324245          0.007270135943          0.007536044479          0.004780278833          0.004981776260          0.002869058270          0.002935858101          0.002087864662          0.001986808137          0.002721055490
       -0.001395460030         -0.002917134688         -0.002461385735         -0.004505252243         -0.004470889377         -0.006786211272         -0.006882914035         -0.009151218916         -0.009056265871         -0.010971837698         -0.010411531147         -0.011758723641         -0.010577951252         -0.011286683580         -0.009489781744         -0.009655597148         -0.007408333817         -0.007271686100         -0.004863294970         -0.004752373255         -0.002525980383         -0.002776121473         -0.001043496176         -0.001912072102         -0.000872681622         -0.002469756752
        0.001350246698          0.002497077743          0.002348711663          0.004546200850          0.004313396642          0.006960479510          0.006716515448          0.009098233623          0.008919455424          0.010390668252          0.010334115084          0.010485750038          0.010572242887          0.009339379528          0.009546610896          0.007231373810          0.007498985912          0.004701350791          0.004947056170          0.002418597665          0.002561566050          0.001015897918          0.001001574825          0.000926525396          0.000746169725          0.002263725957
       -0.000104535391         -0.002383424303         -0.001699655707         -0.004388626484         -0.003990481068         -0.006795231429         -0.006365767950         -0.008963635958         -0.008194446127         -0.010315923717         -0.008985035951         -0.010482359279         -0.008511296533         -0.009397454406         -0.006873490202         -0.007321863356         -0.004479606579         -0.004783763593         -0.001949769030         -0.002452425710          0.000034691331         -0.000972926801          0.000902465614         -0.000800734080          0.000343205593         -0.002075694705
        0.000107640448          0.001843991360          0.001644197238          0.004156689870          0.003907026652          0.006514597007          0.006293091659          0.008291938767          0.008168160860          0.009012523835          0.009027197281          0.008471120587          0.008623743124          0.006788877663          0.007036702082          0.004388605459          0.004657531512          0.001894628481          0.002099604388         -0.000020066817          0.000049946924         -0.000803690444         -0.000902493646         -0.000171990127         -0.000421707505          0.001804784613
        0.001059335758         -0.001784094594         -0.000954790590         -0.004069921157         -0.003371942160         -0.006439814540         -0.005549867857         -0.008264348500         -0.006908115258         -0.009053438593         -0.007075240547         -0.008581575347         -0.005985409482         -0.006948794634         -0.003900468762         -0.004561862728         -0.001351038878         -0.002038936869          0.000990636121         -0.000059175507          0.002476876558          0.000807827416          0.002650781332          0.000252451479          0.001372588349         -0.001681126462
       -0.001019636796          0.001184658344          0.000949412451          0.003604286489          0.003357642361          0.005746476104          0.005565402116          0.007041490821          0.006983575024          0.007136783246          0.007223203002          0.005988324151          0.006196833929          0.003876554926          0.004146522220          0.001342054811          0.001590608242         -0.000944954798         -0.000799409755         -0.002351097629         -0.002363854279         -0.002443012593         -0.002623324071         -0.001107815754         -0.001410654529          0.001399278661
        0.002017746486         -0.001172795064         -0.000278242947         -0.003584723893         -0.002658553515         -0.005757800325         -0.004491043203         -0.007113192816         -0.005283368231         -0.007280632599         -0.004808926305         -0.006194566880         -0.003168235973         -0.004116024429         -0.000770056150         -0.001573861706          0.001764542998          0.000761888440          0.003753495923          0.002245506037          0.004625212209          0.002421183359          0.004069529886          0.001149184512          0.002131451327         -0.001338472138
       -0.001953631402          0.000566237677          0.000314307992          0.002929414121          0.002705580894          0.004710454288          0.004584891317          0.005432414903          0.005446323623          0.004889876418          0.005042949094          0.003204390346          0.003453704549          0.000799610870          0.001070541799         -0.001699165161         -0.001492407962         -0.003618196441         -0.003547348470         -0.004405370799         -0.004504758466         -0.003776586546         -0.004028407109         -0.001802622831         -0.002136257333          0.001085847230
        0.002714005854         -0.000595030216          0.000291408734         -0.002970359985         -0.001891154774         -0.004799010706         -0.003252236547         -0.005590134675         -0.003419786649         -0.005117925506         -0.002327946665         -0.003482596988         -0.000239111890         -0.001091482156          0.002315214634          0.001436479069          0.004661934082          0.003421337495          0.006152856265          0.004292888002          0.006331015208          0.003741268193          0.005056934684          0.001811030132          0.002563635302         -0.001084666161
       -0.002637021108          0.000025262165         -0.000223244445          0.002172321290          0.001989450164          0.003470072483          0.003410945783          0.003565486194          0.003651603623          0.002414674128          0.002623762472          0.000298747547          0.000569771097         -0.002240778699         -0.001991346401         -0.004532807305         -0.004387222275         -0.005943416578         -0.005957362490         -0.006039122812         -0.006221781007         -0.004707294131         -0.005013086450         -0.002203740227         -0.002540056168          0.000884584576
        0.003115014151         -0.000086408902          0.000729260644         -0.002264640893         -0.001107207920         -0.003623256509         -0.001901225372         -0.003791430559         -0.001425887415         -0.002703564519          0.000217990081         -0.000621100781          0.002620898994          0.001926368327          0.005160871769          0.004267920598          0.007155121507          0.005756990220          0.008031706098          0.005937143856          0.007480432934          0.004668424932          0.005546325569          0.002183481112          0.002642029120         -0.000941316818
       -0.003035316886         -0.000413218185         -0.000638454653          0.001371991923          0.001245125653          0.002095560304          0.002108651706          0.001551894640          0.001704758777         -0.000137011566          0.000112460791         -0.002546668248         -0.002275742257         -0.005050854036         -0.004844836214         -0.006975089344         -0.006906010545         -0.007766863543         -0.007868799452         -0.007141980637         -0.007396151192         -0.005171244051         -0.005505238692         -0.002285450772         -0.002591031995          0.000782958762
        0.003211731950          0.000328383903          0.001024056394         -0.001504732282         -0.000340077332         -0.002297876767         -0.000508047084         -0.001824933261          0.000585980926         -0.000186335092          0.002679050370          0.002209949411          0.005238795311          0.004744069244          0.007591253640          0.006735047899          0.009087597394          0.007611705253          0.009270466445          0.007063335619          0.007999831851          0.005133801008          0.005506478794          0.002237367849          0.002348356452 
       -0.003137614829         -0.000735770107         -0.000919723356          0.000565168788          0.000505008214          0.000660934906          0.000746293739         -0.000492210004         -0.000283676381         -0.002612480087         -0.002342185948         -0.005157451536         -0.004909394686         -0.007455163441         -0.007311815095         -0.008871043305         -0.008887692939         -0.008971162505         -0.009155641751         -0.007642300592         -0.007946234195         -0.005138241173         -0.005468202932         -0.002031985227  
        0.003018231179          0.000635836245          0.001177346395         -0.000726171651          0.000381457372         -0.000894924802          0.000857729588          0.000195202626          0.002505017740          0.002282286453          0.004913058102          0.004835867511          0.007458960562          0.007183902295          0.009459075220          0.008678563276          0.010340700358          0.008862004612          0.009792506612          0.007592296046          0.007855355642          0.005102193381          0.004892895996   
       -0.002955851116         -0.000939998961         -0.001067885905         -0.000214483308         -0.000202450836         -0.000759127456         -0.000607288193         -0.002451496227         -0.002203229905         -0.004866269540         -0.004597098377         -0.007376299583         -0.007172755493         -0.009306268889         -0.009239918342         -0.010102900991         -0.010206212800         -0.009480836345         -0.009731418597         -0.007506872409         -0.007831656328         -0.004566457062    
        0.002569384414          0.000833100660          0.001201899360          0.000037943256          0.001033433786          0.000511861658          0.002129755602          0.002154157316          0.004227322140          0.004556103252          0.006792871217          0.007096712764          0.009151442258          0.009093565532          0.010653146867          0.009973597727          0.010838953425          0.009423000154          0.009563031704          0.007484675932          0.006980477362     
       -0.002522636447         -0.001033312932         -0.001094676269         -0.000937034627         -0.000852966033         -0.002092492501         -0.001885396892         -0.004217223258         -0.003948771469         -0.006767875391         -0.006522219598         -0.009071525938         -0.008930698932         -0.010492591816         -0.010510182745         -0.010595492508         -0.010775186130         -0.009261347074         -0.009554202628         -0.006671746460      
        0.001917334195          0.000926798552          0.001119463360          0.000757582194          0.001596704292          0.001850192613          0.003247541450          0.003942127477          0.005660918745          0.006501853723          0.008212909174          0.008855802820          0.010218610296          0.010353943588          0.011103237897          0.010534428496          0.010548422790          0.009253331460          0.008499009210       
       -0.001887840817         -0.001031108336         -0.001020543237         -0.001576762801         -0.001426438841         -0.003272679518         -0.003026115846         -0.005692680998         -0.005425546340         -0.008208594008         -0.008007085739         -0.010143922279         -0.010078003770         -0.010943391227         -0.011041193367         -0.010314758675         -0.010553393177         -0.008231916036        
        0.001126950629          0.000931247785          0.000958044744          0.001406262190          0.002056740297          0.003052317157          0.004158864036          0.005459756217          0.006730171463          0.008006082819          0.009094375259          0.010006507106          0.010599276264          0.010883372677          0.010778067840          0.010319941156          0.009375999280         
       -0.001114174614         -0.000954519602         -0.000872027933         -0.002112451715         -0.001906830983         -0.004241729893         -0.003974776779         -0.006797983119         -0.006553658163         -0.009107013652         -0.008966003937         -0.010531040802         -0.010542782576         -0.010626900988         -0.010794668517         -0.009169331339          
        0.000270583051          0.000866295811          0.000748916855          0.001961397643          0.002403303711          0.004057935092          0.004821827336          0.006622980879          0.007379277339          0.008980579668          0.009388402837          0.010475838222          0.010266486381          0.010643232065          0.009581327280           
       -0.000272108074         -0.000827916107         -0.000678908882         -0.002527544707         -0.002281946185         -0.004952688107         -0.004686112853         -0.007473879578         -0.007271539932         -0.009412364089         -0.009340586285         -0.010205119467         -0.010291760763         -0.009447903660            
       -0.000577526006          0.000754936219          0.000523597235          0.002404547375          0.002630051019          0.004816757524          0.005206435142          0.007366814248          0.007574264993          0.009365108923          0.009073815889          0.010229776715          0.009127588721             
        0.000565518407         -0.000676352711         -0.000471333952         -0.002810185297         -0.002543147109         -0.005371524842         -0.005125835296         -0.007683987939         -0.007537461541         -0.009102391010         -0.009104352384         -0.009073872836              
       -0.001346761931          0.000620899355          0.000311033141          0.002721556962          0.002734102866          0.005290426090          0.005295330862          0.007647074298          0.007300875245          0.009132097863          0.008068011821               
        0.001328823283         -0.000523182642         -0.000277135193         -0.002953148613         -0.002684958897         -0.005478126647         -0.005271037656         -0.007412766343         -0.007333137849         -0.008094118169                
       -0.001975193985          0.000486385203          0.000135201083          0.002902517138          0.002715484725          0.005453152355          0.005081928536          0.007444111757          0.006492077913                 
        0.001955798478         -0.000388009453         -0.000119493463         -0.002953535296         -0.002704351949         -0.005264496245         -0.005112563861         -0.006592116140                  
       -0.002413799570          0.000370074399          0.000013280675          0.002941282136          0.002575609705          0.005294233402          0.004519089263                   
        0.002396438616         -0.000285103639         -0.000015141649         -0.002811300556         -0.002601711719         -0.004681831249                    
       -0.002629453598          0.000285554950         -0.000045442811          0.002836605594          0.002290095121                     
        0.002615517238         -0.000222329811          0.000026125911         -0.002499948648                      
       -0.002605573779          0.000241005174         -0.000041335376                       
        0.002594501120         -0.000196938295                        
       -0.002318898124                         
