      -56.998858392029
      -57.122723531759
      -57.128309586930
      -57.129526998430
      -57.129874999159
      -57.129992760844
      -57.130019640784
      -57.145899280287
      -57.147097109414
      -57.147333913241
      -57.147477496170
      -57.147588666542
      -57.147690991514
      -57.147777544933
      -57.149227395967
      -57.149604191539
      -57.149829036948
      -57.150003413317
      -57.150125755079
      -57.150218236897
      -57.150278500642
      -57.150323638402
      -57.150358993358
      -57.150382262716
      -57.150396924186
      -57.150408568636
      -57.150416956925
      -57.150421977969
      -57.150426207388
      -57.150428988884
      -57.150431080162
      -57.150432524243
      -57.150434121767
      -57.150434811545
      -57.150435950128
      -57.150436347972
      -57.151752645904
      -57.151827685499
      -57.151833755364
      -57.151834892771
      -57.151835243956
      -57.151835375742
      -57.151835428236
      -57.151835465474
      -57.151835474264
      -57.151835475119
      -57.151835475397
      -57.151835475476
      -57.151835475305
      -57.151835474978
      -57.151835474545
      -57.151835474132
      -57.151835473833
      -57.151835473622
      -57.151835473450
      -57.151835473293
      -57.151835473150
      -57.151835473031
      -57.151851559568
      -57.151851804672
      -57.151851812534
      -57.151851813445
      -57.151851813643
      -57.151851813755
      -57.151851813909
      -57.151851813925
      -57.151851813956
      -57.151851813961
      -57.151851813964
      -57.151851813964
      -57.151851813964
      -57.151851813963
      -57.151851813965
      -57.151851813971
      -57.151852099621
      -57.151852105265
