        0.551588727747         0.519077237175         0.911722968967
        0.568945202455         0.459954003253         0.854291623208
        0.590767460772         0.512390989445         0.856823754108
        0.598261944442         0.523011163806         0.860593236552
        0.601298802534         0.528930760029         0.862012876668
        0.602413828182         0.530802667268         0.862834435139
        0.602814556141         0.531550558793         0.863180602320
        0.602949586950         0.531794325342         0.863332486617
        0.602992341935         0.531876919458         0.863392633477
        0.603004536954         0.531901452290         0.863415897552
        0.603007455051         0.531908266232         0.863424335754
        0.603007878310         0.531909766527         0.863427245651
        0.603007785875         0.531909946471         0.863428172831
        0.603007664193         0.531909875845         0.863428438557
        0.603007591490         0.531909805709         0.863428500814
        0.603007557114         0.531909767058         0.863428508671
        0.603007542993         0.531909749963         0.863428505655
        0.603007537848         0.531909743429         0.863428502417
        0.603007536211         0.531909741269         0.863428500530
        0.603007535790         0.531909740687         0.863428499640
        0.603007535731         0.531909740593         0.863428499272
        0.603007535753         0.531909740614         0.863428499136
        0.603007535778         0.531909740645         0.863428499091
        0.603007535794         0.531909740665         0.863428499079
        0.603007535801         0.531909740675         0.863428499077
        0.603007535805         0.531909740680         0.863428499078
        0.603007535806         0.531909740681         0.863428499078
        0.603007535807         0.531909740682         0.863428499079
        0.603007535807         0.531909740682         0.863428499079
        0.603007535807         0.531909740682         0.863428499079
        0.603007535807         0.531909740682         0.863428499079
        0.603007535807         0.531909740682         0.863428499079
        0.603007535807         0.531909740682         0.863428499079
        0.603007535807         0.531909740682         0.863428499079
        0.603007535807         0.531909740682         0.863428499079
        0.603007535807         0.531909740682         0.863428499079
        0.603007535807         0.531909740682         0.863428499079
        0.603007535807         0.531909740682         0.863428499079
        0.603007535807         0.531909740682         0.863428499079
        0.603007535807         0.531909740682         0.863428499079
        0.603007535807         0.531909740682         0.863428499079
        0.603007535807         0.531909740682         0.863428499079
        0.603007535807         0.531909740682         0.863428499079
        0.603007535807         0.531909740682         0.863428499079
        0.603007535807         0.531909740682         0.863428499079
        0.603007535807         0.531909740682         0.863428499079
        0.603007535807         0.531909740682         0.863428499079
        0.603007535807         0.531909740682         0.863428499079
        0.603007535807         0.531909740682         0.863428499079
        0.603007535807         0.531909740682         0.863428499079
        0.603007535807         0.531909740682         0.863428499079
        0.603007535807         0.531909740682         0.863428499079
        0.603007535807         0.531909740682         0.863428499079
        0.603007535807         0.531909740682         0.863428499079
        0.603007535807         0.531909740682         0.863428499079
        0.603007535807         0.531909740682         0.863428499079
        0.603007535807         0.531909740682         0.863428499079
        0.603007535807         0.531909740682         0.863428499079
        0.603007535807         0.531909740682         0.863428499079
        0.603007535807         0.531909740682         0.863428499079
        0.603007535807         0.531909740682         0.863428499079
        0.603007535807         0.531909740682         0.863428499079
        0.603007535807         0.531909740682         0.863428499079
        0.603007535807         0.531909740682         0.863428499079
        0.603007535807         0.531909740682         0.863428499079
        0.603007535807         0.531909740682         0.863428499079
        0.603007535807         0.531909740682         0.863428499079
        0.603007535807         0.531909740682         0.863428499079
        0.603007535807         0.531909740682         0.863428499079
        0.603007535807         0.531909740682         0.863428499079
        0.603007535807         0.531909740682         0.863428499079
        0.603007535807         0.531909740682         0.863428499079
        0.603007535807         0.531909740682         0.863428499079
        0.603007535807         0.531909740682         0.863428499079
        0.603007535807         0.531909740682         0.863428499079
        0.603007535809         0.531909740682         0.863428499081
        0.603007535816         0.531909740685         0.863428499083
        0.603007535836         0.531909740693         0.863428499088
        0.603007535888         0.531909740717         0.863428499096
        0.603007536008         0.531909740780         0.863428499099
        0.603007536254         0.531909740931         0.863428499067
        0.603007536654         0.531909741245         0.863428498884
        0.603007536980         0.531909741771         0.863428498196
        0.603007535879         0.531909742226         0.863428496010
        0.603007528166         0.531909740826         0.863428489757
        0.603007497080         0.531909730545         0.863428473245
        0.603007393949         0.531909687667         0.863428432775
        0.603007088084         0.531909542080         0.863428340342
        0.603006254650         0.531909091741         0.863428148412
        0.603004137891         0.531907832877         0.863427787544
        0.602999162795         0.531904379887         0.863427268155
        0.602988319743         0.531896081715         0.863426759267
        0.602967796767         0.531874196221         0.863428268043
        0.602934773727         0.531834288779         0.863433793716
        0.602918086254         0.531706971917         0.863470601142
        0.603003914578         0.531672694029         0.863507794233
        0.603747107769         0.530705474149         0.863912726644
        0.606772996012         0.533737982318         0.863206931619
        0.608460979314         0.518740281909         0.868144928698
        0.721437613907         0.605636115166         0.870044701910
