        0.446936881396         0.133232867765         0.793926452036
        0.295525821282         0.244749957521         0.135881162683
        0.330478133933         0.115674587020         0.457244890875
        0.337809539257         0.183999788317         0.260026859749
        0.329671126088         0.139239685096         0.337218190798
        0.333103598138         0.156167177877         0.306711791046
        0.327891691825         0.155773837384         0.325579160558
        0.331138935600         0.156028203681         0.325684593879
        0.332916708919         0.153502471367         0.315831969137
        0.332802888726         0.150864213028         0.312261790391
        0.330792470133         0.152957844515         0.315898036810
        0.329628422005         0.155712956292         0.323250955200
        0.330827125493         0.155885851364         0.323546779966
        0.332555388490         0.153358406752         0.317290564542
        0.332586008424         0.151643648882         0.313094620016
        0.331002526147         0.152920247312         0.316212185554
        0.329966182406         0.155301865806         0.322097120915
        0.330777453860         0.155628833942         0.322899497089
        0.332265948147         0.153607613909         0.317911492488
        0.332464152472         0.152013908062         0.313974338102
        0.331189441442         0.152900243447         0.316157937899
        0.330176933182         0.154976143683         0.321279985496
        0.330729755807         0.155470924593         0.322501024497
        0.332052424883         0.153815684638         0.318415505056
        0.332385508083         0.152275934689         0.314612035278
        0.331336672936         0.152864025430         0.316061375868
        0.330332485724         0.154722270399         0.320647405926
        0.330685376226         0.155363061284         0.322229228454
        0.331884632970         0.153989085194         0.318837720259
        0.332329072857         0.152476512198         0.315102030277
        0.331458786855         0.152821342323         0.315951739147
        0.330455962230         0.154514026387         0.320129835678
        0.330643649815         0.155284730367         0.322032463616
        0.331744632397         0.154140162896         0.319207120396
        0.332286209282         0.152638944467         0.315499922612
        0.331565787047         0.152774498173         0.315833559313
        0.330559574315         0.154334308197         0.319684104743
        0.330602827574         0.155225762322         0.321884866110
        0.331621436424         0.154278271876         0.319545934168
        0.332252493166         0.152777002459         0.315838935676
        0.331664546299         0.152723214686         0.315705546113
        0.330650839324         0.154171573296         0.319281287031
        0.330561129849         0.155180513947         0.321772108488
        0.331507543884         0.154410608335         0.319871493354
        0.332225330320         0.152899678397         0.316140896153
        0.331760277888         0.152666159830         0.315564126362
        0.330735015164         0.154017222361         0.318899956190
        0.330516790047         0.155145642726         0.321685755073
        0.331397121010         0.154543311009         0.320198749401
        0.332203036875         0.153013515241         0.316421794680
        0.331857518812         0.152601257291         0.315404069141
        0.330816338010         0.153863949609         0.318522027110
        0.330467879245         0.155119122043         0.321620760923
        0.331284873352         0.154682405909         0.320542522482
        0.332184400799         0.153123938439         0.316695004104
        0.331960894141         0.152525542372         0.315218084706
        0.330898834556         0.153704503011         0.318129676390
        0.330412038543         0.155099776401         0.321574310824
        0.331165113734         0.154834763594         0.320919843702
        0.332168414596         0.153236209305         0.316973624468
        0.332075915184         0.152434689558         0.314995670011
        0.330987081355         0.153530422369         0.317702260197
        0.330346074862         0.155087079447         0.321545358050
        0.331030660216         0.155009369115         0.321353118409
        0.332154033469         0.153356373164         0.317272869762
        0.332210113412         0.152322059474         0.314720833306
        0.331087245517         0.153330265460         0.317212045313
        0.330265271323         0.155081133665         0.321534692972
        0.330871062571         0.155219443727         0.321875463230
        0.332139813893         0.153492596257         0.317613504724
        0.332375064150         0.152176766626         0.314367531818
        0.331208991267         0.153086424022         0.316616632154
        0.330162065423         0.155082860912         0.321545722409
        0.330669071606         0.155486636072         0.322541307849
        0.332123113606         0.153657623980         0.318028264712
        0.332590641855         0.151979410119         0.313889688551
        0.331369757032         0.152768308423         0.315842900619
        0.330023215212         0.155094599923         0.321586810783
        0.330392324173         0.155850578803         0.323450684071
        0.332097798753         0.153874261978         0.318576334363
        0.332895444421         0.151691319330         0.313196418277
        0.331606342249         0.152315180660         0.314746971906
        0.329822823841         0.155121781216         0.321678348016
        0.329969911133         0.156394456502         0.324814931853
        0.332045784054         0.154190372256         0.319381763197
        0.333377491917         0.151220982688         0.312080312952
        0.332016102182         0.151584641174         0.312988802854
        0.329497821306         0.155176565760         0.321882640241
        0.329215314513         0.157329318559         0.327183624238
        0.331880578144         0.154744834419         0.320731003636
        0.334302790299         0.150238816634         0.310042403965
        0.333004531193         0.150240338716         0.309275964651
        0.328664437748         0.155116292921         0.322859030408
        0.327902358530         0.159561977279         0.332215413673
        0.329773258073         0.156367706907         0.323024582241
        0.339228551933         0.145261097717         0.308846877798
        0.334495112361         0.151962839339         0.284595290740
        0.330085096687         0.141800376373         0.357594804316
        0.306669438085         0.194726119528         0.303812078537
        0.328901526050         0.142174511735         0.442676245664
