        0.518608058465         0.597728991608         0.917474561175
        0.474192149854         0.170398640335         0.211118537176
        0.476884833455         0.588952814018         0.875118144194
        0.475871581629         0.166791723026         0.212697598777
        0.472944539028         0.609562333895         0.871993738945
        0.459434552667         0.160996227112         0.224993734113
        0.461604839691         0.632463309763         0.868174580389
        0.452575821375         0.156097597511         0.237292619080
        0.454693561703         0.642582795254         0.866165375868
        0.457110264634         0.155373426016         0.239450551339
        0.457060349166         0.636095443965         0.866910574987
        0.464563422925         0.157856414037         0.233372102449
        0.463400375667         0.624647582399         0.868684100928
        0.466488720008         0.159998587533         0.227934271100
        0.465947940177         0.621342471038         0.869331179690
        0.462287016722         0.159615931210         0.228790502134
        0.462778696819         0.627772694130         0.868423179209
        0.457898277321         0.157709428032         0.233598287158
        0.458534642616         0.634884326208         0.867258657756
        0.458232647084         0.156738573642         0.236261566326
        0.458191259008         0.634559252787         0.867108667602
        0.462098068007         0.157714197312         0.234243580805
        0.461536905978         0.628234083640         0.867826546492
        0.464531914274         0.159336900247         0.230762146373
        0.464182785796         0.623839201112         0.868227749399
        0.462915820790         0.159812341302         0.230331753450
        0.463092976092         0.625955188236         0.867529123993
        0.459636860285         0.159009610016         0.233524185892
        0.459908482626         0.630919346028         0.866097870122
        0.458747408282         0.158504620850         0.236893840427
        0.458557017823         0.631869241334         0.864788351913
        0.461079644059         0.159638415829         0.237494798905
        0.460449552281         0.627038725147         0.863848436517
        0.463585166869         0.161953163019         0.236298498028
        0.463018393628         0.621383466208         0.862665946355
        0.463273433197         0.163888606957         0.236761058978
        0.463035685028         0.620083797897         0.860458348658
        0.460753624626         0.164866049215         0.240701200628
        0.460498253613         0.622155081356         0.856998502515
        0.459244199823         0.166149157850         0.246496891226
        0.458469664599         0.621816275821         0.852600663803
        0.460537185826         0.169381052000         0.251432100249
        0.459268253540         0.615725010399         0.847605938362
        0.462940859154         0.174513002881         0.255017181903
        0.461688265568         0.606987716213         0.842006598632
        0.463539691626         0.179844439949         0.259465034115
        0.462542707883         0.600948381388         0.835372802495
        0.461772415636         0.184393285467         0.267131815366
        0.460569219216         0.598236802787         0.827076061620
        0.459965250656         0.189497536044         0.278061351326
        0.457956684458         0.593810438772         0.816649218758
        0.460350819388         0.197411216540         0.290363129263
        0.457676474270         0.583336891337         0.804144521332
        0.462392824632         0.208355664863         0.302526077944
        0.459846482218         0.568827811336         0.790224447484
        0.463643729589         0.219911634573         0.315027296388
        0.461537622694         0.555916572183         0.775405175860
        0.462784217200         0.230268732226         0.329857533153
        0.460308227319         0.546356721402         0.759154249206
        0.461066086218         0.241100436879         0.348522448223
        0.457235482765         0.535453203290         0.740105522782
        0.460603735937         0.255894829804         0.370689445151
        0.455738927511         0.518020940907         0.717437191438
        0.461839710296         0.275333323283         0.394529905032
        0.457464292905         0.495589689221         0.692235359358
        0.463319929565         0.295523189220         0.418321389860
        0.460140708713         0.474606074730         0.666592873871
        0.463569149147         0.312813184972         0.442387750532
        0.460157124452         0.457823652479         0.641016823385
        0.462570493789         0.329236555650         0.468993538561
        0.456964657047         0.440468426356         0.613632845250
        0.461468423516         0.350516991171         0.499973056331
        0.454036937359         0.416271268505         0.582184828849
        0.461234615569         0.378537638053         0.534399362788
        0.454912173557         0.386648864502         0.547280320434
        0.462086248255         0.407177109921         0.568511766793
        0.458758869436         0.359685841608         0.512611320112
        0.463550072868         0.429153556049         0.599628032706
        0.460935552480         0.339290552450         0.480757361037
        0.464377330586         0.446497463851         0.629427750885
        0.458345055016         0.320147874041         0.450598505896
        0.463319689179         0.468811505299         0.661830571752
        0.453591329653         0.294330403052         0.418743251968
        0.460629184167         0.500956118028         0.698277147613
        0.452620404206         0.263022798622         0.383795758729
        0.458967485170         0.534022788969         0.734356017279
        0.457745565584         0.237095499693         0.349300097148
        0.461509323357         0.553586544793         0.763975942392
        0.464015724746         0.221935008890         0.319515757973
        0.466917265880         0.560205345993         0.786903985415
        0.463713528260         0.210954802383         0.296262973911
        0.468483815723         0.571016622027         0.807431929555
        0.455304576232         0.193714740072         0.279401651658
        0.460514220789         0.599816042141         0.829127105629
        0.447528742950         0.169665137741         0.266207145565
        0.446517372660         0.637320806451         0.849232807749
        0.453075308835         0.154685559346         0.253428450693
        0.445441140119         0.651962238910         0.861531952016
        0.468918535504         0.154586401505         0.229398136266
        0.581314490036         0.645651700115         0.873332010915
