        0.517185737602         0.579464941639         0.921412933297
        0.460102428612         0.180857191635         0.166412443718
        0.467915238737         0.557967880041         0.881314456067
        0.446975565290         0.173057396162         0.176247315339
        0.447693516222         0.606406175989         0.876409813664
        0.432615754511         0.164002968136         0.196385628810
        0.436632566652         0.624610116482         0.873328620711
        0.446202021761         0.163887860548         0.196616258859
        0.446444162806         0.604034185957         0.874734590771
        0.453196738544         0.167831864958         0.187158809467
        0.451558139713         0.595311618305         0.875782237138
        0.443832943636         0.167243868290         0.189123541896
        0.443705558984         0.610181126068         0.874283353100
        0.440687090800         0.164961544477         0.195746082532
        0.441427433918         0.613494730882         0.873133715582
        0.448142108833         0.166412495976         0.193856191615
        0.447936744292         0.600792778792         0.873274480543
        0.449055729432         0.168667866327         0.190551025298
        0.448283142703         0.599577072151         0.872388090936
        0.442960706991         0.168174394195         0.194738622854
        0.442690867915         0.608579463923         0.870029721111
        0.443569337194         0.168175970366         0.199311237334
        0.443499732920         0.605398750061         0.867841835977
        0.448593714547         0.171046464416         0.198632908525
        0.447997217374         0.595405511377         0.865651023021
        0.447035670136         0.173540753982         0.199969337304
        0.446064774457         0.596471174459         0.861975005500
        0.443122540270         0.174571615628         0.206854292289
        0.442237765790         0.599892659773         0.856961790783
        0.445449883982         0.177573646139         0.212606609206
        0.444586721762         0.591677922482         0.851472414971
        0.448500011492         0.182741503040         0.215820221846
        0.447253135165         0.582611930697         0.844992305315
        0.445896398989         0.186956553169         0.222908211162
        0.444112258747         0.582547524554         0.836678244395
        0.443882952109         0.191280435785         0.234104704886
        0.441932009995         0.579128541745         0.826744899767
        0.446795936084         0.198631526138         0.243992981144
        0.444970548784         0.566210949365         0.815510500871
        0.448166789201         0.207075562353         0.253707880324
        0.445908234336         0.556508558963         0.802619202260
        0.445468147631         0.214545715262         0.268094407563
        0.442279490537         0.552255708588         0.787696919312
        0.444953463825         0.224087661205         0.285471320252
        0.441658060175         0.540959657536         0.770709610300
        0.447645522671         0.236832727569         0.302044038115
        0.444813230565         0.523797264047         0.751786146873
        0.447847532446         0.249058310667         0.320080624373
        0.444199494643         0.511985799568         0.731123520652
        0.445639471744         0.261140971646         0.342605771426
        0.440664925435         0.501303678289         0.708586650189
        0.445943984891         0.277175806877         0.367140728456
        0.441516201123         0.482570780724         0.683749083521
        0.448021282815         0.294925269824         0.391320872735
        0.444403282924         0.462495013577         0.656987033166
        0.447762786526         0.310363397986         0.417431545952
        0.442478018631         0.447766675454         0.629270211066
        0.446087406749         0.327625024821         0.446957728156
        0.439529634013         0.430388244017         0.600365120747
        0.446434389229         0.349550263803         0.477417165011
        0.441791251889         0.406972673685         0.569389920353
        0.448108047732         0.369648281892         0.507331586203
        0.444126829429         0.386359622011         0.537395552115
        0.447984377739         0.386579735116         0.538401196797
        0.441105740446         0.369205469546         0.506188195434
        0.446246603861         0.408241807005         0.571176752662
        0.439192534122         0.347634361068         0.474945170876
        0.446214509102         0.432728665039         0.603563180118
        0.442842119951         0.324328752966         0.442226732735
        0.448285810671         0.450502527346         0.634445932403
        0.444282794138         0.306128954892         0.410220376132
        0.448300616973         0.466704922517         0.664885848576
        0.440263249519         0.288606165972         0.381501989104
        0.445490962972         0.490494993869         0.695126734719
        0.439898027429         0.267670571726         0.353800772442
        0.445527602887         0.511791694264         0.723621557511
        0.444927227857         0.249695028293         0.324959342585
        0.449042462380         0.522152216805         0.749397489958
        0.444806150725         0.236434740927         0.299122737577
        0.448191714353         0.536240734020         0.773053757188
        0.439718528248         0.221483430637         0.279356820501
        0.443362251708         0.559188407786         0.795027671862
        0.441755359634         0.206295860281         0.260312963604
        0.445183805953         0.570735391967         0.814577287625
        0.448159323938         0.197061387919         0.239238944557
        0.451027047816         0.570301946869         0.830738544061
        0.444962612610         0.189700868556         0.224237643714
        0.446775386630         0.583700602118         0.843526959595
        0.438491544945         0.179375575653         0.218038988509
        0.439094432572         0.604329771273         0.854261635438
        0.445237834549         0.172838507555         0.208576958397
        0.447108302470         0.599485234943         0.863751185890
        0.453473100747         0.172946708379         0.193487687718
        0.457419975800         0.586009151251         0.870003824826
        0.441773182720         0.169683789983         0.191731023837
        0.440454016416         0.609259524773         0.870785794117
        0.430561933505         0.160674388784         0.205715891289
        0.420657758295         0.643697504877         0.869738160972
        0.445374478677         0.156741212680         0.199655401687
        0.564333318460         0.643400132369         0.875562928007
