        0.515916986293         0.546906282869         0.927288392211
        0.424952270748         0.191233775519         0.108964335660
        0.436795633127         0.515875364170         0.890250189354
        0.393616460060         0.185514248739         0.131982558228
        0.407360282491         0.575621341256         0.887855696195
        0.425611564790         0.182463384896         0.135564092253
        0.425778139381         0.531138523315         0.884554702510
        0.417664766609         0.185781665379         0.131073858179
        0.411992516465         0.554291239682         0.883052979572
        0.413897996727         0.186456147729         0.142198744157
        0.418021121012         0.544694917509         0.876043130817
        0.423701188723         0.190146167759         0.142955935147
        0.417952795523         0.534856974278         0.868538044926
        0.413105132760         0.193912819537         0.154607352983
        0.412613748286         0.543396557290         0.858612206303
        0.421969528158         0.199697126067         0.165149219926
        0.419507160197         0.521924470665         0.844358219377
        0.417401733530         0.206381607247         0.177966151382
        0.412171686580         0.526627795300         0.829263701531
        0.418159307232         0.214584452492         0.197206019029
        0.416552354916         0.510531771374         0.809593101704
        0.421155100248         0.224787095374         0.214557696882
        0.414736051914         0.500909961770         0.787821396519
        0.416842471067         0.234779679200         0.239096398791
        0.412702644250         0.493242717838         0.763665601307
        0.421456047255         0.248696357179         0.263539597478
        0.416328572858         0.473095673175         0.735852131501
        0.418654764336         0.260460886413         0.291086298726
        0.411495659846         0.466456086690         0.707229506337
        0.419621385095         0.276515689078         0.321989244248
        0.414982099811         0.445470734150         0.675576180511
        0.420848509647         0.291331978409         0.352396090700
        0.413138202516         0.432569069806         0.642721129937
        0.418685815712         0.306815966594         0.386712025729
        0.412333318608         0.416271303958         0.609266263352
        0.420997095654         0.325482219967         0.420265986837
        0.414926302728         0.396836522533         0.573867506251
        0.419681305954         0.339291095783         0.455080414503
        0.411358868979         0.383763229977         0.539537852863
        0.419605412464         0.359664601005         0.490589291321
        0.414598344684         0.362944869341         0.504370575536
        0.420877994953         0.373837101095         0.524579268655
        0.412958474589         0.349102352645         0.469793863846
        0.418908681845         0.391401050016         0.559450762092
        0.412794385666         0.331552120411         0.437003664538
        0.420410714273         0.408664488542         0.592205757120
        0.415159031364         0.315573380233         0.403790328830
        0.419789021083         0.420683722442         0.624084003032
        0.412035555645         0.302040553343         0.373863696860
        0.418736364526         0.440137004074         0.654759426392
        0.415578237669         0.285969149229         0.344403993674
        0.420739430737         0.448949383436         0.682713983704
        0.413652950401         0.274601237369         0.317049634652
        0.417944204339         0.465317637814         0.709814352802
        0.414161619903         0.261121381410         0.292829452106
        0.419958725970         0.476157547317         0.733987805312
        0.416243749927         0.250480670921         0.268608383141
        0.418998755865         0.484642493792         0.756321639876
        0.413134421932         0.240515856872         0.249081933225
        0.417796136366         0.499442883226         0.776831669292
        0.417280304055         0.230820895822         0.229607549569
        0.420412908314         0.501393225677         0.794359860384
        0.414378710063         0.223577837791         0.213122985568
        0.416514609571         0.515433749091         0.810839837351
        0.415958798415         0.215765475469         0.199429604356
        0.419957294451         0.518009703892         0.824468921188
        0.417217901851         0.210162210088         0.185280688277
        0.417649162567         0.524064452847         0.836592770435
        0.414154882900         0.204631697265         0.176287292431
        0.417398941953         0.533044969287         0.847234614004
        0.418999634148         0.200194452862         0.165544501803
        0.420014351254         0.529557561985         0.855440130825
        0.414480834195         0.196588742471         0.158596142486
        0.415124525146         0.542330873210         0.863352504509
        0.417863867161         0.193278207365         0.152663843977
        0.420665520739         0.536898780846         0.868882306171
        0.417436330401         0.191021697997         0.145861052818
        0.415832477003         0.543663801065         0.873902425676
        0.414897852462         0.188748182662         0.144227631240
        0.417960220716         0.546874227516         0.878044131268
        0.420518167102         0.187440659066         0.138241756143
        0.419531956291         0.540437594728         0.880411933955
        0.413492602977         0.185965745622         0.137871833689
        0.413723470403         0.554595084110         0.883602239550
        0.420276359830         0.185293858442         0.135278206488
        0.422774957400         0.540247384828         0.884540277438
        0.416326860774         0.184492725380         0.132603327058
        0.412424593226         0.553428611816         0.886140386610
        0.415607338763         0.183968951144         0.135114357671
        0.420846650002         0.549071124577         0.887460364218
        0.422511605382         0.184072051585         0.129090319786
        0.418414900448         0.541440118268         0.886746650825
        0.409574322774         0.182818716482         0.134951006275
        0.410116874289         0.565760406078         0.889005737428
        0.426870450608         0.184227123508         0.129137804318
        0.436938342273         0.528003021032         0.887849829024
        0.407578908572         0.179795799076         0.131125426498
        0.395169297070         0.583184651020         0.884520927780
        0.399454320476         0.166826933368         0.150112368484
        0.537673944575         0.629470841731         0.882520968016
