       -0.005682350288        -0.005601559938        -0.005644931701        -0.005606190311        -0.005631315304        -0.005614034998        -0.005623668184        -0.005621098238
        0.000402437445         0.000678272165         0.000461294097         0.000636984537         0.000490120020         0.000616802997         0.000500609327         0.000613497731
        0.000386488204         0.000383844352         0.000391267521         0.000388410421         0.000391324228         0.000390030171         0.000390439608         0.000391012002
       -0.000178013790        -0.000162394011        -0.000177886764        -0.000166327554        -0.000176893899        -0.000167420370        -0.000176643740        -0.000166918245
        0.000119814086         0.000117315477         0.000121358951         0.000119717938         0.000121052492         0.000120777027         0.000120263853         0.000121533262
       -0.000132855071        -0.000144262717        -0.000136699502        -0.000144180755        -0.000137714525        -0.000144106114        -0.000137367951        -0.000144574459
        0.000072878653         0.000077919763         0.000075675888         0.000077377196         0.000077012468         0.000076347431         0.000077999085         0.000074857568
       -0.000059676288        -0.000067657235        -0.000061685520        -0.000067584163        -0.000061975458        -0.000067771799        -0.000061145327        -0.000068431814
        0.000036325417         0.000039712417         0.000038287373         0.000038810400         0.000039490711         0.000037521974         0.000040569526         0.000035528011
       -0.000025613111        -0.000030473824        -0.000026447912        -0.000030534507        -0.000026266182        -0.000030834983        -0.000025173961        -0.000031412374
        0.000016519441         0.000017908493         0.000017650436         0.000017145634         0.000018456214         0.000015992280         0.000019219936         0.000014051540
       -0.000010639709        -0.000013406351        -0.000010864502        -0.000013526471        -0.000010466044        -0.000013781720        -0.000009335730        -0.000014011391
        0.000007286494         0.000007572293         0.000007895224         0.000006986419         0.000008366686         0.000006020960         0.000008726383         0.000004212815
       -0.000004316814        -0.000005884771        -0.000004272999        -0.000005989476        -0.000003814488        -0.000006093978        -0.000002725366        -0.000006519467
        0.000003212390         0.000003040480         0.000003525428         0.000002586129         0.000003741250         0.000001773274         0.000004118841         0.000000900802
       -0.000001705170        -0.000002615613        -0.000001560609        -0.000002658526        -0.000001114893        -0.000002847860        -0.000000556205
        0.000001440264         0.000001130891         0.000001581161         0.000000768846         0.000001770316         0.000000368747
       -0.000000633847        -0.000001175799        -0.000000466366        -0.000001258778        -0.000000229108
        0.000000654894         0.000000344571         0.000000757730         0.000000163888
       -0.000000195443        -0.000000565424        -0.000000100097
        0.000000318210         0.000000076347
       -0.000000043700
