       -0.004078321859        -0.004078321112        -0.004078320465        -0.004078319906        -0.004078319422        -0.004078319003        -0.004078318639        -0.004078318323        -0.004078318050        -0.004078317812        -0.004078317606        -0.004078317426        -0.004078317271        -0.004078317135        -0.004078317018        -0.004078316916        -0.004078316827        -0.004078316749        -0.004078316682        -0.004078316623        -0.004078316572        -0.004078316527        -0.004078316488        -0.004078316454        -0.004078316424        -0.004078316398        -0.004078316376        -0.004078316356        -0.004078316338        -0.004078316323        -0.004078316310        -0.004078316298        -0.004078316288        -0.004078316279        -0.004078316271        -0.004078316264        -0.004078316258        -0.004078316253        -0.004078316248        -0.004078316244        -0.004078316240        -0.004078316237        -0.004078316234        -0.004078316232        -0.004078316229        -0.004078316228        -0.004078316226        -0.004078316225        -0.004078316224        -0.004078316223        -0.004078316223
        0.001595477367         0.001595477474         0.001595477562         0.001595477636         0.001595477695         0.001595477743         0.001595477783         0.001595477815         0.001595477842         0.001595477863         0.001595477880         0.001595477894         0.001595477905         0.001595477914         0.001595477921         0.001595477926         0.001595477930         0.001595477933         0.001595477936         0.001595477937         0.001595477938         0.001595477939         0.001595477939         0.001595477939         0.001595477939         0.001595477939         0.001595477938         0.001595477938         0.001595477937         0.001595477937         0.001595477936         0.001595477935         0.001595477934         0.001595477934         0.001595477933         0.001595477932         0.001595477932         0.001595477931         0.001595477930         0.001595477930         0.001595477929         0.001595477929         0.001595477928         0.001595477928         0.001595477927         0.001595477927         0.001595477926         0.001595477926         0.001595477925         0.001595477925         0.001595477925
       -0.000814467498        -0.000814467621        -0.000814467747        -0.000814467858        -0.000814467950        -0.000814468029        -0.000814468096        -0.000814468153        -0.000814468201        -0.000814468242        -0.000814468276        -0.000814468306        -0.000814468331        -0.000814468352        -0.000814468371        -0.000814468386        -0.000814468400        -0.000814468411        -0.000814468421        -0.000814468429        -0.000814468436        -0.000814468442        -0.000814468447        -0.000814468452        -0.000814468455        -0.000814468459        -0.000814468461        -0.000814468464        -0.000814468466        -0.000814468468        -0.000814468469        -0.000814468471        -0.000814468472        -0.000814468473        -0.000814468474        -0.000814468474        -0.000814468475        -0.000814468476        -0.000814468476        -0.000814468476        -0.000814468477        -0.000814468478        -0.000814468478        -0.000814468478        -0.000814468478        -0.000814468478        -0.000814468478        -0.000814468479        -0.000814468479        -0.000814468479        -0.000814468479
        0.000444639625         0.000444639956         0.000444640206         0.000444640419         0.000444640598         0.000444640752         0.000444640882         0.000444640993         0.000444641087         0.000444641167         0.000444641235         0.000444641293         0.000444641342         0.000444641384         0.000444641420         0.000444641451         0.000444641477         0.000444641499         0.000444641518         0.000444641534         0.000444641548         0.000444641560         0.000444641570         0.000444641578         0.000444641586         0.000444641592         0.000444641597         0.000444641602         0.000444641606         0.000444641609         0.000444641612         0.000444641615         0.000444641617         0.000444641619         0.000444641620         0.000444641621         0.000444641623         0.000444641624         0.000444641625         0.000444641625         0.000444641626         0.000444641626         0.000444641627         0.000444641627         0.000444641628         0.000444641628         0.000444641628         0.000444641628         0.000444641628         0.000444641628         0.000444641628
       -0.000241721302        -0.000241721708        -0.000241722070        -0.000241722378        -0.000241722642        -0.000241722869        -0.000241723064        -0.000241723231        -0.000241723375        -0.000241723498        -0.000241723605        -0.000241723696        -0.000241723775        -0.000241723843        -0.000241723901        -0.000241723952        -0.000241723995        -0.000241724033        -0.000241724065        -0.000241724093        -0.000241724117        -0.000241724138        -0.000241724156        -0.000241724171        -0.000241724185        -0.000241724197        -0.000241724207        -0.000241724216        -0.000241724224        -0.000241724230        -0.000241724236        -0.000241724241        -0.000241724245        -0.000241724249        -0.000241724252        -0.000241724255        -0.000241724258        -0.000241724260        -0.000241724262        -0.000241724264        -0.000241724265        -0.000241724265        -0.000241724267        -0.000241724267        -0.000241724268        -0.000241724268        -0.000241724269        -0.000241724269        -0.000241724269        -0.000241724268        -0.000241724268
        0.000127382713         0.000127383490         0.000127384192         0.000127384806         0.000127385344         0.000127385817         0.000127386231         0.000127386595         0.000127386914         0.000127387194         0.000127387440         0.000127387655         0.000127387844         0.000127388010         0.000127388156         0.000127388284         0.000127388396         0.000127388495         0.000127388582         0.000127388658         0.000127388725         0.000127388784         0.000127388835         0.000127388880         0.000127388920         0.000127388955         0.000127388985         0.000127389012         0.000127389035         0.000127389056         0.000127389074         0.000127389090         0.000127389104         0.000127389116         0.000127389127         0.000127389136         0.000127389144         0.000127389150         0.000127389157         0.000127389162         0.000127389166         0.000127389170         0.000127389173         0.000127389175         0.000127389177         0.000127389178         0.000127389179         0.000127389179         0.000127389179         0.000127389179         0.000127389177
       -0.000062667439        -0.000062667831        -0.000062668176        -0.000062668466        -0.000062668710        -0.000062668917        -0.000062669092        -0.000062669239        -0.000062669364        -0.000062669469        -0.000062669558        -0.000062669634        -0.000062669697        -0.000062669751        -0.000062669796        -0.000062669834        -0.000062669867        -0.000062669894        -0.000062669917        -0.000062669937        -0.000062669953        -0.000062669967        -0.000062669979        -0.000062669990        -0.000062669998        -0.000062670005        -0.000062670011        -0.000062670016        -0.000062670020        -0.000062670024        -0.000062670028        -0.000062670030        -0.000062670032        -0.000062670034        -0.000062670036        -0.000062670038        -0.000062670039        -0.000062670040        -0.000062670040        -0.000062670041        -0.000062670042        -0.000062670042        -0.000062670043        -0.000062670043        -0.000062670043        -0.000062670043        -0.000062670044        -0.000062670044        -0.000062670043        -0.000062670043        -0.000062670043
        0.000026705243         0.000026705566         0.000026705840         0.000026706065         0.000026706249         0.000026706400         0.000026706523         0.000026706624         0.000026706706         0.000026706772         0.000026706826         0.000026706869         0.000026706904         0.000026706932         0.000026706953         0.000026706970         0.000026706983         0.000026706994         0.000026707002         0.000026707008         0.000026707012         0.000026707015         0.000026707017         0.000026707019         0.000026707020         0.000026707020         0.000026707020         0.000026707019         0.000026707020         0.000026707018         0.000026707018         0.000026707017         0.000026707017         0.000026707016         0.000026707015         0.000026707015         0.000026707014         0.000026707014         0.000026707014         0.000026707012         0.000026707013         0.000026707012         0.000026707012         0.000026707012         0.000026707012         0.000026707012         0.000026707012         0.000026707011         0.000026707012         0.000026707012         0.000026707012
       -0.000007238380        -0.000007239022        -0.000007239579        -0.000007240058        -0.000007240471        -0.000007240826        -0.000007241133        -0.000007241398        -0.000007241626        -0.000007241823        -0.000007241993        -0.000007242140        -0.000007242268        -0.000007242377        -0.000007242472        -0.000007242555        -0.000007242626        -0.000007242688        -0.000007242741        -0.000007242788        -0.000007242828        -0.000007242863        -0.000007242893        -0.000007242919        -0.000007242942        -0.000007242961        -0.000007242979        -0.000007242994        -0.000007243007        -0.000007243017        -0.000007243027        -0.000007243036        -0.000007243043        -0.000007243049        -0.000007243054        -0.000007243059        -0.000007243063        -0.000007243067        -0.000007243070        -0.000007243071        -0.000007243074        -0.000007243075        -0.000007243077        -0.000007243077        -0.000007243078        -0.000007243078        -0.000007243078        -0.000007243077        -0.000007243076        -0.000007243075        -0.000007243073
       -0.000002814145        -0.000002813457        -0.000002812860        -0.000002812344        -0.000002811900        -0.000002811516        -0.000002811184        -0.000002810897        -0.000002810648        -0.000002810433        -0.000002810246        -0.000002810085        -0.000002809946        -0.000002809824        -0.000002809719        -0.000002809628        -0.000002809549        -0.000002809480        -0.000002809421        -0.000002809369        -0.000002809324        -0.000002809285        -0.000002809251        -0.000002809222        -0.000002809196        -0.000002809173        -0.000002809154        -0.000002809137        -0.000002809123        -0.000002809110        -0.000002809099        -0.000002809089        -0.000002809081        -0.000002809074        -0.000002809068        -0.000002809062        -0.000002809058        -0.000002809054        -0.000002809051        -0.000002809049        -0.000002809046        -0.000002809045        -0.000002809043        -0.000002809043        -0.000002809042        -0.000002809042        -0.000002809043        -0.000002809044        -0.000002809045        -0.000002809047        -0.000002809049
        0.000007618120         0.000007617664         0.000007617279         0.000007616954         0.000007616682         0.000007616451         0.000007616257         0.000007616094         0.000007615956         0.000007615840         0.000007615742         0.000007615660         0.000007615590         0.000007615532         0.000007615483         0.000007615441         0.000007615406         0.000007615378         0.000007615353         0.000007615332         0.000007615314         0.000007615300         0.000007615287         0.000007615277         0.000007615268         0.000007615261         0.000007615254         0.000007615249         0.000007615245         0.000007615241         0.000007615238         0.000007615236         0.000007615234         0.000007615232         0.000007615230         0.000007615229         0.000007615227         0.000007615227         0.000007615226         0.000007615226         0.000007615226         0.000007615225         0.000007615225         0.000007615225         0.000007615225         0.000007615225         0.000007615225         0.000007615226         0.000007615226         0.000007615226         0.000007615227
       -0.000009575954        -0.000009575667        -0.000009575435        -0.000009575249        -0.000009575099        -0.000009574980        -0.000009574886        -0.000009574811        -0.000009574753        -0.000009574709        -0.000009574675        -0.000009574649        -0.000009574630        -0.000009574617        -0.000009574608        -0.000009574603        -0.000009574600        -0.000009574599        -0.000009574599        -0.000009574600        -0.000009574603        -0.000009574605        -0.000009574608        -0.000009574612        -0.000009574615        -0.000009574618        -0.000009574621        -0.000009574625        -0.000009574628        -0.000009574630        -0.000009574633        -0.000009574635        -0.000009574638        -0.000009574640        -0.000009574641        -0.000009574643        -0.000009574644        -0.000009574645        -0.000009574646        -0.000009574648        -0.000009574648        -0.000009574649        -0.000009574649        -0.000009574649        -0.000009574649        -0.000009574649        -0.000009574649        -0.000009574649        -0.000009574648        -0.000009574647        -0.000009574647
        0.000010057901         0.000010057552         0.000010057264         0.000010057026         0.000010056831         0.000010056671         0.000010056540         0.000010056433         0.000010056346         0.000010056275         0.000010056217         0.000010056171         0.000010056134         0.000010056104         0.000010056080         0.000010056061         0.000010056046         0.000010056035         0.000010056026         0.000010056019         0.000010056014         0.000010056011         0.000010056008         0.000010056006         0.000010056005         0.000010056004         0.000010056004         0.000010056004         0.000010056005         0.000010056005         0.000010056005         0.000010056006         0.000010056007         0.000010056007         0.000010056008         0.000010056008         0.000010056008         0.000010056009         0.000010056009         0.000010056010         0.000010056010         0.000010056010         0.000010056010         0.000010056010         0.000010056011         0.000010056011         0.000010056010         0.000010056010         0.000010056010         0.000010056010         0.000010056010
       -0.000009823819        -0.000009823256        -0.000009822776        -0.000009822366        -0.000009822015        -0.000009821715        -0.000009821459        -0.000009821240        -0.000009821053        -0.000009820892        -0.000009820754        -0.000009820637        -0.000009820536        -0.000009820449        -0.000009820375        -0.000009820311        -0.000009820257        -0.000009820210        -0.000009820170        -0.000009820135        -0.000009820105        -0.000009820080        -0.000009820058        -0.000009820039        -0.000009820022        -0.000009820008        -0.000009819996        -0.000009819986        -0.000009819977        -0.000009819969        -0.000009819963        -0.000009819957        -0.000009819952        -0.000009819948        -0.000009819945        -0.000009819942        -0.000009819939        -0.000009819937        -0.000009819936        -0.000009819935        -0.000009819934        -0.000009819933        -0.000009819933        -0.000009819933        -0.000009819933        -0.000009819934        -0.000009819935        -0.000009819936        -0.000009819938        -0.000009819940        -0.000009819943
        0.000009281799         0.000009281036         0.000009280375         0.000009279802         0.000009279305         0.000009278874         0.000009278499         0.000009278174         0.000009277892         0.000009277647         0.000009277433         0.000009277248         0.000009277087         0.000009276947         0.000009276825         0.000009276719         0.000009276626         0.000009276546         0.000009276476         0.000009276415         0.000009276362         0.000009276315         0.000009276275         0.000009276239         0.000009276209         0.000009276182         0.000009276159         0.000009276139         0.000009276121         0.000009276106         0.000009276093         0.000009276081         0.000009276071         0.000009276063         0.000009276056         0.000009276050         0.000009276045         0.000009276041         0.000009276037         0.000009276035         0.000009276033         0.000009276032         0.000009276032         0.000009276032         0.000009276033         0.000009276035         0.000009276038         0.000009276041         0.000009276045         0.000009276051         0.000009276057
       -0.000008640496        -0.000008639652        -0.000008638918        -0.000008638278        -0.000008637721        -0.000008637235        -0.000008636812        -0.000008636442        -0.000008636121        -0.000008635840        -0.000008635595        -0.000008635381        -0.000008635194        -0.000008635031        -0.000008634889        -0.000008634765        -0.000008634656        -0.000008634561        -0.000008634478        -0.000008634406        -0.000008634342        -0.000008634287        -0.000008634239        -0.000008634197        -0.000008634160        -0.000008634128        -0.000008634100        -0.000008634075        -0.000008634054        -0.000008634036        -0.000008634020        -0.000008634006        -0.000008633994        -0.000008633984        -0.000008633975        -0.000008633968        -0.000008633962        -0.000008633957        -0.000008633953        -0.000008633951        -0.000008633949        -0.000008633948        -0.000008633948        -0.000008633949        -0.000008633951        -0.000008633954        -0.000008633957        -0.000008633962        -0.000008633968        -0.000008633976        -0.000008633984
        0.000007999116         0.000007998326         0.000007997639         0.000007997040         0.000007996519         0.000007996066         0.000007995671         0.000007995327         0.000007995027         0.000007994766         0.000007994538         0.000007994339         0.000007994166         0.000007994014         0.000007993883         0.000007993767         0.000007993667         0.000007993579         0.000007993502         0.000007993435         0.000007993377         0.000007993326         0.000007993282         0.000007993243         0.000007993209         0.000007993179         0.000007993153         0.000007993131         0.000007993112         0.000007993095         0.000007993080         0.000007993068         0.000007993057         0.000007993048         0.000007993040         0.000007993033         0.000007993028         0.000007993024         0.000007993021         0.000007993018         0.000007993017         0.000007993017         0.000007993017         0.000007993018         0.000007993021         0.000007993024         0.000007993028         0.000007993033         0.000007993040         0.000007993048         0.000007993057
       -0.000007399041        -0.000007398391        -0.000007397829        -0.000007397342        -0.000007396920        -0.000007396554        -0.000007396238        -0.000007395963        -0.000007395725        -0.000007395519        -0.000007395339        -0.000007395184        -0.000007395049        -0.000007394931        -0.000007394830        -0.000007394741        -0.000007394664        -0.000007394597        -0.000007394539        -0.000007394488        -0.000007394444        -0.000007394406        -0.000007394373        -0.000007394343        -0.000007394318        -0.000007394296        -0.000007394278        -0.000007394261        -0.000007394247        -0.000007394234        -0.000007394224        -0.000007394215        -0.000007394207        -0.000007394200        -0.000007394195        -0.000007394190        -0.000007394187        -0.000007394184        -0.000007394182        -0.000007394180        -0.000007394180        -0.000007394180        -0.000007394181        -0.000007394182        -0.000007394184        -0.000007394187        -0.000007394191        -0.000007394195        -0.000007394201        -0.000007394207        -0.000007394215
        0.000006852838         0.000006852350         0.000006851932         0.000006851574         0.000006851267         0.000006851004         0.000006850778         0.000006850585         0.000006850419         0.000006850276         0.000006850153         0.000006850048         0.000006849958         0.000006849880         0.000006849813         0.000006849755         0.000006849706         0.000006849663         0.000006849626         0.000006849594         0.000006849567         0.000006849544         0.000006849523         0.000006849506         0.000006849491         0.000006849478         0.000006849467         0.000006849457         0.000006849449         0.000006849442         0.000006849436         0.000006849431         0.000006849426         0.000006849423         0.000006849420         0.000006849417         0.000006849415         0.000006849414         0.000006849413         0.000006849412         0.000006849412         0.000006849412         0.000006849413         0.000006849414         0.000006849416         0.000006849418         0.000006849420         0.000006849423         0.000006849427         0.000006849431         0.000006849436
       -0.000006359958        -0.000006359604        -0.000006359306        -0.000006359054        -0.000006358841        -0.000006358662        -0.000006358511        -0.000006358384        -0.000006358277        -0.000006358186        -0.000006358110        -0.000006358046        -0.000006357992        -0.000006357946        -0.000006357908        -0.000006357875        -0.000006357848        -0.000006357825        -0.000006357806        -0.000006357789        -0.000006357775        -0.000006357764        -0.000006357754        -0.000006357746        -0.000006357739        -0.000006357733        -0.000006357728        -0.000006357724        -0.000006357721        -0.000006357718        -0.000006357716        -0.000006357714        -0.000006357712        -0.000006357711        -0.000006357710        -0.000006357709        -0.000006357708        -0.000006357708        -0.000006357707        -0.000006357707        -0.000006357707        -0.000006357708        -0.000006357708        -0.000006357708        -0.000006357709        -0.000006357710        -0.000006357711        -0.000006357713        -0.000006357714        -0.000006357716        -0.000006357719
        0.000005914853         0.000005914579         0.000005914352         0.000005914163         0.000005914007         0.000005913877         0.000005913770         0.000005913682         0.000005913609         0.000005913549         0.000005913499         0.000005913459         0.000005913426         0.000005913398         0.000005913376         0.000005913358         0.000005913344         0.000005913332         0.000005913323         0.000005913315         0.000005913309         0.000005913304         0.000005913300         0.000005913297         0.000005913295         0.000005913293         0.000005913292         0.000005913291         0.000005913290         0.000005913290         0.000005913289         0.000005913289         0.000005913289         0.000005913289         0.000005913289         0.000005913289         0.000005913289         0.000005913289         0.000005913289         0.000005913289         0.000005913289         0.000005913289         0.000005913289         0.000005913289         0.000005913289         0.000005913289         0.000005913289         0.000005913290         0.000005913290         0.000005913290         0.000005913291
       -0.000005510859        -0.000005510610        -0.000005510404        -0.000005510233        -0.000005510093        -0.000005509977        -0.000005509882        -0.000005509803        -0.000005509739        -0.000005509687        -0.000005509644        -0.000005509609        -0.000005509581        -0.000005509559        -0.000005509540        -0.000005509525        -0.000005509514        -0.000005509504        -0.000005509497        -0.000005509491        -0.000005509487        -0.000005509483        -0.000005509480        -0.000005509479        -0.000005509477        -0.000005509476        -0.000005509475        -0.000005509475        -0.000005509474        -0.000005509474        -0.000005509474        -0.000005509474        -0.000005509474        -0.000005509474        -0.000005509475        -0.000005509475        -0.000005509475        -0.000005509475        -0.000005509475        -0.000005509475        -0.000005509475        -0.000005509475        -0.000005509475        -0.000005509475        -0.000005509475        -0.000005509475        -0.000005509475        -0.000005509475        -0.000005509475        -0.000005509476        -0.000005509476
        0.000005141850         0.000005141581         0.000005141356         0.000005141169         0.000005141012         0.000005140882         0.000005140773         0.000005140683         0.000005140608         0.000005140545         0.000005140493         0.000005140450         0.000005140414         0.000005140384         0.000005140360         0.000005140339         0.000005140323         0.000005140309         0.000005140297         0.000005140288         0.000005140280         0.000005140274         0.000005140269         0.000005140265         0.000005140261         0.000005140258         0.000005140256         0.000005140254         0.000005140253         0.000005140251         0.000005140251         0.000005140250         0.000005140249         0.000005140249         0.000005140248         0.000005140248         0.000005140248         0.000005140248         0.000005140248         0.000005140248         0.000005140248         0.000005140248         0.000005140249         0.000005140249         0.000005140250         0.000005140251         0.000005140251         0.000005140253         0.000005140254         0.000005140256         0.000005140258
       -0.000004802754        -0.000004802438        -0.000004802171        -0.000004801945        -0.000004801754        -0.000004801592        -0.000004801454        -0.000004801338        -0.000004801240        -0.000004801156        -0.000004801085        -0.000004801025        -0.000004800974        -0.000004800931        -0.000004800894        -0.000004800863        -0.000004800837        -0.000004800814        -0.000004800795        -0.000004800779        -0.000004800765        -0.000004800753        -0.000004800744        -0.000004800735        -0.000004800728        -0.000004800722        -0.000004800717        -0.000004800712        -0.000004800709        -0.000004800706        -0.000004800703        -0.000004800701        -0.000004800699        -0.000004800698        -0.000004800697        -0.000004800696        -0.000004800696        -0.000004800696        -0.000004800696        -0.000004800696        -0.000004800696        -0.000004800697        -0.000004800699        -0.000004800700        -0.000004800702        -0.000004800704        -0.000004800707        -0.000004800710        -0.000004800714        -0.000004800718        -0.000004800724
        0.000004489569         0.000004489197         0.000004488879         0.000004488607         0.000004488373         0.000004488173         0.000004488002         0.000004487855         0.000004487728         0.000004487620         0.000004487527         0.000004487446         0.000004487378         0.000004487318         0.000004487267         0.000004487224         0.000004487186         0.000004487153         0.000004487125         0.000004487101         0.000004487080         0.000004487062         0.000004487047         0.000004487034         0.000004487022         0.000004487012         0.000004487004         0.000004486997         0.000004486991         0.000004486985         0.000004486981         0.000004486978         0.000004486975         0.000004486972         0.000004486971         0.000004486969         0.000004486969         0.000004486969         0.000004486969         0.000004486970         0.000004486971         0.000004486973         0.000004486975         0.000004486978         0.000004486982         0.000004486987         0.000004486992         0.000004486998         0.000004487006         0.000004487015         0.000004487025
       -0.000004199188        -0.000004198763        -0.000004198397        -0.000004198080        -0.000004197807        -0.000004197571        -0.000004197367        -0.000004197191        -0.000004197038        -0.000004196906        -0.000004196792        -0.000004196693        -0.000004196607        -0.000004196532        -0.000004196468        -0.000004196412        -0.000004196363        -0.000004196321        -0.000004196285        -0.000004196253        -0.000004196226        -0.000004196202        -0.000004196181        -0.000004196163        -0.000004196148        -0.000004196134        -0.000004196123        -0.000004196113        -0.000004196105        -0.000004196098        -0.000004196092        -0.000004196087        -0.000004196083        -0.000004196080        -0.000004196078        -0.000004196076        -0.000004196076        -0.000004196076        -0.000004196077        -0.000004196078        -0.000004196081        -0.000004196084        -0.000004196088        -0.000004196093        -0.000004196099        -0.000004196106        -0.000004196115        -0.000004196125        -0.000004196137        -0.000004196150        -0.000004196166
        0.000003929183         0.000003928716         0.000003928311         0.000003927960         0.000003927655         0.000003927390         0.000003927160         0.000003926960         0.000003926786         0.000003926635         0.000003926504         0.000003926389         0.000003926290         0.000003926203         0.000003926127         0.000003926062         0.000003926004         0.000003925954         0.000003925911         0.000003925873         0.000003925840         0.000003925812         0.000003925787         0.000003925765         0.000003925747         0.000003925730         0.000003925716         0.000003925705         0.000003925694         0.000003925686         0.000003925679         0.000003925673         0.000003925668         0.000003925665         0.000003925663         0.000003925661         0.000003925661         0.000003925661         0.000003925663         0.000003925665         0.000003925669         0.000003925674         0.000003925680         0.000003925687         0.000003925696         0.000003925706         0.000003925719         0.000003925733         0.000003925749         0.000003925768         0.000003925790
       -0.000003677618        -0.000003677124        -0.000003676694        -0.000003676320        -0.000003675993        -0.000003675709        -0.000003675462        -0.000003675246        -0.000003675057        -0.000003674893        -0.000003674750        -0.000003674625        -0.000003674516        -0.000003674420        -0.000003674337        -0.000003674265        -0.000003674201        -0.000003674146        -0.000003674098        -0.000003674055        -0.000003674019        -0.000003673987        -0.000003673959        -0.000003673935        -0.000003673914        -0.000003673896        -0.000003673880        -0.000003673867        -0.000003673856        -0.000003673846        -0.000003673838        -0.000003673832        -0.000003673827        -0.000003673824        -0.000003673821        -0.000003673820        -0.000003673820        -0.000003673822        -0.000003673824        -0.000003673828        -0.000003673833        -0.000003673839        -0.000003673847        -0.000003673857        -0.000003673869        -0.000003673882        -0.000003673898        -0.000003673917        -0.000003673938        -0.000003673963        -0.000003673991
        0.000003442905         0.000003442399         0.000003441958         0.000003441572         0.000003441236         0.000003440942         0.000003440685         0.000003440461         0.000003440265         0.000003440094         0.000003439945         0.000003439814         0.000003439699         0.000003439599         0.000003439512         0.000003439435         0.000003439369         0.000003439310         0.000003439259         0.000003439215         0.000003439176         0.000003439142         0.000003439112         0.000003439087         0.000003439065         0.000003439046         0.000003439029         0.000003439015         0.000003439003         0.000003438993         0.000003438985         0.000003438979         0.000003438974         0.000003438971         0.000003438969         0.000003438968         0.000003438969         0.000003438971         0.000003438975         0.000003438980         0.000003438986         0.000003438995         0.000003439005         0.000003439017         0.000003439031         0.000003439048         0.000003439067         0.000003439090         0.000003439116         0.000003439146         0.000003439181
       -0.000003223701        -0.000003223196        -0.000003222756        -0.000003222370        -0.000003222033        -0.000003221738        -0.000003221481        -0.000003221255        -0.000003221058        -0.000003220885        -0.000003220734        -0.000003220602        -0.000003220486        -0.000003220384        -0.000003220296        -0.000003220218        -0.000003220150        -0.000003220091        -0.000003220039        -0.000003219994        -0.000003219954        -0.000003219920        -0.000003219890        -0.000003219864        -0.000003219841        -0.000003219822        -0.000003219805        -0.000003219791        -0.000003219779        -0.000003219770        -0.000003219762        -0.000003219756        -0.000003219751        -0.000003219748        -0.000003219747        -0.000003219747        -0.000003219749        -0.000003219752        -0.000003219756        -0.000003219763        -0.000003219771        -0.000003219781        -0.000003219793        -0.000003219807        -0.000003219824        -0.000003219844        -0.000003219867        -0.000003219893        -0.000003219924        -0.000003219959        -0.000003219999
        0.000003018839         0.000003018347         0.000003017916         0.000003017539         0.000003017209         0.000003016921         0.000003016668         0.000003016446         0.000003016252         0.000003016083         0.000003015934         0.000003015804         0.000003015690         0.000003015590         0.000003015502         0.000003015426         0.000003015359         0.000003015300         0.000003015249         0.000003015204         0.000003015165         0.000003015131         0.000003015102         0.000003015076         0.000003015054         0.000003015035         0.000003015019         0.000003015005         0.000003014994         0.000003014984         0.000003014977         0.000003014971         0.000003014967         0.000003014965         0.000003014964         0.000003014965         0.000003014968         0.000003014972         0.000003014978         0.000003014985         0.000003014995         0.000003015007         0.000003015021         0.000003015037         0.000003015057         0.000003015079         0.000003015105         0.000003015135         0.000003015170         0.000003015210         0.000003015255
       -0.000002827285        -0.000002826812        -0.000002826399        -0.000002826036        -0.000002825719        -0.000002825441        -0.000002825198        -0.000002824985        -0.000002824798        -0.000002824635        -0.000002824491        -0.000002824366        -0.000002824256        -0.000002824159        -0.000002824075        -0.000002824001        -0.000002823936        -0.000002823880        -0.000002823830        -0.000002823787        -0.000002823749        -0.000002823716        -0.000002823688        -0.000002823663        -0.000002823642        -0.000002823624        -0.000002823609        -0.000002823596        -0.000002823585        -0.000002823576        -0.000002823569        -0.000002823565        -0.000002823561        -0.000002823560        -0.000002823560        -0.000002823562        -0.000002823565        -0.000002823570        -0.000002823577        -0.000002823586        -0.000002823597        -0.000002823610        -0.000002823626        -0.000002823645        -0.000002823666        -0.000002823691        -0.000002823720        -0.000002823754        -0.000002823792        -0.000002823836        -0.000002823886
        0.000002648103         0.000002647656         0.000002647264         0.000002646921         0.000002646620         0.000002646357         0.000002646126         0.000002645924         0.000002645747         0.000002645591         0.000002645455         0.000002645336         0.000002645231         0.000002645140         0.000002645060         0.000002644989         0.000002644928         0.000002644874         0.000002644827         0.000002644786         0.000002644751         0.000002644720         0.000002644693         0.000002644669         0.000002644649         0.000002644632         0.000002644618         0.000002644606         0.000002644596         0.000002644588         0.000002644582         0.000002644578         0.000002644576         0.000002644575         0.000002644576         0.000002644579         0.000002644583         0.000002644589         0.000002644597         0.000002644607         0.000002644620         0.000002644634         0.000002644652         0.000002644672         0.000002644696         0.000002644723         0.000002644755         0.000002644791         0.000002644833         0.000002644881         0.000002644935
       -0.000002480446        -0.000002480027        -0.000002479660        -0.000002479338        -0.000002479056        -0.000002478808        -0.000002478592        -0.000002478402        -0.000002478236        -0.000002478090        -0.000002477962        -0.000002477850        -0.000002477752        -0.000002477666        -0.000002477591        -0.000002477525        -0.000002477467        -0.000002477417        -0.000002477373        -0.000002477334        -0.000002477301        -0.000002477272        -0.000002477247        -0.000002477225        -0.000002477207        -0.000002477191        -0.000002477178        -0.000002477167        -0.000002477158        -0.000002477151        -0.000002477146        -0.000002477143        -0.000002477141        -0.000002477141        -0.000002477143        -0.000002477146        -0.000002477152        -0.000002477159        -0.000002477168        -0.000002477179        -0.000002477193        -0.000002477209        -0.000002477228        -0.000002477250        -0.000002477275        -0.000002477305        -0.000002477339        -0.000002477378        -0.000002477423        -0.000002477474        -0.000002477533
        0.000002323534         0.000002323144         0.000002322802         0.000002322502         0.000002322240         0.000002322010         0.000002321808         0.000002321631         0.000002321476         0.000002321340         0.000002321222         0.000002321117         0.000002321026         0.000002320946         0.000002320876         0.000002320815         0.000002320761         0.000002320714         0.000002320673         0.000002320638         0.000002320607         0.000002320580         0.000002320557         0.000002320537         0.000002320520         0.000002320505         0.000002320493         0.000002320483         0.000002320476         0.000002320470         0.000002320466         0.000002320463         0.000002320462         0.000002320463         0.000002320466         0.000002320470         0.000002320476         0.000002320484         0.000002320495         0.000002320507         0.000002320522         0.000002320539         0.000002320559         0.000002320583         0.000002320610         0.000002320642         0.000002320678         0.000002320720         0.000002320767         0.000002320822         0.000002320884
       -0.000002176650        -0.000002176288        -0.000002175972        -0.000002175694        -0.000002175451        -0.000002175238        -0.000002175051        -0.000002174887        -0.000002174744        -0.000002174618        -0.000002174508        -0.000002174412        -0.000002174327        -0.000002174253        -0.000002174188        -0.000002174132        -0.000002174082        -0.000002174039        -0.000002174001        -0.000002173968        -0.000002173940        -0.000002173915        -0.000002173894        -0.000002173875        -0.000002173860        -0.000002173847        -0.000002173836        -0.000002173828        -0.000002173821        -0.000002173816        -0.000002173813        -0.000002173811        -0.000002173811        -0.000002173813        -0.000002173816        -0.000002173822        -0.000002173829        -0.000002173837        -0.000002173848        -0.000002173862        -0.000002173878        -0.000002173896        -0.000002173918        -0.000002173943        -0.000002173972        -0.000002174005        -0.000002174044        -0.000002174088        -0.000002174138        -0.000002174196        -0.000002174262
        0.000002039130         0.000002038796         0.000002038504         0.000002038248         0.000002038023         0.000002037826         0.000002037654         0.000002037503         0.000002037371         0.000002037255         0.000002037153         0.000002037064         0.000002036986         0.000002036918         0.000002036859         0.000002036806         0.000002036761         0.000002036721         0.000002036686         0.000002036656         0.000002036630         0.000002036608         0.000002036588         0.000002036572         0.000002036558         0.000002036546         0.000002036536         0.000002036529         0.000002036523         0.000002036519         0.000002036517         0.000002036516         0.000002036517         0.000002036520         0.000002036524         0.000002036530         0.000002036538         0.000002036547         0.000002036559         0.000002036574         0.000002036590         0.000002036610         0.000002036633         0.000002036660         0.000002036690         0.000002036726         0.000002036766         0.000002036813         0.000002036866         0.000002036927         0.000002036996
       -0.000001910361        -0.000001910053        -0.000001909784        -0.000001909548        -0.000001909341        -0.000001909160        -0.000001909001        -0.000001908862        -0.000001908740        -0.000001908633        -0.000001908540        -0.000001908458        -0.000001908387        -0.000001908324        -0.000001908269        -0.000001908221        -0.000001908179        -0.000001908143        -0.000001908111        -0.000001908083        -0.000001908060        -0.000001908039        -0.000001908021        -0.000001908007        -0.000001907994        -0.000001907984        -0.000001907975        -0.000001907969        -0.000001907964        -0.000001907961        -0.000001907959        -0.000001907959        -0.000001907961        -0.000001907964        -0.000001907969        -0.000001907976        -0.000001907985        -0.000001907995        -0.000001908008        -0.000001908024        -0.000001908041        -0.000001908062        -0.000001908087        -0.000001908115        -0.000001908147        -0.000001908184        -0.000001908227        -0.000001908276        -0.000001908332        -0.000001908395        -0.000001908468
        0.000001789773         0.000001789489         0.000001789241         0.000001789024         0.000001788833         0.000001788667         0.000001788521         0.000001788393         0.000001788281         0.000001788183         0.000001788097         0.000001788021         0.000001787956         0.000001787898         0.000001787848         0.000001787804         0.000001787765         0.000001787732         0.000001787703         0.000001787678         0.000001787656         0.000001787637         0.000001787622         0.000001787608         0.000001787597         0.000001787588         0.000001787580         0.000001787575         0.000001787571         0.000001787569         0.000001787568         0.000001787569         0.000001787571         0.000001787576         0.000001787581         0.000001787589         0.000001787598         0.000001787610         0.000001787623         0.000001787640         0.000001787659         0.000001787681         0.000001787707         0.000001787736         0.000001787770         0.000001787809         0.000001787854         0.000001787905         0.000001787964         0.000001788031         0.000001788107
       -0.000001676835        -0.000001676574        -0.000001676346        -0.000001676146        -0.000001675970        -0.000001675817        -0.000001675683        -0.000001675565        -0.000001675462        -0.000001675372        -0.000001675293        -0.000001675224        -0.000001675163        -0.000001675111        -0.000001675064        -0.000001675024        -0.000001674989        -0.000001674958        -0.000001674932        -0.000001674909        -0.000001674889        -0.000001674872        -0.000001674858        -0.000001674846        -0.000001674836        -0.000001674828        -0.000001674822        -0.000001674817        -0.000001674814        -0.000001674813        -0.000001674813        -0.000001674814        -0.000001674818        -0.000001674822        -0.000001674829        -0.000001674837        -0.000001674847        -0.000001674860        -0.000001674874        -0.000001674892        -0.000001674912        -0.000001674935        -0.000001674962        -0.000001674993        -0.000001675029        -0.000001675070        -0.000001675117        -0.000001675171        -0.000001675232        -0.000001675303        -0.000001675383
        0.000001571056         0.000001570816         0.000001570605         0.000001570421         0.000001570260         0.000001570118         0.000001569995         0.000001569886         0.000001569792         0.000001569709         0.000001569636         0.000001569573         0.000001569517         0.000001569469         0.000001569426         0.000001569389         0.000001569357         0.000001569329         0.000001569305         0.000001569284         0.000001569266         0.000001569251         0.000001569238         0.000001569227         0.000001569218         0.000001569211         0.000001569206         0.000001569202         0.000001569200         0.000001569200         0.000001569200         0.000001569203         0.000001569207         0.000001569212         0.000001569219         0.000001569228         0.000001569240         0.000001569253         0.000001569268         0.000001569287         0.000001569308         0.000001569333         0.000001569361         0.000001569394         0.000001569432         0.000001569475         0.000001569524         0.000001569581         0.000001569645         0.000001569719         0.000001569804
       -0.000001471976        -0.000001471754        -0.000001471560        -0.000001471390        -0.000001471242        -0.000001471111        -0.000001470998        -0.000001470898        -0.000001470811        -0.000001470734        -0.000001470668        -0.000001470609        -0.000001470558        -0.000001470514        -0.000001470475        -0.000001470441        -0.000001470411        -0.000001470386        -0.000001470364        -0.000001470345        -0.000001470328        -0.000001470314        -0.000001470303        -0.000001470293        -0.000001470285        -0.000001470279        -0.000001470275        -0.000001470272        -0.000001470271        -0.000001470271        -0.000001470272        -0.000001470276        -0.000001470280        -0.000001470286        -0.000001470294        -0.000001470304        -0.000001470316        -0.000001470330        -0.000001470347        -0.000001470366        -0.000001470389        -0.000001470415        -0.000001470445        -0.000001470479        -0.000001470519        -0.000001470564        -0.000001470616        -0.000001470676        -0.000001470744        -0.000001470822        -0.000001470910
        0.000001379166         0.000001378961         0.000001378782         0.000001378625         0.000001378488         0.000001378368         0.000001378263         0.000001378171         0.000001378091         0.000001378021         0.000001377959         0.000001377906         0.000001377859         0.000001377818         0.000001377782         0.000001377751         0.000001377724         0.000001377700         0.000001377680         0.000001377663         0.000001377648         0.000001377636         0.000001377625         0.000001377617         0.000001377610         0.000001377605         0.000001377601         0.000001377599         0.000001377598         0.000001377599         0.000001377602         0.000001377605         0.000001377611         0.000001377618         0.000001377626         0.000001377637         0.000001377650         0.000001377665         0.000001377683         0.000001377703         0.000001377727         0.000001377755         0.000001377786         0.000001377823         0.000001377864         0.000001377912         0.000001377967         0.000001378030         0.000001378101         0.000001378183         0.000001378277
       -0.000001292226        -0.000001292037        -0.000001291872        -0.000001291727        -0.000001291600        -0.000001291490        -0.000001291393        -0.000001291308        -0.000001291234        -0.000001291169        -0.000001291112        -0.000001291063        -0.000001291019        -0.000001290982        -0.000001290949        -0.000001290920        -0.000001290895        -0.000001290874        -0.000001290856        -0.000001290840        -0.000001290826        -0.000001290815        -0.000001290806        -0.000001290798        -0.000001290793        -0.000001290788        -0.000001290786        -0.000001290784        -0.000001290784        -0.000001290786        -0.000001290789        -0.000001290793        -0.000001290799        -0.000001290807        -0.000001290817        -0.000001290828        -0.000001290842        -0.000001290858        -0.000001290877        -0.000001290899        -0.000001290924        -0.000001290953        -0.000001290986        -0.000001291025        -0.000001291069        -0.000001291119        -0.000001291177        -0.000001291243        -0.000001291319        -0.000001291405        -0.000001291504
        0.000001210784         0.000001210609         0.000001210456         0.000001210322         0.000001210205         0.000001210102         0.000001210013         0.000001209934         0.000001209866         0.000001209806         0.000001209753         0.000001209708         0.000001209668         0.000001209633         0.000001209603         0.000001209577         0.000001209554         0.000001209534         0.000001209517         0.000001209503         0.000001209491         0.000001209481         0.000001209473         0.000001209466         0.000001209461         0.000001209458         0.000001209456         0.000001209455         0.000001209456         0.000001209458         0.000001209462         0.000001209467         0.000001209474         0.000001209482         0.000001209492         0.000001209505         0.000001209519         0.000001209537         0.000001209557         0.000001209580         0.000001209607         0.000001209637         0.000001209673         0.000001209713         0.000001209760         0.000001209813         0.000001209874         0.000001209944         0.000001210024         0.000001210115         0.000001210219
       -0.000001134488        -0.000001134326        -0.000001134184        -0.000001134060        -0.000001133952        -0.000001133857        -0.000001133774        -0.000001133702        -0.000001133638        -0.000001133583        -0.000001133534        -0.000001133492        -0.000001133455        -0.000001133423        -0.000001133396        -0.000001133371        -0.000001133351        -0.000001133333        -0.000001133317        -0.000001133304        -0.000001133293        -0.000001133284        -0.000001133277        -0.000001133271        -0.000001133267        -0.000001133264        -0.000001133263        -0.000001133263        -0.000001133265        -0.000001133267        -0.000001133272        -0.000001133278        -0.000001133285        -0.000001133294        -0.000001133306        -0.000001133319        -0.000001133335        -0.000001133353        -0.000001133374        -0.000001133399        -0.000001133427        -0.000001133460        -0.000001133498        -0.000001133540        -0.000001133590        -0.000001133646        -0.000001133711        -0.000001133784        -0.000001133869        -0.000001133965        -0.000001134076
        0.000001063013         0.000001062862         0.000001062731         0.000001062616         0.000001062515         0.000001062428         0.000001062351         0.000001062284         0.000001062225         0.000001062174         0.000001062129         0.000001062090         0.000001062056         0.000001062027         0.000001062001         0.000001061979         0.000001061959         0.000001061943         0.000001061929         0.000001061917         0.000001061907         0.000001061899         0.000001061893         0.000001061888         0.000001061885         0.000001061883         0.000001061882         0.000001061883         0.000001061885         0.000001061889         0.000001061894         0.000001061900         0.000001061908         0.000001061919         0.000001061931         0.000001061945         0.000001061962         0.000001061981         0.000001062004         0.000001062030         0.000001062060         0.000001062095         0.000001062135         0.000001062180         0.000001062232         0.000001062292         0.000001062361         0.000001062439         0.000001062528         0.000001062630         0.000001062747
       -0.000000996052        -0.000000995912        -0.000000995790        -0.000000995684        -0.000000995591        -0.000000995509        -0.000000995438        -0.000000995376        -0.000000995321        -0.000000995274        -0.000000995232        -0.000000995196        -0.000000995165        -0.000000995138        -0.000000995114        -0.000000995093        -0.000000995076        -0.000000995061        -0.000000995048        -0.000000995037        -0.000000995028        -0.000000995021        -0.000000995016        -0.000000995012        -0.000000995009        -0.000000995008        -0.000000995008        -0.000000995009        -0.000000995012        -0.000000995016        -0.000000995022        -0.000000995030        -0.000000995039        -0.000000995050        -0.000000995063        -0.000000995078        -0.000000995096        -0.000000995117        -0.000000995141        -0.000000995169        -0.000000995201        -0.000000995238        -0.000000995280        -0.000000995328        -0.000000995383        -0.000000995447        -0.000000995519        -0.000000995602        -0.000000995697        -0.000000995806        -0.000000995930
        0.000000933320         0.000000933190         0.000000933077         0.000000932978         0.000000932891         0.000000932815         0.000000932749         0.000000932692         0.000000932641         0.000000932597         0.000000932559         0.000000932525         0.000000932496         0.000000932471         0.000000932449         0.000000932430         0.000000932414         0.000000932401         0.000000932389         0.000000932379         0.000000932371         0.000000932365         0.000000932360         0.000000932357         0.000000932355         0.000000932354         0.000000932355         0.000000932357         0.000000932361         0.000000932366         0.000000932372         0.000000932380         0.000000932390         0.000000932402         0.000000932416         0.000000932433         0.000000932452         0.000000932474         0.000000932500         0.000000932530         0.000000932564         0.000000932603         0.000000932648         0.000000932699         0.000000932758         0.000000932825         0.000000932902         0.000000932990         0.000000933091         0.000000933206         0.000000933338
       -0.000000874548        -0.000000874427        -0.000000874322        -0.000000874230        -0.000000874149        -0.000000874079        -0.000000874018        -0.000000873964        -0.000000873917        -0.000000873877        -0.000000873841        -0.000000873810        -0.000000873783        -0.000000873760        -0.000000873740        -0.000000873722        -0.000000873707        -0.000000873695        -0.000000873684        -0.000000873676        -0.000000873669        -0.000000873663        -0.000000873659        -0.000000873657        -0.000000873655        -0.000000873655        -0.000000873657        -0.000000873660        -0.000000873664        -0.000000873669        -0.000000873677        -0.000000873686        -0.000000873696        -0.000000873709        -0.000000873724        -0.000000873742        -0.000000873763        -0.000000873786        -0.000000873814        -0.000000873845        -0.000000873882        -0.000000873923        -0.000000873971        -0.000000874025        -0.000000874088        -0.000000874160        -0.000000874241        -0.000000874335        -0.000000874442        -0.000000874565        -0.000000874706
        0.000000819486         0.000000819374         0.000000819276         0.000000819190         0.000000819115         0.000000819050         0.000000818993         0.000000818943         0.000000818899         0.000000818862         0.000000818829         0.000000818800         0.000000818775         0.000000818753         0.000000818735         0.000000818719         0.000000818705         0.000000818694         0.000000818684         0.000000818676         0.000000818670         0.000000818666         0.000000818662         0.000000818660         0.000000818660         0.000000818661         0.000000818663         0.000000818666         0.000000818671         0.000000818677         0.000000818685         0.000000818695         0.000000818707         0.000000818721         0.000000818737         0.000000818756         0.000000818778         0.000000818803         0.000000818833         0.000000818866         0.000000818905         0.000000818949         0.000000819000         0.000000819058         0.000000819125         0.000000819201         0.000000819288         0.000000819388         0.000000819502         0.000000819633         0.000000819782
       -0.000000767899        -0.000000767794        -0.000000767703        -0.000000767623        -0.000000767554        -0.000000767493        -0.000000767440        -0.000000767393        -0.000000767353        -0.000000767318        -0.000000767287        -0.000000767261        -0.000000767238        -0.000000767218        -0.000000767200        -0.000000767186        -0.000000767173        -0.000000767163        -0.000000767154        -0.000000767147        -0.000000767142        -0.000000767138        -0.000000767136        -0.000000767134        -0.000000767134        -0.000000767136        -0.000000767139        -0.000000767143        -0.000000767148        -0.000000767155        -0.000000767164        -0.000000767175        -0.000000767188        -0.000000767203        -0.000000767220        -0.000000767240        -0.000000767264        -0.000000767291        -0.000000767322        -0.000000767358        -0.000000767399        -0.000000767446        -0.000000767500        -0.000000767562        -0.000000767633        -0.000000767714        -0.000000767807        -0.000000767914        -0.000000768036        -0.000000768175        -0.000000768335
        0.000000719567         0.000000719469         0.000000719384         0.000000719310         0.000000719245         0.000000719188         0.000000719139         0.000000719096         0.000000719058         0.000000719026         0.000000718997         0.000000718973         0.000000718951         0.000000718933         0.000000718917         0.000000718904         0.000000718892         0.000000718883         0.000000718875         0.000000718869         0.000000718864         0.000000718861         0.000000718859         0.000000718859         0.000000718860         0.000000718862         0.000000718865         0.000000718870         0.000000718876         0.000000718884         0.000000718894         0.000000718905         0.000000718919         0.000000718935         0.000000718954         0.000000718976         0.000000719001         0.000000719030         0.000000719063         0.000000719101         0.000000719145         0.000000719196         0.000000719253         0.000000719319         0.000000719395         0.000000719482         0.000000719581         0.000000719694         0.000000719824         0.000000719973         0.000000720143
       -0.000000674284        -0.000000674193        -0.000000674114        -0.000000674044        -0.000000673984        -0.000000673931        -0.000000673885        -0.000000673845        -0.000000673810        -0.000000673780        -0.000000673753        -0.000000673731        -0.000000673711        -0.000000673694        -0.000000673679        -0.000000673667        -0.000000673657        -0.000000673648        -0.000000673641        -0.000000673636        -0.000000673632        -0.000000673629        -0.000000673628        -0.000000673628        -0.000000673630        -0.000000673632        -0.000000673637        -0.000000673642        -0.000000673649        -0.000000673658        -0.000000673669        -0.000000673681        -0.000000673696        -0.000000673713        -0.000000673733        -0.000000673757        -0.000000673784        -0.000000673815        -0.000000673850        -0.000000673891        -0.000000673938        -0.000000673992        -0.000000674053        -0.000000674124        -0.000000674204        -0.000000674297        -0.000000674403        -0.000000674524        -0.000000674663        -0.000000674822        -0.000000675004
        0.000000631857         0.000000631772         0.000000631698         0.000000631634         0.000000631577         0.000000631528         0.000000631485         0.000000631448         0.000000631416         0.000000631387         0.000000631363         0.000000631342         0.000000631323         0.000000631308         0.000000631294         0.000000631283         0.000000631274         0.000000631266         0.000000631260         0.000000631255         0.000000631252         0.000000631250         0.000000631250         0.000000631251         0.000000631253         0.000000631256         0.000000631261         0.000000631267         0.000000631275         0.000000631285         0.000000631296         0.000000631310         0.000000631326         0.000000631344         0.000000631366         0.000000631391         0.000000631420         0.000000631453         0.000000631491         0.000000631534         0.000000631585         0.000000631642         0.000000631708         0.000000631783         0.000000631869         0.000000631968         0.000000632081         0.000000632210         0.000000632359         0.000000632529         0.000000632724
       -0.000000592106        -0.000000592027        -0.000000591958        -0.000000591898        -0.000000591845        -0.000000591799        -0.000000591759        -0.000000591725        -0.000000591694        -0.000000591668        -0.000000591645        -0.000000591626        -0.000000591609        -0.000000591594        -0.000000591582        -0.000000591572        -0.000000591564        -0.000000591557        -0.000000591551        -0.000000591548        -0.000000591545        -0.000000591544        -0.000000591544        -0.000000591545        -0.000000591548        -0.000000591552        -0.000000591558        -0.000000591565        -0.000000591573        -0.000000591584        -0.000000591596        -0.000000591611        -0.000000591628        -0.000000591648        -0.000000591671        -0.000000591698        -0.000000591729        -0.000000591764        -0.000000591805        -0.000000591852        -0.000000591905        -0.000000591966        -0.000000592037        -0.000000592117        -0.000000592209        -0.000000592315        -0.000000592436        -0.000000592574        -0.000000592733        -0.000000592915        -0.000000593124
        0.000000554861         0.000000554787         0.000000554723         0.000000554667         0.000000554618         0.000000554575         0.000000554538         0.000000554506         0.000000554478         0.000000554453         0.000000554432         0.000000554414         0.000000554398         0.000000554385         0.000000554374         0.000000554365         0.000000554357         0.000000554351         0.000000554346         0.000000554343         0.000000554341         0.000000554341         0.000000554341         0.000000554343         0.000000554347         0.000000554352         0.000000554358         0.000000554366         0.000000554375         0.000000554387         0.000000554400         0.000000554416         0.000000554435         0.000000554456         0.000000554481         0.000000554510         0.000000554543         0.000000554581         0.000000554624         0.000000554674         0.000000554731         0.000000554797         0.000000554872         0.000000554958         0.000000555056         0.000000555169         0.000000555299         0.000000555447         0.000000555617         0.000000555812         0.000000556035
       -0.000000519965        -0.000000519896        -0.000000519836        -0.000000519783        -0.000000519738        -0.000000519698        -0.000000519663        -0.000000519633        -0.000000519607        -0.000000519584        -0.000000519565        -0.000000519548        -0.000000519533        -0.000000519521        -0.000000519511        -0.000000519503        -0.000000519496        -0.000000519491        -0.000000519487        -0.000000519484        -0.000000519483        -0.000000519483        -0.000000519484        -0.000000519487        -0.000000519491        -0.000000519497        -0.000000519504        -0.000000519512        -0.000000519523        -0.000000519535        -0.000000519550        -0.000000519567        -0.000000519587        -0.000000519610        -0.000000519637        -0.000000519667        -0.000000519703        -0.000000519743        -0.000000519790        -0.000000519843        -0.000000519904        -0.000000519975        -0.000000520055        -0.000000520147        -0.000000520252        -0.000000520373        -0.000000520512        -0.000000520671        -0.000000520853        -0.000000521061        -0.000000521301
        0.000000487268         0.000000487203         0.000000487147         0.000000487098         0.000000487056         0.000000487019         0.000000486986         0.000000486958         0.000000486934         0.000000486913         0.000000486895         0.000000486879         0.000000486866         0.000000486855         0.000000486846         0.000000486838         0.000000486832         0.000000486827         0.000000486824         0.000000486822         0.000000486822         0.000000486823         0.000000486825         0.000000486828         0.000000486833         0.000000486839         0.000000486847         0.000000486856         0.000000486868         0.000000486881         0.000000486897         0.000000486916         0.000000486937         0.000000486962         0.000000486990         0.000000487023         0.000000487061         0.000000487105         0.000000487154         0.000000487212         0.000000487277         0.000000487352         0.000000487438         0.000000487537         0.000000487650         0.000000487779         0.000000487928         0.000000488098         0.000000488293         0.000000488517         0.000000488773
       -0.000000456632        -0.000000456572        -0.000000456519        -0.000000456473        -0.000000456434        -0.000000456399        -0.000000456369        -0.000000456343        -0.000000456320        -0.000000456301        -0.000000456284        -0.000000456270        -0.000000456257        -0.000000456247        -0.000000456239        -0.000000456232        -0.000000456227        -0.000000456223        -0.000000456220        -0.000000456219        -0.000000456219        -0.000000456221        -0.000000456223        -0.000000456227        -0.000000456233        -0.000000456240        -0.000000456249        -0.000000456259        -0.000000456271        -0.000000456286        -0.000000456303        -0.000000456323        -0.000000456346        -0.000000456373        -0.000000456403        -0.000000456439        -0.000000456479        -0.000000456526        -0.000000456579        -0.000000456640        -0.000000456710        -0.000000456791        -0.000000456883        -0.000000456989        -0.000000457110        -0.000000457249        -0.000000457408        -0.000000457590        -0.000000457799        -0.000000458039        -0.000000458314
        0.000000427926         0.000000427870         0.000000427821         0.000000427778         0.000000427741         0.000000427709         0.000000427681         0.000000427657         0.000000427636         0.000000427617         0.000000427602         0.000000427589         0.000000427578         0.000000427568         0.000000427561         0.000000427555         0.000000427550         0.000000427547         0.000000427545         0.000000427545         0.000000427545         0.000000427547         0.000000427551         0.000000427555         0.000000427562         0.000000427569         0.000000427579         0.000000427590         0.000000427604         0.000000427620         0.000000427638         0.000000427660         0.000000427684         0.000000427713         0.000000427746         0.000000427784         0.000000427827         0.000000427877         0.000000427934         0.000000428000         0.000000428075         0.000000428161         0.000000428260         0.000000428373         0.000000428503         0.000000428652         0.000000428822         0.000000429018         0.000000429242         0.000000429500         0.000000429796
       -0.000000401029        -0.000000400976        -0.000000400931        -0.000000400891        -0.000000400856        -0.000000400826        -0.000000400800        -0.000000400778        -0.000000400758        -0.000000400741        -0.000000400727        -0.000000400715        -0.000000400705        -0.000000400696        -0.000000400689        -0.000000400684        -0.000000400680        -0.000000400678        -0.000000400677        -0.000000400677        -0.000000400678        -0.000000400681        -0.000000400685        -0.000000400690        -0.000000400697        -0.000000400706        -0.000000400716        -0.000000400729        -0.000000400743        -0.000000400760        -0.000000400780        -0.000000400803        -0.000000400830        -0.000000400861        -0.000000400896        -0.000000400937        -0.000000400983        -0.000000401037        -0.000000401098        -0.000000401168        -0.000000401249        -0.000000401341        -0.000000401447        -0.000000401568        -0.000000401707        -0.000000401867        -0.000000402050        -0.000000402260        -0.000000402501        -0.000000402778        -0.000000403096
        0.000000375826         0.000000375777         0.000000375735         0.000000375697         0.000000375665         0.000000375637         0.000000375613         0.000000375592         0.000000375574         0.000000375558         0.000000375545         0.000000375534         0.000000375525         0.000000375517         0.000000375511         0.000000375506         0.000000375503         0.000000375501         0.000000375501         0.000000375502         0.000000375504         0.000000375507         0.000000375512         0.000000375518         0.000000375526         0.000000375535         0.000000375547         0.000000375560         0.000000375576         0.000000375594         0.000000375616         0.000000375641         0.000000375669         0.000000375702         0.000000375740         0.000000375783         0.000000375833         0.000000375891         0.000000375956         0.000000376032         0.000000376118         0.000000376217         0.000000376331         0.000000376461         0.000000376610         0.000000376781         0.000000376978         0.000000377203         0.000000377463         0.000000377760         0.000000378102
       -0.000000352211        -0.000000352165        -0.000000352125        -0.000000352091        -0.000000352061        -0.000000352034        -0.000000352012        -0.000000351992        -0.000000351975        -0.000000351961        -0.000000351949        -0.000000351939        -0.000000351930        -0.000000351924        -0.000000351918        -0.000000351915        -0.000000351912        -0.000000351911        -0.000000351911        -0.000000351912        -0.000000351915        -0.000000351919        -0.000000351924        -0.000000351931        -0.000000351940        -0.000000351951        -0.000000351963        -0.000000351978        -0.000000351995        -0.000000352015        -0.000000352038        -0.000000352064        -0.000000352095        -0.000000352130        -0.000000352171        -0.000000352218        -0.000000352271        -0.000000352333        -0.000000352403        -0.000000352484        -0.000000352577        -0.000000352683        -0.000000352805        -0.000000352944        -0.000000353105        -0.000000353289        -0.000000353500        -0.000000353742        -0.000000354021        -0.000000354341        -0.000000354708
        0.000000330083         0.000000330040         0.000000330003         0.000000329971         0.000000329942         0.000000329918         0.000000329897         0.000000329879         0.000000329863         0.000000329850         0.000000329839         0.000000329830         0.000000329822         0.000000329816         0.000000329812         0.000000329809         0.000000329807         0.000000329806         0.000000329807         0.000000329809         0.000000329812         0.000000329817         0.000000329823         0.000000329831         0.000000329840         0.000000329852         0.000000329865         0.000000329881         0.000000329900         0.000000329921         0.000000329946         0.000000329975         0.000000330008         0.000000330046         0.000000330089         0.000000330139         0.000000330197         0.000000330263         0.000000330338         0.000000330425         0.000000330524         0.000000330638         0.000000330769         0.000000330919         0.000000331091         0.000000331289         0.000000331516         0.000000331777         0.000000332076         0.000000332420         0.000000332815
       -0.000000309348        -0.000000309308        -0.000000309274        -0.000000309243        -0.000000309217        -0.000000309194        -0.000000309175        -0.000000309158        -0.000000309144        -0.000000309132        -0.000000309121        -0.000000309113        -0.000000309106        -0.000000309101        -0.000000309097        -0.000000309095        -0.000000309093        -0.000000309094        -0.000000309095        -0.000000309098        -0.000000309102        -0.000000309107        -0.000000309114        -0.000000309123        -0.000000309133        -0.000000309146        -0.000000309160        -0.000000309177        -0.000000309197        -0.000000309220        -0.000000309247        -0.000000309278        -0.000000309313        -0.000000309354        -0.000000309401        -0.000000309455        -0.000000309516        -0.000000309587        -0.000000309668        -0.000000309761        -0.000000309868        -0.000000309990        -0.000000310131        -0.000000310292        -0.000000310477        -0.000000310689        -0.000000310934        -0.000000311214        -0.000000311536        -0.000000311906        -0.000000312331
        0.000000289919         0.000000289882         0.000000289849         0.000000289821         0.000000289797         0.000000289775         0.000000289757         0.000000289742         0.000000289729         0.000000289717         0.000000289708         0.000000289701         0.000000289695         0.000000289690         0.000000289687         0.000000289685         0.000000289684         0.000000289685         0.000000289687         0.000000289691         0.000000289695         0.000000289701         0.000000289709         0.000000289719         0.000000289730         0.000000289744         0.000000289760         0.000000289778         0.000000289800         0.000000289825         0.000000289853         0.000000289886         0.000000289924         0.000000289968         0.000000290018         0.000000290076         0.000000290142         0.000000290218         0.000000290305         0.000000290405         0.000000290520         0.000000290651         0.000000290802         0.000000290975         0.000000291174         0.000000291403         0.000000291666         0.000000291967         0.000000292314         0.000000292712         0.000000293169
       -0.000000271713        -0.000000271678        -0.000000271648        -0.000000271621        -0.000000271599        -0.000000271579        -0.000000271562        -0.000000271548        -0.000000271536        -0.000000271525        -0.000000271517        -0.000000271510        -0.000000271505        -0.000000271501        -0.000000271499        -0.000000271497        -0.000000271497        -0.000000271499        -0.000000271501        -0.000000271505        -0.000000271511        -0.000000271518        -0.000000271527        -0.000000271537        -0.000000271549        -0.000000271564        -0.000000271581        -0.000000271601        -0.000000271625        -0.000000271651        -0.000000271682        -0.000000271718        -0.000000271759        -0.000000271806        -0.000000271859        -0.000000271921        -0.000000271992        -0.000000272074        -0.000000272168        -0.000000272275        -0.000000272398        -0.000000272539        -0.000000272701        -0.000000272888        -0.000000273102        -0.000000273348        -0.000000273630        -0.000000273955        -0.000000274328        -0.000000274756        -0.000000275248
        0.000000254652         0.000000254620         0.000000254591         0.000000254567         0.000000254546         0.000000254528         0.000000254512         0.000000254499         0.000000254488         0.000000254478         0.000000254471         0.000000254465         0.000000254460         0.000000254457         0.000000254455         0.000000254455         0.000000254455         0.000000254457         0.000000254461         0.000000254465         0.000000254472         0.000000254479         0.000000254489         0.000000254500         0.000000254514         0.000000254530         0.000000254548         0.000000254570         0.000000254595         0.000000254624         0.000000254657         0.000000254695         0.000000254739         0.000000254790         0.000000254848         0.000000254914         0.000000254990         0.000000255078         0.000000255178         0.000000255294         0.000000255426         0.000000255578         0.000000255752         0.000000255953         0.000000256183         0.000000256448         0.000000256752         0.000000257101         0.000000257502         0.000000257963         0.000000258494
       -0.000000238666        -0.000000238635        -0.000000238609        -0.000000238586        -0.000000238566        -0.000000238549        -0.000000238535        -0.000000238523        -0.000000238513        -0.000000238504        -0.000000238497        -0.000000238492        -0.000000238488        -0.000000238486        -0.000000238484        -0.000000238485        -0.000000238486        -0.000000238489        -0.000000238493        -0.000000238498        -0.000000238505        -0.000000238514        -0.000000238524        -0.000000238537        -0.000000238552        -0.000000238569        -0.000000238589        -0.000000238612        -0.000000238639        -0.000000238670        -0.000000238706        -0.000000238747        -0.000000238794        -0.000000238848        -0.000000238910        -0.000000238982        -0.000000239064        -0.000000239158        -0.000000239266        -0.000000239390        -0.000000239532        -0.000000239695        -0.000000239883        -0.000000240099        -0.000000240347        -0.000000240632        -0.000000240959        -0.000000241335        -0.000000241767        -0.000000242264        -0.000000242836
        0.000000223685         0.000000223656         0.000000223632         0.000000223610         0.000000223592         0.000000223577         0.000000223563         0.000000223552         0.000000223543         0.000000223535         0.000000223529         0.000000223525         0.000000223521         0.000000223520         0.000000223519         0.000000223520         0.000000223522         0.000000223525         0.000000223530         0.000000223536         0.000000223544         0.000000223553         0.000000223565         0.000000223579         0.000000223595         0.000000223613         0.000000223635         0.000000223660         0.000000223689         0.000000223722         0.000000223760         0.000000223805         0.000000223855         0.000000223914         0.000000223980         0.000000224057         0.000000224145         0.000000224246         0.000000224362         0.000000224496         0.000000224649         0.000000224825         0.000000225027         0.000000225259         0.000000225526         0.000000225832         0.000000226184         0.000000226589         0.000000227055         0.000000227591         0.000000228207
       -0.000000209646        -0.000000209620        -0.000000209597        -0.000000209577        -0.000000209560        -0.000000209546        -0.000000209534        -0.000000209523        -0.000000209515        -0.000000209508        -0.000000209503        -0.000000209499        -0.000000209496        -0.000000209495        -0.000000209495        -0.000000209497        -0.000000209499        -0.000000209503        -0.000000209509        -0.000000209516        -0.000000209525        -0.000000209535        -0.000000209548        -0.000000209562        -0.000000209580        -0.000000209600        -0.000000209623        -0.000000209650        -0.000000209681        -0.000000209717        -0.000000209758        -0.000000209806        -0.000000209860        -0.000000209923        -0.000000209995        -0.000000210077        -0.000000210172        -0.000000210281        -0.000000210405        -0.000000210549        -0.000000210714        -0.000000210903        -0.000000211121        -0.000000211370        -0.000000211657        -0.000000211988        -0.000000212367        -0.000000212803        -0.000000213305        -0.000000213883        -0.000000214548
        0.000000196491         0.000000196466         0.000000196445         0.000000196427         0.000000196411         0.000000196398         0.000000196386         0.000000196377         0.000000196369         0.000000196363         0.000000196359         0.000000196356         0.000000196354         0.000000196353         0.000000196354         0.000000196356         0.000000196359         0.000000196364         0.000000196370         0.000000196378         0.000000196388         0.000000196399         0.000000196413         0.000000196429         0.000000196448         0.000000196469         0.000000196495         0.000000196524         0.000000196557         0.000000196596         0.000000196640         0.000000196691         0.000000196750         0.000000196817         0.000000196894         0.000000196983         0.000000197085         0.000000197201         0.000000197336         0.000000197490         0.000000197668         0.000000197871         0.000000198106         0.000000198375         0.000000198684         0.000000199039         0.000000199448         0.000000199919         0.000000200460         0.000000201083         0.000000201801
       -0.000000184163        -0.000000184140        -0.000000184120        -0.000000184103        -0.000000184089        -0.000000184076        -0.000000184066        -0.000000184058        -0.000000184051        -0.000000184045        -0.000000184042        -0.000000184039        -0.000000184038        -0.000000184038        -0.000000184039        -0.000000184042        -0.000000184046        -0.000000184052        -0.000000184059        -0.000000184067        -0.000000184078        -0.000000184090        -0.000000184105        -0.000000184123        -0.000000184143        -0.000000184166        -0.000000184194        -0.000000184225        -0.000000184261        -0.000000184302        -0.000000184350        -0.000000184405        -0.000000184468        -0.000000184540        -0.000000184623        -0.000000184718        -0.000000184828        -0.000000184954        -0.000000185098        -0.000000185265        -0.000000185456        -0.000000185675        -0.000000185927        -0.000000186217        -0.000000186550        -0.000000186933        -0.000000187374        -0.000000187881        -0.000000188465        -0.000000189138        -0.000000189914
        0.000000172610         0.000000172589         0.000000172571         0.000000172555         0.000000172541         0.000000172530         0.000000172521         0.000000172513         0.000000172507         0.000000172502         0.000000172499         0.000000172497         0.000000172497         0.000000172497         0.000000172499         0.000000172503         0.000000172508         0.000000172514         0.000000172522         0.000000172531         0.000000172543         0.000000172557         0.000000172573         0.000000172592         0.000000172613         0.000000172639         0.000000172668         0.000000172702         0.000000172740         0.000000172785         0.000000172836         0.000000172895         0.000000172963         0.000000173041         0.000000173130         0.000000173233         0.000000173351         0.000000173486         0.000000173642         0.000000173821         0.000000174026         0.000000174262         0.000000174534         0.000000174846         0.000000175205         0.000000175618         0.000000176094         0.000000176641         0.000000177272         0.000000177999         0.000000178836
       -0.000000161784        -0.000000161764        -0.000000161747        -0.000000161732        -0.000000161720        -0.000000161710        -0.000000161701        -0.000000161694        -0.000000161689        -0.000000161685        -0.000000161683        -0.000000161681        -0.000000161682        -0.000000161683        -0.000000161686        -0.000000161690        -0.000000161695        -0.000000161702        -0.000000161711        -0.000000161722        -0.000000161734        -0.000000161749        -0.000000161767        -0.000000161787        -0.000000161811        -0.000000161838        -0.000000161869        -0.000000161906        -0.000000161947        -0.000000161995        -0.000000162050        -0.000000162114        -0.000000162187        -0.000000162270        -0.000000162366        -0.000000162477        -0.000000162604        -0.000000162750        -0.000000162917        -0.000000163110        -0.000000163331        -0.000000163586        -0.000000163878        -0.000000164215        -0.000000164602        -0.000000165048        -0.000000165561        -0.000000166152        -0.000000166833        -0.000000167618        -0.000000168522
        0.000000151638         0.000000151620         0.000000151604         0.000000151591         0.000000151579         0.000000151570         0.000000151562         0.000000151556         0.000000151551         0.000000151548         0.000000151546         0.000000151546         0.000000151547         0.000000151549         0.000000151552         0.000000151557         0.000000151563         0.000000151571         0.000000151581         0.000000151592         0.000000151606         0.000000151622         0.000000151641         0.000000151663         0.000000151688         0.000000151718         0.000000151752         0.000000151791         0.000000151836         0.000000151887         0.000000151947         0.000000152015         0.000000152093         0.000000152183         0.000000152287         0.000000152406         0.000000152542         0.000000152699         0.000000152880         0.000000153087         0.000000153326         0.000000153600         0.000000153915         0.000000154278         0.000000154696         0.000000155177         0.000000155731         0.000000156370         0.000000157105         0.000000157952         0.000000158929
       -0.000000142131        -0.000000142113        -0.000000142099        -0.000000142086        -0.000000142076        -0.000000142067        -0.000000142060        -0.000000142055        -0.000000142051        -0.000000142049        -0.000000142047        -0.000000142048        -0.000000142049        -0.000000142052        -0.000000142056        -0.000000142061        -0.000000142068        -0.000000142077        -0.000000142088        -0.000000142101        -0.000000142116        -0.000000142133        -0.000000142154        -0.000000142177        -0.000000142205        -0.000000142236        -0.000000142273        -0.000000142315        -0.000000142363        -0.000000142419        -0.000000142482        -0.000000142556        -0.000000142640        -0.000000142737        -0.000000142848        -0.000000142977        -0.000000143124        -0.000000143293        -0.000000143487        -0.000000143711        -0.000000143968        -0.000000144263        -0.000000144603        -0.000000144995        -0.000000145446        -0.000000145965        -0.000000146564        -0.000000147253        -0.000000148047        -0.000000148963        -0.000000150017
        0.000000133220         0.000000133204         0.000000133191         0.000000133179         0.000000133170         0.000000133162         0.000000133156         0.000000133151         0.000000133148         0.000000133146         0.000000133146         0.000000133147         0.000000133149         0.000000133152         0.000000133157         0.000000133163         0.000000133171         0.000000133181         0.000000133192         0.000000133206         0.000000133223         0.000000133242         0.000000133264         0.000000133289         0.000000133319         0.000000133353         0.000000133392         0.000000133437         0.000000133489         0.000000133549         0.000000133618         0.000000133697         0.000000133788         0.000000133892         0.000000134012         0.000000134150         0.000000134309         0.000000134491         0.000000134700         0.000000134941         0.000000135218         0.000000135537         0.000000135904         0.000000136326         0.000000136813         0.000000137374         0.000000138020         0.000000138765         0.000000139623         0.000000140611         0.000000141750
       -0.000000124870        -0.000000124855        -0.000000124843        -0.000000124832        -0.000000124824        -0.000000124817        -0.000000124811        -0.000000124807        -0.000000124805        -0.000000124804        -0.000000124804        -0.000000124805        -0.000000124808        -0.000000124812        -0.000000124818        -0.000000124825        -0.000000124834        -0.000000124844        -0.000000124857        -0.000000124872        -0.000000124890        -0.000000124910        -0.000000124934        -0.000000124962        -0.000000124994        -0.000000125030        -0.000000125073        -0.000000125121        -0.000000125177        -0.000000125242        -0.000000125315        -0.000000125401        -0.000000125498        -0.000000125611        -0.000000125740        -0.000000125889        -0.000000126059        -0.000000126256        -0.000000126481        -0.000000126741        -0.000000127040        -0.000000127384        -0.000000127780        -0.000000128236        -0.000000128762        -0.000000129368        -0.000000130066        -0.000000130870        -0.000000131797        -0.000000132864        -0.000000134092
