        0.075963253969          0.076020382175          0.076011475741          0.075940584174          0.075815710557          0.075648128682          0.075451521690          0.075240999092          0.075032055374          0.074839535709          0.074676672784          0.074554253244          0.074479963346          0.074457951503          0.074488631344          0.074568733561          0.074691599076          0.074847690993          0.075025289239          0.075211320660          0.075392269193          0.075555106149          0.075688179862          0.075782006911          0.075829913780          0.075828487577
       -0.034951212601         -0.034948660243         -0.034954266936         -0.034967210965         -0.034986222742         -0.035009681423         -0.035035730778         -0.035062406806         -0.035087768990         -0.035110026931         -0.035127654505         -0.035139484542         -0.035144778374         -0.035143266162         -0.035135155890         -0.035121110869         -0.035102197613         -0.035079807836         -0.035055559880         -0.035031186221         -0.035008414480         -0.034988849739         -0.034973865844         -0.034964512754         -0.034961445892         -0.034964882071
        0.014361734461          0.014363648609          0.014366446865          0.014369942376          0.014373911156          0.014378106547          0.014382274581          0.014386169430          0.014389568022          0.014392282935          0.014394172955          0.014395150635          0.014395186520          0.014394309859          0.014392605747          0.014390209000          0.014387295121          0.014384068947          0.014380751662          0.014377566866          0.014374726796          0.014372419141          0.014370795595          0.014369962490          0.014369974347          0.014370830503
       -0.005816413852         -0.005821029881         -0.005830154214         -0.005842963188         -0.005858422400         -0.005875359527         -0.005892543744         -0.005908767024         -0.005922921860         -0.005934071103         -0.005941505305         -0.005944784339         -0.005943760861         -0.005938584543         -0.005929686683         -0.005917747240         -0.005903645315         -0.005888397777         -0.005873089670         -0.005858800173         -0.005846530366         -0.005837135882         -0.005831270359         -0.005829341582         -0.005831484804         -0.005837553285
        0.001612234603          0.001617597994          0.001625819174          0.001636227296          0.001648032379          0.001660379286          0.001672404235          0.001683291102          0.001692322355          0.001698923699          0.001702698137          0.001703447986          0.001701184040          0.001696121211          0.001688660412          0.001679359474          0.001668893988          0.001658010775          0.001647477409          0.001638030655          0.001630327691          0.001624902273          0.001622129726          0.001622201954          0.001625115090          0.001630669706
        0.000035078813          0.000028957071          0.000020565634          0.000010564685         -0.000000302723         -0.000011260712         -0.000021551125         -0.000030481657         -0.000037469650         -0.000042076977         -0.000044035645         -0.000043262359         -0.000039860569         -0.000034110247         -0.000026446465         -0.000017428465         -0.000007701208          0.000002048748          0.000011139962          0.000018939912          0.000024909436          0.000028636391          0.000029863911          0.000028506123          0.000024655685          0.000018576310
       -0.000653720299         -0.000648023546         -0.000640914213         -0.000632923730         -0.000624623557         -0.000616589178         -0.000609361201         -0.000603413558         -0.000599123125         -0.000596747354         -0.000596410981         -0.000598099248         -0.000601661976         -0.000606825139         -0.000613210048         -0.000620360443         -0.000627774044         -0.000634934003         -0.000641346183         -0.000646570118         -0.000650247482         -0.000652126229         -0.000652078606         -0.000650106936         -0.000646344451         -0.000641047408
        0.000749159359          0.000743606120          0.000737100269          0.000730113535          0.000723133521          0.000716634420          0.000711046544          0.000706729391          0.000703950169          0.000702868352          0.000703527254          0.000705853072          0.000709661123          0.000714670536          0.000720523039          0.000726806944          0.000733085854          0.000738928546          0.000743933845          0.000747761006          0.000750149958          0.000750937992          0.000750070602          0.000747606470          0.000743712420          0.000738651543
       -0.000657393724         -0.000652104913         -0.000646227834         -0.000640175655         -0.000634361416         -0.000629171336         -0.000624941802         -0.000621938916         -0.000620341812         -0.000620234426         -0.000621598897         -0.000624320027         -0.000628194247         -0.000632944168         -0.000638235904         -0.000643703651         -0.000648972231         -0.000653683161         -0.000657516741         -0.000660214101         -0.000661592378         -0.000661559347         -0.000660116088         -0.000657359808         -0.000653474472         -0.000648722440
        0.000506955296          0.000501683142          0.000496065818          0.000490490817          0.000485332024          0.000480927323          0.000477557679          0.000475429974          0.000474665955          0.000475294795          0.000477252564          0.000480388484          0.000484475119          0.000489224255          0.000494307272          0.000499375314          0.000504083271          0.000508112693          0.000511191496          0.000513112983          0.000513747298          0.000513052100          0.000511073004          0.000507942148          0.000503869408          0.000499129219
       -0.000362870143         -0.000357559759         -0.000352109456         -0.000346888907         -0.000342243369         -0.000338473034         -0.000335814063         -0.000334425465         -0.000334379282         -0.000335657650         -0.000338155801         -0.000341689100         -0.000346005766         -0.000350805365         -0.000355758110         -0.000360526272         -0.000364786806         -0.000368252573         -0.000370690197         -0.000371936309         -0.000371906834         -0.000370603579         -0.000368112652         -0.000364600908         -0.000360303913         -0.000355510639
        0.000244930549          0.000239521522          0.000234158002          0.000229199155          0.000224969423          0.000221738351          0.000219704741          0.000218984738          0.000219605558          0.000221505827          0.000224540023          0.000228488730          0.000233074470          0.000237979974          0.000242869576          0.000247411144          0.000251297510          0.000254267088          0.000256120003          0.000256732004          0.000256061452          0.000254152889          0.000251133605          0.000247205818          0.000242633445          0.000237724953
       -0.000157178473         -0.000151703535         -0.000146455536         -0.000141782221         -0.000137985704         -0.000135304480         -0.000133898985         -0.000133842723         -0.000135118646         -0.000137621889         -0.000141166958         -0.000145501720         -0.000150323864         -0.000155301163         -0.000160094159         -0.000164377825         -0.000167862546         -0.000170313998         -0.000171566873         -0.000171537007         -0.000170225824         -0.000167720936         -0.000164189891         -0.000159869674         -0.000155051462         -0.000150061707
        0.000095659110          0.000090181156          0.000085109895          0.000080777476          0.000077460742          0.000075363950          0.000074607371          0.000075220570          0.000077141622          0.000080222571          0.000084240233          0.000088911621          0.000093912581          0.000098899874          0.000103533830          0.000107500339          0.000110531532          0.000112423171          0.000113047593          0.000112362644          0.000110413823          0.000107331584          0.000103322775          0.000098657361          0.000093651013          0.000088644522
       -0.000054672069         -0.000049283455         -0.000044476933         -0.000040563928         -0.000037790538         -0.000036323211         -0.000036239018         -0.000037522069         -0.000040065600         -0.000043680667         -0.000048108950         -0.000053040670         -0.000058135087         -0.000063043382         -0.000067431505         -0.000071002299         -0.000073514395         -0.000074798431         -0.000074767416         -0.000073423255         -0.000070855763         -0.000067237291         -0.000062811567         -0.000057877718         -0.000052771058         -0.000047841077
        0.000028599332          0.000023398549          0.000018947565          0.000015530836          0.000013359244          0.000012557452          0.000013157174          0.000015096490          0.000018225178          0.000022315594          0.000027078337          0.000032181996          0.000037275044          0.000042009346          0.000046063019          0.000049161440          0.000051095182          0.000051733433          0.000051032856          0.000049040243          0.000045889242          0.000041792189          0.000037025892          0.000031913883          0.000026805316          0.000022051754
       -0.000012865945         -0.000007951102         -0.000003941762         -0.000001090259          0.000000432394          0.000000546129         -0.000000734226         -0.000003301267         -0.000006963161         -0.000011457296         -0.000016467999         -0.000021648015         -0.000026641443         -0.000031107443         -0.000034742470         -0.000037300288         -0.000038607599         -0.000038575929         -0.000037207000         -0.000034592607         -0.000030908886         -0.000026404768         -0.000021385698         -0.000016193968         -0.000011185953         -0.000006708691
        0.000004016967         -0.000000521114         -0.000004012969         -0.000006243400         -0.000007084593         -0.000006502901         -0.000004559946         -0.000001407319          0.000002724649          0.000007542579          0.000012709969          0.000017869861          0.000022668420          0.000026778435          0.000029920666          0.000031881891          0.000032529226          0.000031818587          0.000029797478          0.000026602034          0.000022448185          0.000017617543          0.000012439095          0.000007267601          0.000002460213         -0.000001647339
        0.000000397009          0.000004476751          0.000007387335          0.000008954568          0.000009096251          0.000007826164          0.000005252064          0.000001567271         -0.000002962919         -0.000008019319         -0.000013250350         -0.000018295532         -0.000022809474         -0.000026484591         -0.000029070958         -0.000030393048         -0.000030361058         -0.000028976708         -0.000026333227         -0.000022609213         -0.000018057082         -0.000012986627         -0.000007744579         -0.000002691982          0.000001819900          0.000005472922
       -0.000002044551         -0.000005594921         -0.000007872916         -0.000008748373         -0.000008186361         -0.000006248109         -0.000003085806          0.000001068401          0.000005918623          0.000011125132          0.000016327131          0.000021166922          0.000025313553          0.000028484407          0.000030463828          0.000031117286          0.000030400127          0.000028360482          0.000025136218          0.000020945795          0.000016074252          0.000010854325          0.000005644675          0.000000806180         -0.000003322093         -0.000006445634
        0.000002021456          0.000004982163          0.000006588511          0.000006756652          0.000005499644          0.000002925239         -0.000000772188         -0.000005325426         -0.000010412728         -0.000015679348         -0.000020761386         -0.000025309926         -0.000029014102         -0.000031621429         -0.000032954435         -0.000032922314         -0.000031526820         -0.000028862236         -0.000025109157         -0.000020522734         -0.000015415982         -0.000010139174         -0.000005056732         -0.000000523085          0.000003141024          0.000005670229
       -0.000001026333         -0.000003347976         -0.000004255714         -0.000003713453         -0.000001782096          0.000001385650          0.000005556320          0.000010431832          0.000015669719          0.000020906082          0.000025779873          0.000029956863          0.000033151620          0.000035146282          0.000035804916          0.000035082376          0.000033027362          0.000029779152          0.000025558576          0.000020653486          0.000015399909          0.000010159814          0.000005297193          0.000001153851         -0.000001973616         -0.000003853860
       -0.000000507718          0.000001136509          0.000001330574          0.000000086782         -0.000002486980         -0.000006195442         -0.000010769658         -0.000015885388         -0.000021184995         -0.000026301291         -0.000030882154         -0.000034613575         -0.000037240556         -0.000038583815         -0.000038551573         -0.000037145656         -0.000034461331         -0.000030681089         -0.000026062691         -0.000020922222         -0.000015613256         -0.000010503430         -0.000005950112         -0.000002276418          0.000000250531          0.000001437954
        0.000002318606          0.000001378886          0.000001901738          0.000003826577          0.000007000181          0.000011187706          0.000016088945          0.000021358671          0.000026629782          0.000031537968          0.000035745700          0.000038964645          0.000040974739          0.000041638568          0.000040910575          0.000038839973          0.000035567545          0.000031316415          0.000026377360          0.000021089677          0.000015818679          0.000010931528          0.000006772733          0.000003640996          0.000001768933          0.000001306984
       -0.000004250763         -0.000004031100         -0.000005262344         -0.000007836518         -0.000011557368         -0.000016154147         -0.000021300117         -0.000026634531         -0.000031786962         -0.000036401753         -0.000040161783         -0.000042809389         -0.000044163368         -0.000044130971         -0.000042714071         -0.000040008980         -0.000036200169         -0.000031548094         -0.000026372035         -0.000021028997         -0.000015890009         -0.000011315441         -0.000007630892         -0.000005105197         -0.000003932025         -0.000004216311
        0.000006212490          0.000006716670          0.000008636124          0.000011817072          0.000016023280          0.000020952314          0.000026256051          0.000031564221          0.000036508902          0.000040749166          0.000043993718          0.000046020082          0.000046689399          0.000045955587          0.000043868434          0.000040570300          0.000036286717          0.000031311532          0.000025987426          0.000020683276          0.000015769526          0.000011593477          0.000008456003          0.000006591027          0.000006149450          0.000007188248
       -0.000008148802         -0.000009368695         -0.000011944701         -0.000015679603         -0.000020300821         -0.000025478982         -0.000030850318         -0.000036040839         -0.000040691359         -0.000044481447         -0.000047150678         -0.000048515878         -0.000048483298         -0.000047054793         -0.000044327815         -0.000040488868         -0.000035801241         -0.000030587542         -0.000025208315         -0.000020038115         -0.000015440397         -0.000011743295         -0.000009217394         -0.000008057270         -0.000008367836         -0.000010156478
        0.000010024660          0.000011940213          0.000015130047          0.000019356506          0.000024314923          0.000029654361          0.000035001107          0.000039983717          0.000044257769          0.000047528825          0.000049572018          0.000050246968          0.000049507077          0.000047402695          0.000044077800          0.000039760429          0.000034747559          0.000029385405          0.000024046393          0.000019104322          0.000014909370          0.000011764518          0.000009905061          0.000009482296          0.000010552747          0.000013073374
       -0.000011815053         -0.000014394513         -0.000018144917         -0.000022791858         -0.000028003495         -0.000033412833         -0.000038642407         -0.000043329504         -0.000047150322         -0.000049841614         -0.000051218229         -0.000051185369         -0.000049744955         -0.000046995496         -0.000043125619         -0.000038401461         -0.000033149007         -0.000027732405         -0.000022529623         -0.000017907311         -0.000014196060         -0.000011668204         -0.000010519167         -0.000010853819         -0.000012678641         -0.000015900209
        0.000013499487          0.000016699772          0.000020947721          0.000025936546          0.000031312439          0.000036698364          0.000041719342          0.000046027506          0.000049325302          0.000051385432          0.000052065969          0.000051319849          0.000049197988          0.000045845959          0.000041494308          0.000036443147          0.000031042197          0.000025667399          0.000020695868          0.000016480575          0.000013326618          0.000011470527          0.000011063996          0.000012163027          0.000014723278          0.000018601789
       -0.000015059098         -0.000018826425         -0.000023500127         -0.000028745857         -0.000034193578         -0.000039462393         -0.000044186087         -0.000048037600         -0.000050750911         -0.000052138845         -0.000052105607         -0.000050653161         -0.000047881131         -0.000043980175         -0.000039219264         -0.000033927714         -0.000028473147         -0.000023236995         -0.000018588882         -0.000014861871         -0.000012329913         -0.000011189222         -0.000011544565         -0.000013401480         -0.000016664835         -0.000021143877
        0.000016475442          0.000020746143          0.000025766120          0.000031178821          0.000036604001          0.000041663235          0.000046005269          0.000049329572          0.000051406436          0.000052092432          0.000051340000          0.000049200656          0.000045821551          0.000041435639          0.000036346122          0.000030906086          0.000025494955          0.000020493015          0.000016255944          0.000013090829          0.000011235382          0.000010841589          0.000011964902          0.000014559609          0.000018480720          0.000023492231
       -0.000017730157         -0.000022431684         -0.000027712071         -0.000033198326         -0.000038506268         -0.000043266278         -0.000047148131         -0.000049883134         -0.000051282176         -0.000051248454         -0.000049783983         -0.000046989478         -0.000043057585         -0.000038260008         -0.000032929252         -0.000027436374         -0.000022166069         -0.000017490901         -0.000013746217         -0.000011207533         -0.000010071749         -0.000010443479         -0.000012327259         -0.000015626230         -0.000020147313         -0.000025612537
        0.000018805166          0.000023857244          0.000029307196          0.000034771689          0.000039868979          0.000044244561          0.000047594991          0.000049688296          0.000050379576          0.000049620803          0.000047464050          0.000044057999          0.000039637960          0.000034510054          0.000029030681          0.000023582559          0.000018549062          0.000014288431          0.000011109663          0.000009251546          0.000008866309          0.000010008796          0.000012631901          0.000016588581          0.000021640221          0.000027470942
       -0.000019683091         -0.000024999030         -0.000030524242         -0.000035871357         -0.000040667509         -0.000044579414         -0.000047335805         -0.000048745727         -0.000048711419         -0.000047234944         -0.000044418035         -0.000040455282         -0.000035620992         -0.000030250784         -0.000024718970         -0.000019413424         -0.000014709490         -0.000010944738         -0.000008396151         -0.000007261268         -0.000007644491         -0.000009549342         -0.000012877209         -0.000017432644         -0.000022934864         -0.000029034699
        0.000020347781          0.000025835916          0.000031340189          0.000036475663          0.000040884706          0.000044261081          0.000046370621          0.000047067044          0.000046301870          0.000044127702          0.000040694687          0.000036240388          0.000031073773          0.000025554395          0.000020068171          0.000015001425          0.000010714891          0.000007519384          0.000005654759          0.000005273432          0.000006429624          0.000009074835          0.000013059926          0.000018143666          0.000024007097          0.000030273192
       -0.000020784861         -0.000026350051         -0.000031736925         -0.000036569478         -0.000040511479         -0.000043289196         -0.000044709893         -0.000044674905         -0.000043186328         -0.000040346899         -0.000036353036         -0.000031481593         -0.000026071155         -0.000020499209         -0.000015156675         -0.000010421624         -0.000006633773         -0.000004071549         -0.000002933145         -0.000003322731         -0.000005242815         -0.000008593034         -0.000013175551         -0.000018706664         -0.000024834052         -0.000031157977
        0.000020982218          0.000026527438          0.000031701840          0.000036144755          0.000039547260          0.000041673074          0.000042374589          0.000041602885          0.000039411084          0.000035950747          0.000031461607          0.000026255373          0.000020694650          0.000015168474          0.000010066056          0.000005750575          0.000002534670          0.000000659258          0.000000277011          0.000001441519          0.000004102906          0.000008109946          0.000013218686          0.000019107062          0.000025394213          0.000031665623
       -0.000020930449         -0.000026358422         -0.000031228275         -0.000035200933         -0.000038000262         -0.000039431826         -0.000039396077         -0.000037895149         -0.000035032742         -0.000031007067         -0.000026097419         -0.000020645272         -0.000015031192         -0.000009649140         -0.000004879861         -0.000001065252          0.000001514767          0.000002661321          0.000002270368          0.000000340395         -0.000003026492         -0.000007630014         -0.000013183446         -0.000019330776         -0.000025669808         -0.000031773439
        0.000020623236          0.000025838053          0.000030315881          0.000033745168          0.000035887592          0.000036594256          0.000035815824          0.000033605915          0.000030117456          0.000025592311          0.000020344842          0.000014740653          0.000009171850          0.000004030557         -0.000000317571         -0.000003557993         -0.000005448642         -0.000005836524         -0.000004668535         -0.000001995933          0.000002027944          0.000007156294          0.000013063548          0.000019366121          0.000025643182          0.000031472481
       -0.000020057623         -0.000024966382         -0.000028970807         -0.000031792436         -0.000033235160         -0.000033198585         -0.000031684899         -0.000028798710         -0.000024739988         -0.000019790425         -0.000014294339         -0.000008635359         -0.000003210472          0.000001596793          0.000005442276          0.000008044449          0.000009203615          0.000008815746          0.000006880216          0.000003500887         -0.000001119349         -0.000006690536         -0.000012853710         -0.000019200871         -0.000025307653         -0.000030737361
        0.000019234239          0.000023748618          0.000027205803          0.000029365464          0.000030077439          0.000029292014          0.000027063276          0.000023545492          0.000018982596          0.000013691611          0.000008041121          0.000002426333         -0.000002757661         -0.000007142561         -0.000010411800         -0.000012321986         -0.000012719612         -0.000011551986         -0.000008871628         -0.000004834206          0.000000310582          0.000006234065          0.000012547437          0.000018830842          0.000024642302          0.000029600185
       -0.000018157424         -0.000022195213         -0.000025040163         -0.000026494526         -0.000026457092         -0.000024930079         -0.000022019024         -0.000017925583         -0.000012933845         -0.000007390991         -0.000001683747          0.000003787786          0.000008637169          0.000012517773          0.000015146274          0.000016321919          0.000015940551          0.000014002314          0.000010612977          0.000005977941          0.000000390341         -0.000005786310         -0.000012143226         -0.000018239968         -0.000023673451         -0.000027972302
        0.000016835298          0.000020321838          0.000022499578          0.000023217141          0.000022424392          0.000020175925          0.000016627310          0.000012024540          0.000006687298          0.000000987219         -0.000004677303         -0.000009908045         -0.000014333903         -0.000017636013         -0.000019569406         -0.000019979877         -0.000018814937         -0.000016128568         -0.000012078430         -0.000006917410         -0.000000977972          0.000005348585          0.000011630159          0.000017448558          0.000022326949          0.000026058865
       -0.000015279765         -0.000018149272         -0.000019615890         -0.000019577573         -0.000018036597         -0.000015099396         -0.000010969344         -0.000005932899         -0.000000340156          0.000005418948          0.000010941035          0.000015836568          0.000019756218          0.000022414529          0.000023609491          0.000023236547          0.000021296766          0.000017897357          0.000013246788          0.000007641162          0.000001448101         -0.000004915323         -0.000011022391         -0.000016397945         -0.000020770732         -0.000023380674
        0.000013506451          0.000015703245          0.000016426698          0.000015626310          0.000013357134          0.000009776077          0.000005131203         -0.000000255126         -0.000006008138         -0.000011726070         -0.000017007379         -0.000021477902         -0.000024816172         -0.000026775368         -0.000027200275         -0.000026038740         -0.000023345548         -0.000019281226         -0.000014100709         -0.000008142063         -0.000001800832          0.000004494478          0.000010277468          0.000015216800          0.000018608913          0.000020969605
       -0.000011534616         -0.000013014124         -0.000012974935         -0.000011419361         -0.000008454753         -0.000004286204          0.000000797399          0.000006443003          0.000012257312          0.000017833467          0.000022778580          0.000026740292          0.000029430768          0.000030646342          0.000030282177          0.000028339454          0.000024927941          0.000020257166          0.000014630169          0.000008414743          0.000002034371         -0.000004060259         -0.000009483367         -0.000013597483         -0.000016686496         -0.000016408422
        0.000009386945          0.000010116619          0.000009308295          0.000007017529          0.000003402551         -0.000001286463         -0.000006724401         -0.000012533246         -0.000018307700         -0.000023642643         -0.000028160520         -0.000031536998         -0.000033523006         -0.000033962390         -0.000032802388         -0.000030099941         -0.000026015591         -0.000020812342         -0.000014824403         -0.000008463433         -0.000002157669          0.000003659174          0.000008424194          0.000012187550          0.000013020954          0.000014516087
       -0.000007089373         -0.000007049335         -0.000005478643         -0.000002485571          0.000001723047          0.000006855850          0.000012556700          0.000018428822          0.000024061656          0.000029058635          0.000033064105          0.000035787428          0.000037023360          0.000036665707          0.000034717327          0.000031286914          0.000026592994          0.000020930774          0.000014693449          0.000008280340          0.000002165808         -0.000003169088         -0.000007542657         -0.000009463950         -0.000011551472         -0.000004660689
        0.000004670781          0.000003854331          0.000001541308         -0.000002108700         -0.000006843383         -0.000012334779         -0.000018201502         -0.000024034546         -0.000029424925         -0.000033991436         -0.000037406443         -0.000039418692         -0.000039869937         -0.000038708548         -0.000035989286         -0.000031882395         -0.000026639218         -0.000020628003         -0.000014213136         -0.000007901613         -0.000002086651          0.000002823734          0.000005792525          0.000008436605          0.000003590116          0.000007514320
       -0.000002162703         -0.000000576569          0.000002445659          0.000006695374          0.000011878675          0.000017636247          0.000023567663          0.000029258426          0.000034308065          0.000038357206          0.000041112462          0.000042365804          0.000042011578          0.000040049375          0.000036598056          0.000031860856          0.000026174929          0.000019864112          0.000013459516          0.000007261820          0.000001896263         -0.000002063422         -0.000005219931         -0.000002470615         -0.000006006215 
       -0.000000401058         -0.000002736674         -0.000006422301         -0.000011203430         -0.000016749190         -0.000022674692         -0.000028566996         -0.000034013073         -0.000038627673         -0.000042079921         -0.000044115135         -0.000044575006         -0.000043403579         -0.000040666037         -0.000036513949         -0.000031247634         -0.000025145347         -0.000018753271         -0.000012276308         -0.000006544344         -0.000001665776          0.000001951314          0.000001319036          0.000004420217  
        0.000002984844          0.000006036454          0.000010327599          0.000015561783          0.000021376414          0.000027367234          0.000033115646          0.000038216921          0.000042308038          0.000045091622          0.000046358984          0.000045999161          0.000044022183          0.000040525197          0.000035766454          0.000029974210          0.000023700386          0.000017052221          0.000011048489          0.000005337435          0.000001318646         -0.000000152783         -0.000002781136   
       -0.000005551617         -0.000009272844         -0.000014100371         -0.000019700338         -0.000025684208         -0.000031634984         -0.000037135265         -0.000041795849         -0.000045281407         -0.000047336028         -0.000047795215         -0.000046613272         -0.000043830979         -0.000039659926         -0.000034274654         -0.000028223308         -0.000021515040         -0.000015338660         -0.000008894666         -0.000004539313         -0.000001010429          0.000001114499    
        0.000008063467          0.000012395670          0.000017680188          0.000023551031          0.000029600018          0.000035404165          0.000040554589          0.000044683457          0.000047491639          0.000048763508          0.000048397998          0.000046378491          0.000042865996          0.000037978443          0.000032250648          0.000025594687          0.000019347843          0.000012282131          0.000007660716          0.000002152819          0.000000553796     
       -0.000010482167         -0.000015355273         -0.000021008281         -0.000027048932         -0.000033055929         -0.000038607607         -0.000043309719         -0.000046824707         -0.000048889116         -0.000049347824         -0.000048126728         -0.000045333146         -0.000041026308         -0.000035718331         -0.000029226641         -0.000023013007         -0.000015446862         -0.000010634247         -0.000003256794         -0.000002197844      
        0.000012769762          0.000018103262          0.000024028514          0.000030133196          0.000035990051          0.000041185026          0.000045347664          0.000048170843          0.000049447633          0.000049047335          0.000047021343          0.000043369022          0.000038570684          0.000032352978          0.000026276109          0.000018339031          0.000013413385          0.000004305199          0.000003792083       
       -0.000014889159         -0.000020593330         -0.000026688217         -0.000032748319         -0.000038346782         -0.000043086411         -0.000046621392         -0.000048696152         -0.000049125252         -0.000047902877         -0.000044968312         -0.000040761454         -0.000034923357         -0.000029085034         -0.000020912744         -0.000015954371         -0.000005281587         -0.000005311656        
        0.000016804771          0.000022781965          0.000028939291          0.000034844386          0.000040079984          0.000044267282          0.000047106130          0.000048359149          0.000047962996          0.000045797664          0.000042254660          0.000036895945          0.000031394476          0.000023126782          0.000018216895          0.000006170458          0.000006732778         
       -0.000018483076         -0.000024629374         -0.000030738424         -0.000036379969         -0.000041148531         -0.000044704261         -0.000046761597         -0.000047200334         -0.000045842931         -0.000043025355         -0.000038238185         -0.000033166777         -0.000024945312         -0.000020164756         -0.000006957522         -0.000008033078          
        0.000019893360          0.000026099664          0.000032049667          0.000037318050          0.000041530871          0.000044359001          0.000045627076          0.000045102746          0.000043060198          0.000038927489          0.000034372615          0.000026338544          0.000021766475          0.000007629937          0.000009191948           
       -0.000021007853         -0.000027163050         -0.000032840800         -0.000037639311         -0.000041191295         -0.000043268902         -0.000043588679         -0.000042357841         -0.000038951758         -0.000034991629         -0.000027283282         -0.000022995872         -0.000008176535         -0.000010190881            
        0.000021803519          0.000027792727          0.000033095119          0.000037311347          0.000040164692          0.000041325191          0.000040929089          0.000038309735          0.000035012889          0.000027763418          0.000023832552          0.000008588042          0.000011013779             
       -0.000022259496         -0.000027974945         -0.000032784129         -0.000036365952         -0.000038349354         -0.000038796844         -0.000037011142         -0.000034435212         -0.000027770307         -0.000024262333         -0.000008857248         -0.000011647251              
        0.000022365282          0.000027685664          0.000031936008          0.000034710307          0.000035995858          0.000035076647          0.000033267291          0.000027303016          0.000024277579          0.000008979170          0.000012080853               
       -0.000022101764         -0.000026948984         -0.000030468490         -0.000032572220         -0.000032537629         -0.000031527659         -0.000026368431         -0.000023877413         -0.000008951172         -0.000012307314                
        0.000021488575          0.000025694673          0.000028582640          0.000029435726          0.000029244486          0.000024981228          0.000023067816          0.000008773052          0.000012322697                 
       -0.000020468787         -0.000024093540         -0.000025822184         -0.000026455172         -0.000023163715         -0.000021861596         -0.000008447066         -0.000012126516                  
        0.000019179958          0.000021757039          0.000023205760          0.000020945509          0.000020278253          0.000007977934          0.000011721776                   
       -0.000017308134         -0.000019550207         -0.000018363077         -0.000018343695         -0.000007372786         -0.000011114968                    
        0.000015549492          0.000015459157          0.000016089833          0.000006641069          0.000010315992                     
       -0.000012282060         -0.000013554076         -0.000005794402         -0.000009338014                      
        0.000010778711          0.000004846401          0.000008197258                       
       -0.000003812461         -0.000006912752                        
        0.000005506003                         
