        0.076711991434          0.076711992358          0.076711992751          0.076711992822          0.076711992707          0.076711992495          0.076711992241          0.076711991980          0.076711991730          0.076711991502          0.076711991300          0.076711991125          0.076711990977          0.076711990853          0.076711990750          0.076711990665          0.076711990596          0.076711990541          0.076711990496          0.076711990462          0.076711990435          0.076711990415          0.076711990401          0.076711990392          0.076711990388          0.076711990389
       -0.034052069287         -0.034052065147         -0.034052062129         -0.034052059925         -0.034052058314         -0.034052057137         -0.034052056276         -0.034052055646         -0.034052055186         -0.034052054848         -0.034052054601         -0.034052054419         -0.034052054286         -0.034052054189         -0.034052054117         -0.034052054065         -0.034052054027         -0.034052053999         -0.034052053979         -0.034052053964         -0.034052053954         -0.034052053947         -0.034052053942         -0.034052053940         -0.034052053939         -0.034052053940
        0.014015564153          0.014015565318          0.014015566179          0.014015566816          0.014015567286          0.014015567635          0.014015567893          0.014015568083          0.014015568223          0.014015568327          0.014015568404          0.014015568462          0.014015568505          0.014015568536          0.014015568560          0.014015568577          0.014015568590          0.014015568600          0.014015568607          0.014015568612          0.014015568615          0.014015568618          0.014015568619          0.014015568620          0.014015568620          0.014015568619
       -0.005376070383         -0.005376069841         -0.005376069454         -0.005376069179         -0.005376068983         -0.005376068842         -0.005376068743         -0.005376068671         -0.005376068626         -0.005376068595         -0.005376068571         -0.005376068553         -0.005376068538         -0.005376068529         -0.005376068523         -0.005376068519         -0.005376068515         -0.005376068513         -0.005376068511         -0.005376068510         -0.005376068510         -0.005376068509         -0.005376068509         -0.005376068509         -0.005376068509         -0.005376068509
        0.001397381075          0.001397381157          0.001397381220          0.001397381273          0.001397381317          0.001397381352          0.001397381383          0.001397381407          0.001397381429          0.001397381440          0.001397381449          0.001397381461          0.001397381469          0.001397381472          0.001397381477          0.001397381479          0.001397381482          0.001397381484          0.001397381486          0.001397381487          0.001397381487          0.001397381488          0.001397381488          0.001397381488          0.001397381488          0.001397381487
        0.000181330653          0.000181330771          0.000181330848          0.000181330900          0.000181330934          0.000181330954          0.000181330974          0.000181331024          0.000181331035          0.000181331039          0.000181331048          0.000181331051          0.000181331048          0.000181331049          0.000181331048          0.000181331048          0.000181331047          0.000181331046          0.000181331046          0.000181331045          0.000181331045          0.000181331045          0.000181331045          0.000181331045          0.000181331045          0.000181331046
       -0.000726755518         -0.000726755603         -0.000726755653         -0.000726755680         -0.000726755700         -0.000726755719         -0.000726755671         -0.000726755664         -0.000726755674         -0.000726755672         -0.000726755662         -0.000726755660         -0.000726755655         -0.000726755659         -0.000726755650         -0.000726755650         -0.000726755649         -0.000726755648         -0.000726755648         -0.000726755647         -0.000726755647         -0.000726755646         -0.000726755646         -0.000726755646         -0.000726755646         -0.000726755646
        0.000792791216          0.000792791324          0.000792791405          0.000792791467          0.000792791514          0.000792791554          0.000792791595          0.000792791579          0.000792791592          0.000792791587          0.000792791597          0.000792791606          0.000792791605          0.000792791613          0.000792791623          0.000792791624          0.000792791626          0.000792791627          0.000792791627          0.000792791627          0.000792791628          0.000792791628          0.000792791628          0.000792791628          0.000792791627          0.000792791627
       -0.000681721377         -0.000681721472         -0.000681721545         -0.000681721596         -0.000681721660         -0.000681721667         -0.000681721720         -0.000681721718         -0.000681721743         -0.000681721756         -0.000681721763         -0.000681721761         -0.000681721770         -0.000681721754         -0.000681721763         -0.000681721764         -0.000681721766         -0.000681721767         -0.000681721767         -0.000681721768         -0.000681721768         -0.000681721768         -0.000681721768         -0.000681721768         -0.000681721768         -0.000681721767
        0.000524034296          0.000524034396          0.000524034471          0.000524034543          0.000524034565          0.000524034568          0.000524034605          0.000524034625          0.000524034629          0.000524034635          0.000524034633          0.000524034645          0.000524034651          0.000524034643          0.000524034650          0.000524034651          0.000524034652          0.000524034653          0.000524034653          0.000524034653          0.000524034653          0.000524034653          0.000524034653          0.000524034653          0.000524034652          0.000524034650
       -0.000376574402         -0.000376574519         -0.000376574610         -0.000376574666         -0.000376574676         -0.000376574695         -0.000376574748         -0.000376574753         -0.000376574774         -0.000376574783         -0.000376574793         -0.000376574801         -0.000376574808         -0.000376574804         -0.000376574810         -0.000376574812         -0.000376574814         -0.000376574815         -0.000376574815         -0.000376574816         -0.000376574816         -0.000376574815         -0.000376574814         -0.000376574814         -0.000376574812         -0.000376574812
        0.000257847127          0.000257847227          0.000257847306          0.000257847340          0.000257847372          0.000257847398          0.000257847431          0.000257847450          0.000257847470          0.000257847481          0.000257847489          0.000257847496          0.000257847502          0.000257847502          0.000257847506          0.000257847507          0.000257847509          0.000257847510          0.000257847510          0.000257847510          0.000257847510          0.000257847509          0.000257847509          0.000257847508          0.000257847506          0.000257847503
       -0.000169895361         -0.000169895436         -0.000169895484         -0.000169895519         -0.000169895535         -0.000169895554         -0.000169895575         -0.000169895589         -0.000169895599         -0.000169895608         -0.000169895610         -0.000169895612         -0.000169895615         -0.000169895616         -0.000169895617         -0.000169895617         -0.000169895618         -0.000169895619         -0.000169895619         -0.000169895619         -0.000169895619         -0.000169895619         -0.000169895618         -0.000169895616         -0.000169895616         -0.000169895611
        0.000108254429          0.000108254477          0.000108254510          0.000108254521          0.000108254535          0.000108254538          0.000108254546          0.000108254551          0.000108254558          0.000108254558          0.000108254556          0.000108254555          0.000108254555          0.000108254555          0.000108254554          0.000108254554          0.000108254554          0.000108254554          0.000108254554          0.000108254554          0.000108254554          0.000108254555          0.000108254553          0.000108254554          0.000108254552          0.000108254553
       -0.000066841140         -0.000066841173         -0.000066841190         -0.000066841204         -0.000066841202         -0.000066841202         -0.000066841201         -0.000066841207         -0.000066841208         -0.000066841205         -0.000066841202         -0.000066841200         -0.000066841199         -0.000066841199         -0.000066841198         -0.000066841197         -0.000066841197         -0.000066841197         -0.000066841197         -0.000066841197         -0.000066841197         -0.000066841197         -0.000066841198         -0.000066841197         -0.000066841199         -0.000066841200
        0.000039984362          0.000039984391          0.000039984413          0.000039984419          0.000039984421          0.000039984421          0.000039984423          0.000039984428          0.000039984429          0.000039984427          0.000039984425          0.000039984423          0.000039984423          0.000039984423          0.000039984422          0.000039984422          0.000039984422          0.000039984422          0.000039984422          0.000039984422          0.000039984422          0.000039984423          0.000039984422          0.000039984423          0.000039984423          0.000039984425
       -0.000023117388         -0.000023117423         -0.000023117443         -0.000023117454         -0.000023117461         -0.000023117466         -0.000023117469         -0.000023117477         -0.000023117480         -0.000023117479         -0.000023117480         -0.000023117479         -0.000023117479         -0.000023117480         -0.000023117480         -0.000023117480         -0.000023117480         -0.000023117480         -0.000023117480         -0.000023117480         -0.000023117480         -0.000023117479         -0.000023117479         -0.000023117478         -0.000023117478         -0.000023117475
        0.000012849875          0.000012849910          0.000012849932          0.000012849947          0.000012849958          0.000012849966          0.000012849972          0.000012849981          0.000012849985          0.000012849986          0.000012849988          0.000012849988          0.000012849989          0.000012849990          0.000012849990          0.000012849991          0.000012849991          0.000012849990          0.000012849991          0.000012849990          0.000012849990          0.000012849989          0.000012849987          0.000012849985          0.000012849983          0.000012849980
       -0.000006799434         -0.000006799465         -0.000006799487         -0.000006799503         -0.000006799516         -0.000006799524         -0.000006799530         -0.000006799539         -0.000006799544         -0.000006799545         -0.000006799547         -0.000006799548         -0.000006799549         -0.000006799550         -0.000006799550         -0.000006799551         -0.000006799550         -0.000006799551         -0.000006799551         -0.000006799550         -0.000006799549         -0.000006799547         -0.000006799545         -0.000006799544         -0.000006799539         -0.000006799532
        0.000003360743          0.000003360769          0.000003360788          0.000003360802          0.000003360813          0.000003360821          0.000003360826          0.000003360833          0.000003360837          0.000003360838          0.000003360840          0.000003360841          0.000003360842          0.000003360842          0.000003360843          0.000003360843          0.000003360843          0.000003360843          0.000003360843          0.000003360842          0.000003360841          0.000003360839          0.000003360839          0.000003360835          0.000003360827          0.000003360825
       -0.000001489513         -0.000001489533         -0.000001489547         -0.000001489558         -0.000001489566         -0.000001489572         -0.000001489576         -0.000001489581         -0.000001489584         -0.000001489584         -0.000001489586         -0.000001489586         -0.000001489586         -0.000001489587         -0.000001489587         -0.000001489588         -0.000001489588         -0.000001489588         -0.000001489587         -0.000001489586         -0.000001489585         -0.000001489586         -0.000001489583         -0.000001489577         -0.000001489575         -0.000001489574
        0.000000527745          0.000000527760          0.000000527770          0.000000527778          0.000000527783          0.000000527787          0.000000527789          0.000000527793          0.000000527794          0.000000527794          0.000000527795          0.000000527796          0.000000527796          0.000000527796          0.000000527796          0.000000527796          0.000000527797          0.000000527797          0.000000527796          0.000000527795          0.000000527797          0.000000527795          0.000000527790          0.000000527789          0.000000527790          0.000000527787
       -0.000000073494         -0.000000073505         -0.000000073512         -0.000000073517         -0.000000073521         -0.000000073523         -0.000000073525         -0.000000073527         -0.000000073528         -0.000000073528         -0.000000073528         -0.000000073528         -0.000000073528         -0.000000073529         -0.000000073529         -0.000000073529         -0.000000073529         -0.000000073529         -0.000000073529         -0.000000073531         -0.000000073529         -0.000000073526         -0.000000073525         -0.000000073526         -0.000000073524         -0.000000073521
       -0.000000111007         -0.000000110999         -0.000000110994         -0.000000110990         -0.000000110987         -0.000000110985         -0.000000110984         -0.000000110983         -0.000000110983         -0.000000110983         -0.000000110983         -0.000000110983         -0.000000110982         -0.000000110982         -0.000000110982         -0.000000110982         -0.000000110982         -0.000000110982         -0.000000110980         -0.000000110981         -0.000000110983         -0.000000110984         -0.000000110984         -0.000000110986         -0.000000110988         -0.000000110993
        0.000000161484          0.000000161476          0.000000161472          0.000000161468          0.000000161465          0.000000161464          0.000000161463          0.000000161462          0.000000161462          0.000000161462          0.000000161462          0.000000161461          0.000000161461          0.000000161461          0.000000161461          0.000000161461          0.000000161461          0.000000161460          0.000000161461          0.000000161462          0.000000161463          0.000000161464          0.000000161466          0.000000161469          0.000000161473          0.000000161481
       -0.000000152177         -0.000000152170         -0.000000152165         -0.000000152162         -0.000000152159         -0.000000152158         -0.000000152157         -0.000000152156         -0.000000152155         -0.000000152155         -0.000000152155         -0.000000152155         -0.000000152154         -0.000000152155         -0.000000152155         -0.000000152155         -0.000000152154         -0.000000152155         -0.000000152156         -0.000000152157         -0.000000152158         -0.000000152161         -0.000000152164         -0.000000152170         -0.000000152177         -0.000000152188
        0.000000121505          0.000000121498          0.000000121493          0.000000121490          0.000000121487          0.000000121485          0.000000121484          0.000000121483          0.000000121482          0.000000121482          0.000000121482          0.000000121481          0.000000121481          0.000000121481          0.000000121482          0.000000121481          0.000000121482          0.000000121484          0.000000121485          0.000000121487          0.000000121490          0.000000121494          0.000000121499          0.000000121507          0.000000121518          0.000000121534
       -0.000000087789         -0.000000087782         -0.000000087777         -0.000000087773         -0.000000087770         -0.000000087768         -0.000000087767         -0.000000087766         -0.000000087765         -0.000000087764         -0.000000087764         -0.000000087764         -0.000000087764         -0.000000087764         -0.000000087764         -0.000000087765         -0.000000087767         -0.000000087768         -0.000000087770         -0.000000087773         -0.000000087778         -0.000000087784         -0.000000087792         -0.000000087803         -0.000000087818         -0.000000087839
        0.000000058598          0.000000058591          0.000000058586          0.000000058582          0.000000058579          0.000000058577          0.000000058576          0.000000058575          0.000000058574          0.000000058574          0.000000058573          0.000000058573          0.000000058574          0.000000058574          0.000000058575          0.000000058576          0.000000058578          0.000000058580          0.000000058583          0.000000058587          0.000000058593          0.000000058601          0.000000058612          0.000000058626          0.000000058645          0.000000058669
       -0.000000036111         -0.000000036105         -0.000000036100         -0.000000036096         -0.000000036093         -0.000000036091         -0.000000036090         -0.000000036089         -0.000000036088         -0.000000036088         -0.000000036088         -0.000000036088         -0.000000036088         -0.000000036089         -0.000000036090         -0.000000036092         -0.000000036094         -0.000000036097         -0.000000036101         -0.000000036107         -0.000000036114         -0.000000036124         -0.000000036137         -0.000000036154         -0.000000036176         -0.000000036206
        0.000000020066          0.000000020060          0.000000020056          0.000000020052          0.000000020050          0.000000020048          0.000000020047          0.000000020046          0.000000020045          0.000000020045          0.000000020045          0.000000020045          0.000000020046          0.000000020047          0.000000020048          0.000000020050          0.000000020053          0.000000020057          0.000000020062          0.000000020069          0.000000020077          0.000000020089          0.000000020104          0.000000020124          0.000000020149          0.000000020183
       -0.000000009296         -0.000000009291         -0.000000009287         -0.000000009284         -0.000000009282         -0.000000009280         -0.000000009279         -0.000000009279         -0.000000009278         -0.000000009278         -0.000000009278         -0.000000009279         -0.000000009279         -0.000000009281         -0.000000009283         -0.000000009285         -0.000000009288         -0.000000009293         -0.000000009299         -0.000000009306         -0.000000009316         -0.000000009329         -0.000000009346         -0.000000009368         -0.000000009397         -0.000000009434
        0.000000002476          0.000000002472          0.000000002468          0.000000002466          0.000000002464          0.000000002463          0.000000002462          0.000000002461          0.000000002461          0.000000002461          0.000000002461          0.000000002462          0.000000002463          0.000000002465          0.000000002467          0.000000002470          0.000000002473          0.000000002478          0.000000002485          0.000000002493          0.000000002504          0.000000002519          0.000000002537          0.000000002561          0.000000002593          0.000000002633
        0.000000001566          0.000000001569          0.000000001572          0.000000001574          0.000000001576          0.000000001577          0.000000001578          0.000000001578          0.000000001578          0.000000001578          0.000000001578          0.000000001577          0.000000001575          0.000000001574          0.000000001571          0.000000001568          0.000000001564          0.000000001559          0.000000001552          0.000000001543          0.000000001531          0.000000001515          0.000000001495          0.000000001469          0.000000001435          0.000000001392
       -0.000000003751         -0.000000003754         -0.000000003756         -0.000000003758         -0.000000003759         -0.000000003760         -0.000000003761         -0.000000003761         -0.000000003761         -0.000000003760         -0.000000003760         -0.000000003759         -0.000000003757         -0.000000003755         -0.000000003753         -0.000000003749         -0.000000003745         -0.000000003739         -0.000000003732         -0.000000003722         -0.000000003709         -0.000000003692         -0.000000003671         -0.000000003643         -0.000000003607         -0.000000003560
        0.000000004752          0.000000004754          0.000000004756          0.000000004758          0.000000004759          0.000000004759          0.000000004760          0.000000004760          0.000000004760          0.000000004759          0.000000004758          0.000000004757          0.000000004756          0.000000004754          0.000000004751          0.000000004747          0.000000004743          0.000000004737          0.000000004728          0.000000004718          0.000000004704          0.000000004687          0.000000004664          0.000000004634          0.000000004595          0.000000004545
       -0.000000005035         -0.000000005037         -0.000000005039         -0.000000005040         -0.000000005040         -0.000000005041         -0.000000005041         -0.000000005041         -0.000000005041         -0.000000005040         -0.000000005039         -0.000000005038         -0.000000005037         -0.000000005034         -0.000000005031         -0.000000005028         -0.000000005023         -0.000000005016         -0.000000005008         -0.000000004996         -0.000000004982         -0.000000004963         -0.000000004938         -0.000000004906         -0.000000004865         -0.000000004810
        0.000000004910          0.000000004911          0.000000004912          0.000000004913          0.000000004914          0.000000004914          0.000000004914          0.000000004914          0.000000004914          0.000000004913          0.000000004912          0.000000004911          0.000000004909          0.000000004907          0.000000004904          0.000000004900          0.000000004894          0.000000004887          0.000000004878          0.000000004866          0.000000004851          0.000000004830          0.000000004803          0.000000004769          0.000000004723          0.000000004664
       -0.000000004572         -0.000000004573         -0.000000004574         -0.000000004575         -0.000000004575         -0.000000004576         -0.000000004576         -0.000000004575         -0.000000004575         -0.000000004574         -0.000000004573         -0.000000004572         -0.000000004570         -0.000000004567         -0.000000004564         -0.000000004560         -0.000000004554         -0.000000004546         -0.000000004537         -0.000000004524         -0.000000004507         -0.000000004484         -0.000000004455         -0.000000004417         -0.000000004367         -0.000000004301
        0.000000004142          0.000000004143          0.000000004144          0.000000004145          0.000000004145          0.000000004145          0.000000004145          0.000000004145          0.000000004144          0.000000004143          0.000000004142          0.000000004141          0.000000004139          0.000000004136          0.000000004132          0.000000004128          0.000000004121          0.000000004113          0.000000004103          0.000000004088          0.000000004070          0.000000004045          0.000000004013          0.000000003971          0.000000003915          0.000000003841
       -0.000000003690         -0.000000003691         -0.000000003692         -0.000000003692         -0.000000003692         -0.000000003692         -0.000000003692         -0.000000003692         -0.000000003691         -0.000000003690         -0.000000003689         -0.000000003687         -0.000000003685         -0.000000003682         -0.000000003678         -0.000000003673         -0.000000003666         -0.000000003657         -0.000000003645         -0.000000003629         -0.000000003609         -0.000000003581         -0.000000003545         -0.000000003498         -0.000000003435         -0.000000003352
        0.000000003254          0.000000003254          0.000000003255          0.000000003255          0.000000003255          0.000000003255          0.000000003255          0.000000003254          0.000000003253          0.000000003252          0.000000003251          0.000000003249          0.000000003247          0.000000003244          0.000000003239          0.000000003233          0.000000003226          0.000000003216          0.000000003202          0.000000003185          0.000000003161          0.000000003130          0.000000003090          0.000000003035          0.000000002964          0.000000002869
       -0.000000002851         -0.000000002851         -0.000000002851         -0.000000002852         -0.000000002851         -0.000000002851         -0.000000002851         -0.000000002850         -0.000000002850         -0.000000002849         -0.000000002847         -0.000000002845         -0.000000002842         -0.000000002839         -0.000000002834         -0.000000002827         -0.000000002819         -0.000000002807         -0.000000002792         -0.000000002772         -0.000000002746         -0.000000002710         -0.000000002664         -0.000000002602         -0.000000002520         -0.000000002422
        0.000000002489          0.000000002489          0.000000002489          0.000000002489          0.000000002489          0.000000002489          0.000000002488          0.000000002488          0.000000002487          0.000000002486          0.000000002484          0.000000002482          0.000000002478          0.000000002474          0.000000002469          0.000000002461          0.000000002452          0.000000002439          0.000000002421          0.000000002399          0.000000002368          0.000000002328          0.000000002275          0.000000002203          0.000000002118          0.000000001995
       -0.000000002168         -0.000000002169         -0.000000002169         -0.000000002169         -0.000000002169         -0.000000002168         -0.000000002168         -0.000000002167         -0.000000002166         -0.000000002165         -0.000000002163         -0.000000002160         -0.000000002156         -0.000000002152         -0.000000002145         -0.000000002137         -0.000000002126         -0.000000002111         -0.000000002091         -0.000000002065         -0.000000002030         -0.000000001984         -0.000000001922         -0.000000001848         -0.000000001741         -0.000000001647
        0.000000001888          0.000000001888          0.000000001888          0.000000001888          0.000000001888          0.000000001887          0.000000001887          0.000000001886          0.000000001885          0.000000001883          0.000000001881          0.000000001878          0.000000001873          0.000000001868          0.000000001861          0.000000001851          0.000000001838          0.000000001821          0.000000001798          0.000000001768          0.000000001728          0.000000001674          0.000000001609          0.000000001517          0.000000001435          0.000000001260
       -0.000000001643         -0.000000001643         -0.000000001643         -0.000000001643         -0.000000001643         -0.000000001642         -0.000000001642         -0.000000001641         -0.000000001639         -0.000000001637         -0.000000001634         -0.000000001631         -0.000000001626         -0.000000001620         -0.000000001611         -0.000000001600         -0.000000001585         -0.000000001566         -0.000000001539         -0.000000001504         -0.000000001457         -0.000000001401         -0.000000001320         -0.000000001249         -0.000000001097         -0.000000001141
        0.000000001430          0.000000001431          0.000000001430          0.000000001430          0.000000001430          0.000000001429          0.000000001428          0.000000001427          0.000000001425          0.000000001423          0.000000001420          0.000000001416          0.000000001410          0.000000001403          0.000000001393          0.000000001380          0.000000001363          0.000000001340          0.000000001310          0.000000001269          0.000000001220          0.000000001149          0.000000001087          0.000000000955          0.000000000993          0.000000000663
       -0.000000001246         -0.000000001246         -0.000000001245         -0.000000001245         -0.000000001245         -0.000000001244         -0.000000001243         -0.000000001241         -0.000000001239         -0.000000001237         -0.000000001233         -0.000000001228         -0.000000001222         -0.000000001213         -0.000000001202         -0.000000001187         -0.000000001167         -0.000000001140         -0.000000001105         -0.000000001062         -0.000000001001         -0.000000000947         -0.000000000831         -0.000000000864         -0.000000000577         -0.000000001355
        0.000000001085          0.000000001085          0.000000001085          0.000000001084          0.000000001084          0.000000001083          0.000000001081          0.000000001080          0.000000001077          0.000000001074          0.000000001070          0.000000001065          0.000000001057          0.000000001047          0.000000001034          0.000000001017          0.000000000994          0.000000000962          0.000000000925          0.000000000872          0.000000000824          0.000000000724          0.000000000752          0.000000000502          0.000000001181         -0.000000000019
       -0.000000000945         -0.000000000945         -0.000000000945         -0.000000000944         -0.000000000944         -0.000000000942         -0.000000000941         -0.000000000939         -0.000000000936         -0.000000000933         -0.000000000928         -0.000000000921         -0.000000000913         -0.000000000901         -0.000000000886         -0.000000000866         -0.000000000839         -0.000000000806         -0.000000000759         -0.000000000718         -0.000000000630         -0.000000000655         -0.000000000437         -0.000000001029          0.000000000017 
        0.000000000824          0.000000000824          0.000000000823          0.000000000823          0.000000000822          0.000000000820          0.000000000819          0.000000000816          0.000000000813          0.000000000809          0.000000000803          0.000000000796          0.000000000786          0.000000000772          0.000000000755          0.000000000731          0.000000000703          0.000000000662          0.000000000626          0.000000000549          0.000000000571          0.000000000381          0.000000000897         -0.000000000015  
       -0.000000000718         -0.000000000718         -0.000000000717         -0.000000000716         -0.000000000715         -0.000000000714         -0.000000000712         -0.000000000709         -0.000000000705         -0.000000000700         -0.000000000694         -0.000000000685         -0.000000000673         -0.000000000658         -0.000000000637         -0.000000000613         -0.000000000577         -0.000000000546         -0.000000000479         -0.000000000498         -0.000000000332         -0.000000000782          0.000000000014   
        0.000000000626          0.000000000625          0.000000000625          0.000000000624          0.000000000623          0.000000000621          0.000000000618          0.000000000615          0.000000000611          0.000000000605          0.000000000598          0.000000000587          0.000000000574          0.000000000556          0.000000000534          0.000000000503          0.000000000476          0.000000000417          0.000000000434          0.000000000289          0.000000000682         -0.000000000012    
       -0.000000000545         -0.000000000545         -0.000000000544         -0.000000000543         -0.000000000541         -0.000000000539         -0.000000000537         -0.000000000533         -0.000000000528         -0.000000000521         -0.000000000512         -0.000000000501         -0.000000000485         -0.000000000466         -0.000000000439         -0.000000000415         -0.000000000364         -0.000000000378         -0.000000000252         -0.000000000594          0.000000000011     
        0.000000000475          0.000000000475          0.000000000474          0.000000000472          0.000000000471          0.000000000468          0.000000000465          0.000000000461          0.000000000455          0.000000000447          0.000000000437          0.000000000423          0.000000000407          0.000000000383          0.000000000362          0.000000000318          0.000000000330          0.000000000220          0.000000000518         -0.000000000009      
       -0.000000000414         -0.000000000413         -0.000000000412         -0.000000000411         -0.000000000408         -0.000000000406         -0.000000000402         -0.000000000397         -0.000000000390         -0.000000000381         -0.000000000369         -0.000000000355         -0.000000000334         -0.000000000316         -0.000000000277         -0.000000000288         -0.000000000192         -0.000000000452          0.000000000008       
        0.000000000361          0.000000000360          0.000000000358          0.000000000356          0.000000000354          0.000000000351          0.000000000346          0.000000000340          0.000000000332          0.000000000322          0.000000000309          0.000000000291          0.000000000276          0.000000000242          0.000000000251          0.000000000167          0.000000000395         -0.000000000007        
       -0.000000000314         -0.000000000312         -0.000000000311         -0.000000000309         -0.000000000306         -0.000000000302         -0.000000000297         -0.000000000290         -0.000000000281         -0.000000000270         -0.000000000254         -0.000000000240         -0.000000000211         -0.000000000219         -0.000000000146         -0.000000000344          0.000000000006         
        0.000000000273          0.000000000271          0.000000000269          0.000000000267          0.000000000264          0.000000000259          0.000000000253          0.000000000245          0.000000000236          0.000000000222          0.000000000210          0.000000000184          0.000000000191          0.000000000127          0.000000000300         -0.000000000006          
       -0.000000000237         -0.000000000235         -0.000000000233         -0.000000000230         -0.000000000226         -0.000000000221         -0.000000000214         -0.000000000206         -0.000000000194         -0.000000000183         -0.000000000161         -0.000000000167         -0.000000000111         -0.000000000262          0.000000000005           
        0.000000000205          0.000000000203          0.000000000201          0.000000000197          0.000000000193          0.000000000187          0.000000000179          0.000000000169          0.000000000160          0.000000000140          0.000000000146          0.000000000097          0.000000000229         -0.000000000004            
       -0.000000000177         -0.000000000175         -0.000000000172         -0.000000000168         -0.000000000163         -0.000000000157         -0.000000000147         -0.000000000139         -0.000000000122         -0.000000000127         -0.000000000085         -0.000000000200          0.000000000004             
        0.000000000153          0.000000000150          0.000000000147          0.000000000142          0.000000000137          0.000000000129          0.000000000122          0.000000000107          0.000000000111          0.000000000074          0.000000000174         -0.000000000003              
       -0.000000000131         -0.000000000128         -0.000000000124         -0.000000000119         -0.000000000112         -0.000000000106         -0.000000000093         -0.000000000097         -0.000000000064         -0.000000000152          0.000000000003               
        0.000000000112          0.000000000108          0.000000000104          0.000000000098          0.000000000093          0.000000000081          0.000000000084          0.000000000056          0.000000000133         -0.000000000002                
       -0.000000000094         -0.000000000091         -0.000000000085         -0.000000000081         -0.000000000071         -0.000000000074         -0.000000000049         -0.000000000116          0.000000000002                 
        0.000000000079          0.000000000075          0.000000000071          0.000000000062          0.000000000064          0.000000000043          0.000000000101         -0.000000000002                  
       -0.000000000065         -0.000000000062         -0.000000000054         -0.000000000056         -0.000000000037         -0.000000000088          0.000000000002                   
        0.000000000054          0.000000000047          0.000000000049          0.000000000033          0.000000000077         -0.000000000001                    
       -0.000000000041         -0.000000000043         -0.000000000028         -0.000000000067          0.000000000001                     
        0.000000000037          0.000000000025          0.000000000059         -0.000000000001                      
       -0.000000000022         -0.000000000051          0.000000000001                       
        0.000000000045         -0.000000000001                        
        0.000000000001                         
