       -0.007974169143        -0.007974168366        -0.007974167829        -0.007974167459        -0.007974167203        -0.007974167026        -0.007974166903        -0.007974166819        -0.007974166760        -0.007974166720        -0.007974166691        -0.007974166672        -0.007974166659        -0.007974166649        -0.007974166643        -0.007974166638        -0.007974166635        -0.007974166633        -0.007974166632        -0.007974166631        -0.007974166630        -0.007974166629        -0.007974166629        -0.007974166629        -0.007974166629        -0.007974166629
        0.000229109203         0.000229109748         0.000229110124         0.000229110382         0.000229110560         0.000229110683         0.000229110768         0.000229110826         0.000229110867         0.000229110895         0.000229110914         0.000229110927         0.000229110936         0.000229110943         0.000229110947         0.000229110950         0.000229110952         0.000229110953         0.000229110954         0.000229110955         0.000229110956         0.000229110956         0.000229110956         0.000229110956         0.000229110956         0.000229110956
        0.000035511310         0.000035511410         0.000035511480         0.000035511527         0.000035511561         0.000035511584         0.000035511600         0.000035511611         0.000035511619         0.000035511625         0.000035511629         0.000035511631         0.000035511633         0.000035511634         0.000035511635         0.000035511636         0.000035511636         0.000035511637         0.000035511637         0.000035511637         0.000035511637         0.000035511637         0.000035511637         0.000035511637         0.000035511637         0.000035511637
       -0.000043909025        -0.000043908919        -0.000043908851        -0.000043908805        -0.000043908774        -0.000043908752        -0.000043908737        -0.000043908726        -0.000043908719        -0.000043908714        -0.000043908711        -0.000043908708        -0.000043908707        -0.000043908705        -0.000043908705        -0.000043908704        -0.000043908704        -0.000043908703        -0.000043908703        -0.000043908703        -0.000043908703        -0.000043908703        -0.000043908703        -0.000043908703        -0.000043908703        -0.000043908703
        0.000056400911         0.000056400885         0.000056400859         0.000056400843         0.000056400834         0.000056400827         0.000056400822         0.000056400819         0.000056400816         0.000056400814         0.000056400813         0.000056400813         0.000056400812         0.000056400812         0.000056400811         0.000056400811         0.000056400811         0.000056400811         0.000056400811         0.000056400811         0.000056400811         0.000056400811         0.000056400811         0.000056400811         0.000056400811         0.000056400811
       -0.000049327173        -0.000049327150        -0.000049327138        -0.000049327126        -0.000049327113        -0.000049327105        -0.000049327100        -0.000049327096        -0.000049327093        -0.000049327091        -0.000049327090        -0.000049327089        -0.000049327088        -0.000049327088        -0.000049327088        -0.000049327088        -0.000049327087        -0.000049327087        -0.000049327087        -0.000049327087        -0.000049327087        -0.000049327087        -0.000049327087        -0.000049327087        -0.000049327087        -0.000049327087
        0.000037521610         0.000037521560         0.000037521529         0.000037521514         0.000037521505         0.000037521499         0.000037521496         0.000037521494         0.000037521493         0.000037521492         0.000037521492         0.000037521491         0.000037521491         0.000037521491         0.000037521491         0.000037521491         0.000037521491         0.000037521491         0.000037521491         0.000037521491         0.000037521491         0.000037521491         0.000037521491         0.000037521491         0.000037521491         0.000037521491
       -0.000026917198        -0.000026917169        -0.000026917150        -0.000026917135        -0.000026917125        -0.000026917119        -0.000026917115        -0.000026917112        -0.000026917110        -0.000026917109        -0.000026917108        -0.000026917108        -0.000026917107        -0.000026917107        -0.000026917107        -0.000026917107        -0.000026917107        -0.000026917107        -0.000026917107        -0.000026917107        -0.000026917107        -0.000026917107        -0.000026917107        -0.000026917107        -0.000026917107        -0.000026917107
        0.000018370057         0.000018370037         0.000018370021         0.000018370007         0.000018369999         0.000018369993         0.000018369989         0.000018369986         0.000018369984         0.000018369983         0.000018369982         0.000018369981         0.000018369981         0.000018369981         0.000018369980         0.000018369980         0.000018369980         0.000018369980         0.000018369980         0.000018369980         0.000018369980         0.000018369980         0.000018369980         0.000018369980         0.000018369980         0.000018369980
       -0.000012089617        -0.000012089598        -0.000012089583        -0.000012089570        -0.000012089561        -0.000012089556        -0.000012089552        -0.000012089549        -0.000012089547        -0.000012089546        -0.000012089545        -0.000012089544        -0.000012089544        -0.000012089544        -0.000012089543        -0.000012089543        -0.000012089543        -0.000012089543        -0.000012089543        -0.000012089543        -0.000012089543        -0.000012089543        -0.000012089543        -0.000012089543        -0.000012089543        -0.000012089543
        0.000007694252         0.000007694232         0.000007694216         0.000007694204         0.000007694195         0.000007694189         0.000007694185         0.000007694182         0.000007694180         0.000007694178         0.000007694177         0.000007694176         0.000007694176         0.000007694176         0.000007694175         0.000007694175         0.000007694175         0.000007694175         0.000007694175         0.000007694175         0.000007694175         0.000007694175         0.000007694175         0.000007694175         0.000007694175         0.000007694175
       -0.000004739021        -0.000004739002        -0.000004738988        -0.000004738977        -0.000004738970        -0.000004738965        -0.000004738961        -0.000004738958        -0.000004738956        -0.000004738955        -0.000004738954        -0.000004738953        -0.000004738953        -0.000004738952        -0.000004738952        -0.000004738952        -0.000004738952        -0.000004738952        -0.000004738952        -0.000004738952        -0.000004738952        -0.000004738952        -0.000004738952        -0.000004738952        -0.000004738952        -0.000004738952
        0.000002816104         0.000002816089         0.000002816078         0.000002816070         0.000002816065         0.000002816061         0.000002816059         0.000002816057         0.000002816055         0.000002816055         0.000002816054         0.000002816053         0.000002816053         0.000002816053         0.000002816053         0.000002816053         0.000002816053         0.000002816053         0.000002816053         0.000002816053         0.000002816053         0.000002816053         0.000002816053         0.000002816053         0.000002816053         0.000002816053
       -0.000001602329        -0.000001602318        -0.000001602310        -0.000001602305        -0.000001602301        -0.000001602299        -0.000001602297        -0.000001602296        -0.000001602295        -0.000001602294        -0.000001602294        -0.000001602294        -0.000001602294        -0.000001602293        -0.000001602293        -0.000001602293        -0.000001602293        -0.000001602293        -0.000001602293        -0.000001602293        -0.000001602293        -0.000001602293        -0.000001602293        -0.000001602294        -0.000001602294        -0.000001602294
        0.000000859202         0.000000859193         0.000000859187         0.000000859183         0.000000859180         0.000000859178         0.000000859177         0.000000859176         0.000000859175         0.000000859175         0.000000859175         0.000000859175         0.000000859175         0.000000859175         0.000000859175         0.000000859174         0.000000859174         0.000000859174         0.000000859174         0.000000859174         0.000000859175         0.000000859175         0.000000859175         0.000000859175         0.000000859175         0.000000859175
       -0.000000419153        -0.000000419145        -0.000000419140        -0.000000419136        -0.000000419134        -0.000000419132        -0.000000419131        -0.000000419130        -0.000000419130        -0.000000419129        -0.000000419129        -0.000000419129        -0.000000419129        -0.000000419129        -0.000000419129        -0.000000419129        -0.000000419129        -0.000000419129        -0.000000419129        -0.000000419129        -0.000000419129        -0.000000419129        -0.000000419129        -0.000000419129        -0.000000419129        -0.000000419129
        0.000000168785         0.000000168778         0.000000168773         0.000000168770         0.000000168767         0.000000168766         0.000000168764         0.000000168764         0.000000168763         0.000000168763         0.000000168763         0.000000168762         0.000000168762         0.000000168762         0.000000168762         0.000000168762         0.000000168762         0.000000168762         0.000000168762         0.000000168762         0.000000168762         0.000000168762         0.000000168762         0.000000168763         0.000000168763         0.000000168763
       -0.000000033707        -0.000000033700        -0.000000033695        -0.000000033692        -0.000000033690        -0.000000033689        -0.000000033687        -0.000000033687        -0.000000033686        -0.000000033686        -0.000000033686        -0.000000033685        -0.000000033685        -0.000000033685        -0.000000033685        -0.000000033685        -0.000000033685        -0.000000033685        -0.000000033685        -0.000000033685        -0.000000033685        -0.000000033685        -0.000000033686        -0.000000033686        -0.000000033686        -0.000000033687
       -0.000000033516        -0.000000033522        -0.000000033526        -0.000000033529        -0.000000033531        -0.000000033532        -0.000000033533        -0.000000033534        -0.000000033534        -0.000000033534        -0.000000033535        -0.000000033535        -0.000000033535        -0.000000033535        -0.000000033535        -0.000000033535        -0.000000033535        -0.000000033535        -0.000000033535        -0.000000033535        -0.000000033535        -0.000000033535        -0.000000033534        -0.000000033534        -0.000000033533        -0.000000033533
        0.000000062304         0.000000062309         0.000000062312         0.000000062314         0.000000062316         0.000000062317         0.000000062318         0.000000062318         0.000000062319         0.000000062319         0.000000062319         0.000000062319         0.000000062319         0.000000062319         0.000000062319         0.000000062319         0.000000062319         0.000000062319         0.000000062319         0.000000062319         0.000000062319         0.000000062319         0.000000062319         0.000000062318         0.000000062318         0.000000062317
       -0.000000070387        -0.000000070391        -0.000000070393        -0.000000070395        -0.000000070396        -0.000000070397        -0.000000070398        -0.000000070398        -0.000000070398        -0.000000070399        -0.000000070399        -0.000000070399        -0.000000070399        -0.000000070399        -0.000000070399        -0.000000070399        -0.000000070399        -0.000000070399        -0.000000070399        -0.000000070399        -0.000000070399        -0.000000070398        -0.000000070398        -0.000000070398        -0.000000070397        -0.000000070396
        0.000000068114         0.000000068117         0.000000068119         0.000000068121         0.000000068122         0.000000068122         0.000000068123         0.000000068123         0.000000068123         0.000000068123         0.000000068124         0.000000068124         0.000000068124         0.000000068124         0.000000068124         0.000000068124         0.000000068124         0.000000068124         0.000000068124         0.000000068123         0.000000068123         0.000000068123         0.000000068123         0.000000068122         0.000000068122         0.000000068120
       -0.000000061302        -0.000000061305        -0.000000061306        -0.000000061308        -0.000000061308        -0.000000061309        -0.000000061309        -0.000000061309        -0.000000061310        -0.000000061310        -0.000000061310        -0.000000061310        -0.000000061310        -0.000000061310        -0.000000061310        -0.000000061310        -0.000000061310        -0.000000061310        -0.000000061310        -0.000000061310        -0.000000061309        -0.000000061309        -0.000000061309        -0.000000061308        -0.000000061307        -0.000000061306
        0.000000053062         0.000000053064         0.000000053065         0.000000053066         0.000000053067         0.000000053067         0.000000053067         0.000000053068         0.000000053068         0.000000053068         0.000000053068         0.000000053068         0.000000053068         0.000000053068         0.000000053068         0.000000053068         0.000000053068         0.000000053068         0.000000053068         0.000000053068         0.000000053067         0.000000053067         0.000000053067         0.000000053066         0.000000053065         0.000000053064
       -0.000000044939        -0.000000044941        -0.000000044942        -0.000000044943        -0.000000044943        -0.000000044944        -0.000000044944        -0.000000044944        -0.000000044944        -0.000000044944        -0.000000044944        -0.000000044945        -0.000000044945        -0.000000044945        -0.000000044944        -0.000000044944        -0.000000044944        -0.000000044944        -0.000000044944        -0.000000044944        -0.000000044944        -0.000000044943        -0.000000044943        -0.000000044942        -0.000000044941        -0.000000044939
        0.000000037613         0.000000037614         0.000000037615         0.000000037616         0.000000037617         0.000000037617         0.000000037617         0.000000037617         0.000000037618         0.000000037618         0.000000037618         0.000000037618         0.000000037618         0.000000037618         0.000000037618         0.000000037618         0.000000037618         0.000000037617         0.000000037617         0.000000037617         0.000000037617         0.000000037616         0.000000037615         0.000000037614         0.000000037613         0.000000037610
       -0.000000031302        -0.000000031303        -0.000000031304        -0.000000031305        -0.000000031306        -0.000000031306        -0.000000031306        -0.000000031306        -0.000000031306        -0.000000031307        -0.000000031307        -0.000000031307        -0.000000031307        -0.000000031307        -0.000000031307        -0.000000031306        -0.000000031306        -0.000000031306        -0.000000031306        -0.000000031306        -0.000000031305        -0.000000031304        -0.000000031303        -0.000000031302        -0.000000031300        -0.000000031296
        0.000000026001         0.000000026002         0.000000026003         0.000000026003         0.000000026004         0.000000026004         0.000000026004         0.000000026005         0.000000026005         0.000000026005         0.000000026005         0.000000026005         0.000000026005         0.000000026005         0.000000026005         0.000000026005         0.000000026004         0.000000026004         0.000000026004         0.000000026003         0.000000026003         0.000000026002         0.000000026000         0.000000025999         0.000000025996         0.000000025992
       -0.000000021606        -0.000000021607        -0.000000021608        -0.000000021608        -0.000000021609        -0.000000021609        -0.000000021609        -0.000000021609        -0.000000021609        -0.000000021609        -0.000000021609        -0.000000021609        -0.000000021609        -0.000000021609        -0.000000021609        -0.000000021609        -0.000000021609        -0.000000021609        -0.000000021608        -0.000000021607        -0.000000021607        -0.000000021605        -0.000000021604        -0.000000021601        -0.000000021598        -0.000000021593
        0.000000017984         0.000000017985         0.000000017985         0.000000017986         0.000000017986         0.000000017986         0.000000017987         0.000000017987         0.000000017987         0.000000017987         0.000000017987         0.000000017987         0.000000017987         0.000000017987         0.000000017987         0.000000017986         0.000000017986         0.000000017986         0.000000017985         0.000000017985         0.000000017983         0.000000017982         0.000000017980         0.000000017977         0.000000017973         0.000000017968
       -0.000000015003        -0.000000015004        -0.000000015004        -0.000000015005        -0.000000015005        -0.000000015005        -0.000000015005        -0.000000015006        -0.000000015006        -0.000000015006        -0.000000015006        -0.000000015006        -0.000000015006        -0.000000015005        -0.000000015005        -0.000000015005        -0.000000015005        -0.000000015004        -0.000000015004        -0.000000015003        -0.000000015002        -0.000000015000        -0.000000014997        -0.000000014994        -0.000000014989        -0.000000014983
        0.000000012547         0.000000012547         0.000000012548         0.000000012548         0.000000012549         0.000000012549         0.000000012549         0.000000012549         0.000000012549         0.000000012549         0.000000012549         0.000000012549         0.000000012549         0.000000012549         0.000000012549         0.000000012548         0.000000012548         0.000000012547         0.000000012547         0.000000012546         0.000000012544         0.000000012542         0.000000012539         0.000000012536         0.000000012530         0.000000012523
       -0.000000010517        -0.000000010518        -0.000000010518        -0.000000010518        -0.000000010519        -0.000000010519        -0.000000010519        -0.000000010519        -0.000000010519        -0.000000010519        -0.000000010519        -0.000000010519        -0.000000010519        -0.000000010519        -0.000000010518        -0.000000010518        -0.000000010518        -0.000000010517        -0.000000010516        -0.000000010515        -0.000000010513        -0.000000010511        -0.000000010508        -0.000000010503        -0.000000010497        -0.000000010489
        0.000000008834         0.000000008835         0.000000008835         0.000000008835         0.000000008835         0.000000008835         0.000000008835         0.000000008835         0.000000008835         0.000000008835         0.000000008835         0.000000008835         0.000000008835         0.000000008835         0.000000008835         0.000000008834         0.000000008834         0.000000008833         0.000000008832         0.000000008831         0.000000008829         0.000000008826         0.000000008823         0.000000008818         0.000000008811         0.000000008801
       -0.000000007433        -0.000000007434        -0.000000007434        -0.000000007434        -0.000000007434        -0.000000007434        -0.000000007434        -0.000000007435        -0.000000007435        -0.000000007434        -0.000000007434        -0.000000007434        -0.000000007434        -0.000000007434        -0.000000007434        -0.000000007433        -0.000000007433        -0.000000007432        -0.000000007431        -0.000000007429        -0.000000007427        -0.000000007424        -0.000000007420        -0.000000007414        -0.000000007406        -0.000000007395
        0.000000006264         0.000000006264         0.000000006264         0.000000006264         0.000000006265         0.000000006265         0.000000006265         0.000000006265         0.000000006265         0.000000006265         0.000000006264         0.000000006264         0.000000006264         0.000000006264         0.000000006264         0.000000006263         0.000000006263         0.000000006262         0.000000006260         0.000000006259         0.000000006256         0.000000006253         0.000000006248         0.000000006241         0.000000006232         0.000000006219
       -0.000000005284        -0.000000005284        -0.000000005285        -0.000000005285        -0.000000005285        -0.000000005285        -0.000000005285        -0.000000005285        -0.000000005285        -0.000000005285        -0.000000005285        -0.000000005285        -0.000000005284        -0.000000005284        -0.000000005284        -0.000000005283        -0.000000005282        -0.000000005281        -0.000000005280        -0.000000005278        -0.000000005275        -0.000000005271        -0.000000005266        -0.000000005258        -0.000000005247        -0.000000005233
        0.000000004462         0.000000004462         0.000000004462         0.000000004462         0.000000004462         0.000000004462         0.000000004462         0.000000004462         0.000000004462         0.000000004462         0.000000004462         0.000000004462         0.000000004461         0.000000004461         0.000000004461         0.000000004460         0.000000004459         0.000000004458         0.000000004456         0.000000004454         0.000000004451         0.000000004446         0.000000004440         0.000000004431         0.000000004419         0.000000004402
       -0.000000003769        -0.000000003770        -0.000000003770        -0.000000003770        -0.000000003770        -0.000000003770        -0.000000003770        -0.000000003770        -0.000000003770        -0.000000003770        -0.000000003770        -0.000000003769        -0.000000003769        -0.000000003769        -0.000000003768        -0.000000003768        -0.000000003767        -0.000000003765        -0.000000003763        -0.000000003761        -0.000000003757        -0.000000003751        -0.000000003744        -0.000000003734        -0.000000003720        -0.000000003700
        0.000000003186         0.000000003186         0.000000003186         0.000000003187         0.000000003187         0.000000003187         0.000000003187         0.000000003187         0.000000003186         0.000000003186         0.000000003186         0.000000003186         0.000000003186         0.000000003185         0.000000003185         0.000000003184         0.000000003183         0.000000003181         0.000000003179         0.000000003176         0.000000003171         0.000000003165         0.000000003157         0.000000003145         0.000000003128         0.000000003105
       -0.000000002694        -0.000000002694        -0.000000002694        -0.000000002694        -0.000000002694        -0.000000002694        -0.000000002694        -0.000000002694        -0.000000002694        -0.000000002694        -0.000000002694        -0.000000002694        -0.000000002693        -0.000000002693        -0.000000002692        -0.000000002691        -0.000000002690        -0.000000002688        -0.000000002685        -0.000000002682        -0.000000002677        -0.000000002669        -0.000000002659        -0.000000002646        -0.000000002626        -0.000000002599
        0.000000002279         0.000000002279         0.000000002279         0.000000002279         0.000000002279         0.000000002279         0.000000002279         0.000000002279         0.000000002279         0.000000002278         0.000000002278         0.000000002278         0.000000002278         0.000000002277         0.000000002276         0.000000002275         0.000000002273         0.000000002271         0.000000002268         0.000000002264         0.000000002258         0.000000002249         0.000000002238         0.000000002221         0.000000002199         0.000000002167
       -0.000000001927        -0.000000001928        -0.000000001928        -0.000000001928        -0.000000001928        -0.000000001928        -0.000000001927        -0.000000001927        -0.000000001927        -0.000000001927        -0.000000001927        -0.000000001927        -0.000000001926        -0.000000001925        -0.000000001924        -0.000000001923        -0.000000001921        -0.000000001919        -0.000000001915        -0.000000001910        -0.000000001903        -0.000000001893        -0.000000001879        -0.000000001860        -0.000000001833        -0.000000001798
        0.000000001631         0.000000001631         0.000000001631         0.000000001631         0.000000001631         0.000000001631         0.000000001631         0.000000001630         0.000000001630         0.000000001630         0.000000001630         0.000000001629         0.000000001629         0.000000001628         0.000000001627         0.000000001625         0.000000001623         0.000000001620         0.000000001616         0.000000001610         0.000000001602         0.000000001590         0.000000001574         0.000000001551         0.000000001521         0.000000001476
       -0.000000001379        -0.000000001379        -0.000000001380        -0.000000001379        -0.000000001379        -0.000000001379        -0.000000001379        -0.000000001379        -0.000000001379        -0.000000001379        -0.000000001379        -0.000000001378        -0.000000001377        -0.000000001376        -0.000000001375        -0.000000001373        -0.000000001371        -0.000000001367        -0.000000001362        -0.000000001355        -0.000000001345        -0.000000001332        -0.000000001312        -0.000000001287        -0.000000001249        -0.000000001209
        0.000000001167         0.000000001167         0.000000001167         0.000000001167         0.000000001167         0.000000001167         0.000000001167         0.000000001167         0.000000001167         0.000000001166         0.000000001166         0.000000001165         0.000000001164         0.000000001163         0.000000001162         0.000000001160         0.000000001157         0.000000001152         0.000000001146         0.000000001138         0.000000001127         0.000000001110         0.000000001089         0.000000001057         0.000000001023         0.000000000958
       -0.000000000987        -0.000000000987        -0.000000000987        -0.000000000987        -0.000000000987        -0.000000000987        -0.000000000987        -0.000000000987        -0.000000000987        -0.000000000986        -0.000000000986        -0.000000000985        -0.000000000984        -0.000000000983        -0.000000000981        -0.000000000979        -0.000000000975        -0.000000000970        -0.000000000963        -0.000000000953        -0.000000000939        -0.000000000921        -0.000000000894        -0.000000000865        -0.000000000810        -0.000000000801
        0.000000000835         0.000000000835         0.000000000835         0.000000000835         0.000000000835         0.000000000835         0.000000000835         0.000000000835         0.000000000835         0.000000000834         0.000000000834         0.000000000833         0.000000000832         0.000000000830         0.000000000828         0.000000000825         0.000000000821         0.000000000815         0.000000000806         0.000000000795         0.000000000779         0.000000000756         0.000000000732         0.000000000686         0.000000000678         0.000000000561
       -0.000000000707        -0.000000000707        -0.000000000707        -0.000000000707        -0.000000000707        -0.000000000706        -0.000000000706        -0.000000000706        -0.000000000706        -0.000000000705        -0.000000000705        -0.000000000704        -0.000000000702        -0.000000000700        -0.000000000698        -0.000000000694        -0.000000000689        -0.000000000682        -0.000000000672        -0.000000000659        -0.000000000640        -0.000000000619        -0.000000000580        -0.000000000573        -0.000000000475        -0.000000000665
        0.000000000598         0.000000000598         0.000000000598         0.000000000598         0.000000000598         0.000000000598         0.000000000597         0.000000000597         0.000000000597         0.000000000596         0.000000000595         0.000000000594         0.000000000593         0.000000000590         0.000000000587         0.000000000583         0.000000000577         0.000000000569         0.000000000558         0.000000000541         0.000000000524         0.000000000491         0.000000000485         0.000000000402         0.000000000562         0.000000000185
       -0.000000000506        -0.000000000506        -0.000000000506        -0.000000000506        -0.000000000506        -0.000000000505        -0.000000000505        -0.000000000505        -0.000000000504        -0.000000000504        -0.000000000503        -0.000000000501        -0.000000000499        -0.000000000497        -0.000000000493        -0.000000000488        -0.000000000481        -0.000000000472        -0.000000000458        -0.000000000443        -0.000000000415        -0.000000000410        -0.000000000340        -0.000000000475        -0.000000000156
        0.000000000428         0.000000000428         0.000000000428         0.000000000428         0.000000000428         0.000000000427         0.000000000427         0.000000000427         0.000000000426         0.000000000425         0.000000000424         0.000000000423         0.000000000420         0.000000000417         0.000000000413         0.000000000407         0.000000000399         0.000000000387         0.000000000375         0.000000000351         0.000000000347         0.000000000287         0.000000000402         0.000000000132
       -0.000000000362        -0.000000000362        -0.000000000362        -0.000000000362        -0.000000000362        -0.000000000361        -0.000000000361        -0.000000000360        -0.000000000360        -0.000000000359        -0.000000000357        -0.000000000356        -0.000000000353        -0.000000000349        -0.000000000344        -0.000000000338        -0.000000000328        -0.000000000317        -0.000000000297        -0.000000000294        -0.000000000243        -0.000000000340        -0.000000000111
        0.000000000306         0.000000000306         0.000000000306         0.000000000306         0.000000000306         0.000000000305         0.000000000305         0.000000000304         0.000000000304         0.000000000302         0.000000000301         0.000000000299         0.000000000296         0.000000000291         0.000000000286         0.000000000277         0.000000000268         0.000000000251         0.000000000248         0.000000000205         0.000000000287         0.000000000094
       -0.000000000259        -0.000000000259        -0.000000000259        -0.000000000259        -0.000000000258        -0.000000000258        -0.000000000257        -0.000000000257        -0.000000000256        -0.000000000255        -0.000000000253        -0.000000000250        -0.000000000246        -0.000000000242        -0.000000000235        -0.000000000227        -0.000000000212        -0.000000000210        -0.000000000174        -0.000000000243        -0.000000000080
        0.000000000219         0.000000000219         0.000000000219         0.000000000219         0.000000000218         0.000000000218         0.000000000217         0.000000000216         0.000000000215         0.000000000214         0.000000000212         0.000000000209         0.000000000204         0.000000000198         0.000000000192         0.000000000180         0.000000000178         0.000000000147         0.000000000206         0.000000000067
       -0.000000000185        -0.000000000185        -0.000000000185        -0.000000000185        -0.000000000184        -0.000000000184        -0.000000000183        -0.000000000182        -0.000000000181        -0.000000000179        -0.000000000176        -0.000000000173        -0.000000000168        -0.000000000162        -0.000000000152        -0.000000000150        -0.000000000124        -0.000000000174        -0.000000000057
        0.000000000157         0.000000000156         0.000000000156         0.000000000156         0.000000000155         0.000000000155         0.000000000154         0.000000000153         0.000000000151         0.000000000149         0.000000000146         0.000000000142         0.000000000137         0.000000000129         0.000000000127         0.000000000105         0.000000000147         0.000000000048
       -0.000000000132        -0.000000000132        -0.000000000132        -0.000000000132        -0.000000000131        -0.000000000130        -0.000000000129        -0.000000000128        -0.000000000126        -0.000000000124        -0.000000000120        -0.000000000116        -0.000000000109        -0.000000000107        -0.000000000089        -0.000000000124        -0.000000000041
        0.000000000112         0.000000000112         0.000000000111         0.000000000111         0.000000000110         0.000000000110         0.000000000108         0.000000000107         0.000000000105         0.000000000102         0.000000000098         0.000000000092         0.000000000091         0.000000000075         0.000000000105         0.000000000034
       -0.000000000094        -0.000000000094        -0.000000000094        -0.000000000093        -0.000000000093        -0.000000000092        -0.000000000090        -0.000000000089        -0.000000000086        -0.000000000083        -0.000000000078        -0.000000000077        -0.000000000064        -0.000000000089        -0.000000000029
        0.000000000080         0.000000000079         0.000000000079         0.000000000078         0.000000000078         0.000000000076         0.000000000075         0.000000000073         0.000000000070         0.000000000066         0.000000000065         0.000000000054         0.000000000075         0.000000000024
       -0.000000000067        -0.000000000067        -0.000000000066        -0.000000000066        -0.000000000065        -0.000000000063        -0.000000000062        -0.000000000060        -0.000000000056        -0.000000000055        -0.000000000045        -0.000000000064        -0.000000000021
        0.000000000057         0.000000000056         0.000000000056         0.000000000055         0.000000000054         0.000000000052         0.000000000050         0.000000000047         0.000000000047         0.000000000038         0.000000000054         0.000000000017
       -0.000000000047        -0.000000000047        -0.000000000046        -0.000000000045        -0.000000000044        -0.000000000043        -0.000000000040        -0.000000000039        -0.000000000033        -0.000000000046        -0.000000000015
        0.000000000040         0.000000000039         0.000000000038         0.000000000037         0.000000000036         0.000000000034         0.000000000033         0.000000000028         0.000000000039         0.000000000012
       -0.000000000033        -0.000000000032        -0.000000000032        -0.000000000030        -0.000000000029        -0.000000000028        -0.000000000023        -0.000000000033        -0.000000000011
        0.000000000027         0.000000000027         0.000000000026         0.000000000024         0.000000000024         0.000000000020         0.000000000028         0.000000000009
       -0.000000000023        -0.000000000022        -0.000000000020        -0.000000000020        -0.000000000017        -0.000000000023        -0.000000000008
        0.000000000018         0.000000000017         0.000000000017         0.000000000014         0.000000000020         0.000000000006
       -0.000000000015        -0.000000000014        -0.000000000012        -0.000000000017        -0.000000000005
        0.000000000012         0.000000000010         0.000000000014         0.000000000005
       -0.000000000009        -0.000000000012        -0.000000000004
        0.000000000010         0.000000000003
       -0.000000000003
