       -0.001138572795        -0.001134830935        -0.001135390679        -0.001137873863        -0.001132522012        -0.001139748674        -0.001131284709        -0.001139807930        -0.001132181829        -0.001138057473        -0.001134712375        -0.001135185292        -0.001137675814
        0.000090337473         0.000035481151         0.000092905096         0.000042774759         0.000082563730         0.000059486629         0.000065006815         0.000077728692         0.000048534952         0.000089504579         0.000040937262         0.000089684633         0.000045685922
        0.000033831052         0.000027990690         0.000020576649         0.000041309159         0.000011494374         0.000047291306         0.000010588785         0.000043735724         0.000018036518         0.000032642174         0.000030282033         0.000019201769         0.000041388848
       -0.000170656579        -0.000131302171        -0.000168169789        -0.000139732221        -0.000157539824        -0.000152699278        -0.000144504490        -0.000164137756        -0.000135366819        -0.000168858606        -0.000134424219        -0.000164581332        -0.000141949400
       -0.000007981948        -0.000016942470         0.000003933019        -0.000026430979         0.000009324054        -0.000027416118         0.000005874711        -0.000019713847        -0.000004764764        -0.000006980799        -0.000017628806         0.000004912358        -0.000026551837
        0.000103726641         0.000065668671         0.000096772322         0.000077827910         0.000083483684         0.000091689410         0.000070747974         0.000100837178         0.000064739897         0.000101043770         0.000068203618         0.000091861784         0.000079055387
       -0.000043350261        -0.000021091352        -0.000053223058        -0.000015250993        -0.000054346079        -0.000019147645        -0.000046413039        -0.000030718253        -0.000033044940        -0.000044479432        -0.000020523466        -0.000054002945        -0.000015051117
       -0.000070313362        -0.000042085472        -0.000060420019        -0.000054950677        -0.000047375236        -0.000066494143        -0.000037823705        -0.000071304397        -0.000036361067        -0.000066945260        -0.000043425970        -0.000054922760        -0.000055041459
        0.000059274315         0.000025573130         0.000065757159         0.000024526671         0.000062011075         0.000033274397         0.000049918659         0.000047412370         0.000035022842         0.000060160831         0.000024465133         0.000065351574         0.000023646758
        0.000035313662         0.000017634577         0.000023019602         0.000030670618         0.000010875619         0.000039558037         0.000004877533         0.000039982813         0.000007808110         0.000031350270         0.000017907871         0.000017087835         0.000029694879
       -0.000063825179        -0.000023889179        -0.000065642553        -0.000027974044        -0.000057196164        -0.000040225463        -0.000042505850        -0.000054461413        -0.000028457168        -0.000063688412        -0.000021964447        -0.000063076829        -0.000026455844
       -0.000006903428        -0.000001831667         0.000006620118        -0.000013995890         0.000016578548        -0.000019337663         0.000018220191        -0.000015044175         0.000010868062        -0.000002631004        -0.000001654464         0.000012602353        -0.000012779952
        0.000057323719         0.000016488925         0.000054105475         0.000025019569         0.000041862167         0.000038904493         0.000026404371         0.000051059897         0.000015147411         0.000055270473         0.000013716750         0.000048704441         0.000022816381
       -0.000015865617        -0.000006798789        -0.000028964821         0.000003154924        -0.000035281731         0.000003972207        -0.000031875685        -0.000005102746        -0.000020364613        -0.000020211867        -0.000006411901        -0.000034494070         0.000002854037
       -0.000044094641        -0.000007276888        -0.000036141918        -0.000018945196        -0.000021487856        -0.000032551248        -0.000007136400        -0.000041056747        -0.000000087905        -0.000039754017        -0.000003799522        -0.000028083277        -0.000015922121
        0.000031590462         0.000008482292         0.000042305509         0.000002250122         0.000043672905         0.000006611206         0.000035020384         0.000019746453         0.000020269171         0.000035562036         0.000006465328         0.000046337430         0.000000740623
        0.000027199875        -0.000001673432         0.000015286536         0.000011680220        -0.000000201421         0.000023491856        -0.000011805937         0.000027519550        -0.000013836475         0.000020980100        -0.000005599113         0.000005420730         0.000007992230
       -0.000039619573        -0.000004957384        -0.000046129313        -0.000003669988        -0.000041850513        -0.000013026040        -0.000028597117        -0.000028483138        -0.000012295061        -0.000042276813        -0.000000741972        -0.000047210668         0.000000342345
       -0.000009424480         0.000008316450         0.000005292065        -0.000005365386         0.000019904664        -0.000014257287         0.000027331217        -0.000013476488         0.000023983920        -0.000002202392         0.000011980613         0.000015551388        -0.000000824590
        0.000039952868        -0.000001639748         0.000041064684         0.000002459963         0.000031361133         0.000015590766         0.000015015825         0.000030828032        -0.000000627977         0.000040120311        -0.000008251590         0.000037199259        -0.000002550488
       -0.000007054855        -0.000011044898        -0.000022970392         0.000001645578        -0.000034836000         0.000006698465        -0.000036836384         0.000000870998        -0.000028054312        -0.000013983972        -0.000013876234        -0.000033872179         0.000000197994
       -0.000033684770         0.000009203086        -0.000029096881         0.000000232190        -0.000015070103        -0.000014624742         0.000002354195        -0.000027266617         0.000015303185        -0.000029645147         0.000016980942        -0.000022259713         0.000010014393
        0.000020447538         0.000009078186         0.000035467626        -0.000001220209         0.000042631897        -0.000001491336         0.000038369980         0.000008897145         0.000024932487         0.000027830104         0.000008189215         0.000041630818         0.000004987025
        0.000022847189        -0.000015933994         0.000013087179        -0.000003409174        -0.000003687860         0.000011118039        -0.000020055807         0.000018600743        -0.000028626929         0.000017521823        -0.000026436510        -0.000007291378        -0.000005354456
       -0.000029221185        -0.000002812114        -0.000040925456         0.000003565943        -0.000041885938        -0.000001194245        -0.000031250323        -0.000017031640        -0.000014376835        -0.000031401093        -0.000001484377        -0.000063929650
       -0.000009881043         0.000020319544         0.000004079497         0.000005785145         0.000021618352        -0.000005928404         0.000035710911        -0.000011018017         0.000038465610         0.000007986798         0.000030274148
        0.000032201055        -0.000006222023         0.000038572788        -0.000007715717         0.000032362611         0.000003210780         0.000017835768         0.000016846837        -0.000002230481         0.000050896593
       -0.000003116341        -0.000020983064        -0.000019659728        -0.000006608067        -0.000037237715         0.000003811432        -0.000044553171        -0.000006899987        -0.000049551341
       -0.000029228432         0.000016126429        -0.000028561047         0.000011473950        -0.000018361252        -0.000000053517         0.000005451428        -0.000030999533
        0.000014252307         0.000017382319         0.000033079793         0.000003154280         0.000044062176         0.000004408015         0.000060747198
        0.000020706946        -0.000024663153         0.000016165622        -0.000016659005        -0.000007570107         0.000007394231
       -0.000023751847        -0.000009058480        -0.000037332056        -0.000001081164        -0.000062550391
       -0.000011783758         0.000030886761         0.000008186025         0.000016534087
        0.000025352871        -0.000002431286         0.000055068660
       -0.000007148367        -0.000037412846
       -0.000039529989
