       -0.006051653541        -0.006086249192        -0.006106782621        -0.006104139990        -0.006079833676        -0.006044832625        -0.006014441142        -0.006001545773        -0.006011116259        -0.006038229717        -0.006070376858        -0.006093003983        -0.006095898351
        0.000213467691         0.000183169124         0.000173963129         0.000190202778         0.000224799956         0.000262755282         0.000287937338         0.000290100667         0.000269204562         0.000235254221         0.000203807751         0.000189111203         0.000197827419
       -0.000190052574        -0.000195411989        -0.000195013047        -0.000189477582        -0.000181555214        -0.000174853541        -0.000172303356        -0.000174951918        -0.000181580046        -0.000189264086        -0.000194639650        -0.000195340041        -0.000191012169
        0.000059921101         0.000059733371         0.000062163341         0.000066841832         0.000072192884         0.000076193256         0.000077368307         0.000075504169         0.000071757936         0.000068104191         0.000066384688         0.000067417600         0.000070600175
       -0.000008100094        -0.000008783023        -0.000010918700        -0.000013979221        -0.000016890420        -0.000018554277        -0.000018413027        -0.000016732793        -0.000014479073        -0.000012840760        -0.000012642533        -0.000013937827        -0.000015983747
       -0.000028064185        -0.000025891983        -0.000021220532        -0.000015796845        -0.000011810173        -0.000010849767        -0.000013128209        -0.000017374029        -0.000021437355        -0.000023319671        -0.000022132043        -0.000018519909        -0.000014352634
        0.000050413386         0.000046706097         0.000040917656         0.000035511416         0.000032816455         0.000033925098         0.000038165566         0.000043420733         0.000047135700         0.000047531547         0.000044449743         0.000039424879         0.000034955505
       -0.000064258964        -0.000058660066        -0.000051870870        -0.000046985384        -0.000046209945        -0.000049819001        -0.000056024647        -0.000061829097        -0.000064452655        -0.000062652952        -0.000057311197        -0.000051014107        -0.000046826878
        0.000069209583         0.000062261272         0.000055626172         0.000052492995         0.000054364429         0.000060346740         0.000067584031         0.000072624863         0.000073066453         0.000068696354         0.000061591084         0.000055129215         0.000052385916
       -0.000066081856        -0.000058407841        -0.000052879910        -0.000052286891        -0.000057011581        -0.000064855403        -0.000072103667        -0.000075306519        -0.000072926438        -0.000066070526        -0.000057959451        -0.000052393099        -0.000051934794
        0.000055328769         0.000047897603         0.000044490070         0.000046960928         0.000054276613         0.000063022976         0.000069056998         0.000069496474         0.000064098925         0.000055374698         0.000047385105         0.000043797861         0.000046122195
       -0.000038517178        -0.000032372817        -0.000031880900        -0.000037522666        -0.000046752574        -0.000055234239        -0.000058936202        -0.000056068519        -0.000047938023        -0.000038319507        -0.000031644384        -0.000030870209        -0.000036042115
        0.000017807316         0.000013995511         0.000016922003         0.000025407293         0.000035519651         0.000042477656         0.000042956396         0.000036681714         0.000026558018         0.000017272801         0.000013044567         0.000015583327         0.000023248404
        0.000004029884         0.000004622953        -0.000001830140        -0.000012407844        -0.000022136373        -0.000026389788        -0.000023114173        -0.000013808861        -0.000002804277         0.000004816522         0.000005666128        -0.000000302440        -0.000009758294
       -0.000024032363        -0.000020820309        -0.000011192216         0.000000344912         0.000008314540         0.000008906133         0.000001800935        -0.000009679053        -0.000020164023        -0.000024816099        -0.000021665504        -0.000012573528        -0.000002323533
        0.000039415364         0.000032252243         0.000020290665         0.000009218928         0.000004328837         0.000007974532         0.000018447657         0.000030796218         0.000039199594         0.000039772123         0.000032446390         0.000020996677         0.000011216572
       -0.000048001572        -0.000037289085        -0.000024292902        -0.000015250083        -0.000014505746        -0.000022427860        -0.000035231097        -0.000046790375        -0.000051588322        -0.000047383840        -0.000036288437        -0.000023739671        -0.000015799881
        0.000048575817         0.000035297795         0.000022899083         0.000017364980         0.000021362030         0.000032954515         0.000046530054         0.000055500517         0.000055488688         0.000046444487         0.000032653967         0.000020592446         0.000015990111
       -0.000041105210        -0.000026753340        -0.000016699656        -0.000015813506        -0.000024503730        -0.000038515476        -0.000050977506        -0.000055729914        -0.000050313958        -0.000037142497        -0.000022267408        -0.000012544482        -0.000012033249
        0.000026754720         0.000013144162         0.000007028213         0.000011363791         0.000023990909         0.000038671486         0.000048113054         0.000047520363         0.000036902001         0.000021019673         0.000007049043         0.000001061567         0.000005832683
       -0.000007700914         0.000003282668         0.000004279363        -0.000005156665        -0.000020331485        -0.000033695898        -0.000038527863        -0.000032188049        -0.000017374792        -0.000000664673         0.000010472015         0.000011314582         0.000002656315
       -0.000013196691        -0.000019859416        -0.000015154012        -0.000001445903         0.000014443562         0.000024580823         0.000023778861         0.000012110730        -0.000005361303        -0.000020641034        -0.000027470904        -0.000022663639        -0.000009140859
        0.000032787180         0.000033856808         0.000023570372         0.000007038104        -0.000007531229        -0.000012859410        -0.000006136326         0.000009879794         0.000027699112         0.000040147146         0.000040209913         0.000030635558         0.000015099130
       -0.000048032086        -0.000042850701        -0.000027836980        -0.000010402751         0.000000853709         0.000000345928        -0.000012024143        -0.000030337701        -0.000047280739        -0.000052736074        -0.000048700616        -0.000030643438        -0.000015110831
        0.000056414720         0.000045085486         0.000026903785         0.000010753310         0.000004513479         0.000011360305         0.000027900006         0.000047539865         0.000058283295         0.000060773041         0.000042618029         0.000027984813
       -0.000056329106        -0.000039816476        -0.000020576653        -0.000007929317        -0.000007963964        -0.000020510346        -0.000040546135        -0.000055781407        -0.000064996385        -0.000049433876        -0.000037677902
        0.000047414776         0.000027466431         0.000009654469         0.000002402718         0.000009082919         0.000026972589         0.000045233939         0.000060494666         0.000050098100         0.000042898552
       -0.000030636989        -0.000009697466         0.000004369846         0.000004798501        -0.000008486495        -0.000027763448        -0.000047530074        -0.000044360464        -0.000042865786
        0.000008294722        -0.000011171254        -0.000019108963        -0.000012459399         0.000005497936         0.000027514184         0.000032769884         0.000037425860
        0.000016775885         0.000031665182         0.000032956028         0.000018687464        -0.000002860773        -0.000016630625        -0.000027093297
       -0.000040444259        -0.000050021695        -0.000041539273        -0.000023300353        -0.000002138903         0.000013010127
        0.000061027030         0.000059838867         0.000047514385         0.000021225156         0.000003173871
       -0.000070854870        -0.000066431674        -0.000038194816        -0.000019485125
        0.000077276855         0.000050785806         0.000033858955
       -0.000057221151        -0.000044386515
        0.000049582348
