        0.239559677796          0.227706684142          0.238751686911          0.236167543572          0.228549671246          0.241047282801          0.232325438942          0.231261946498          0.241350771345          0.229207512546          0.235035354913          0.239535818349          0.227797293339          0.238705817837          0.236136448224          0.228570043231          0.241110165122          0.232198700146          0.231328135393          0.241451009109          0.228968720441          0.235241732318          0.239557811456          0.227510108388          0.239086258881          0.235962260935
       -0.050800689258         -0.050417329887         -0.054732581166         -0.049494228474         -0.052016922653         -0.053943666392         -0.048909112770         -0.053563155476         -0.052500340397         -0.049238895515         -0.054574116588         -0.050839747276         -0.050395984177         -0.054722476894         -0.049479716014         -0.052031252693         -0.053942881285         -0.048858323512         -0.053635959440         -0.052460074733         -0.049194440384         -0.054695647769         -0.050728155670         -0.050412182585         -0.054850070537         -0.049297463551
       -0.031219281229         -0.025273744884         -0.026669128892         -0.030764679883         -0.024038062322         -0.028735032421         -0.029304748785         -0.023873172991         -0.030413078681         -0.027273706149         -0.024848318340         -0.031173235191         -0.025297400791         -0.026677391594         -0.030758933088         -0.024001481701         -0.028798361667         -0.029275762790         -0.023815387995         -0.030540737445         -0.027169598917         -0.024832067203         -0.031331398505         -0.025098839469         -0.026767157031         -0.030877072019
        0.037571995525          0.033462272652          0.038430290861          0.036042377093          0.034207427711          0.038978263454          0.034569439639          0.035573667293          0.038659839385          0.033609403590          0.037144846389          0.037559623542          0.033471159947          0.038429714725          0.036009938191          0.034214382569          0.039014017081          0.034494036563          0.035623226037          0.038692317763          0.033499839116          0.037264920241          0.037538987491          0.033367716553          0.038617163932          0.035895470362
       -0.008471105982         -0.009537439335         -0.012666325944         -0.007523068650         -0.011113530872         -0.011550281813         -0.007394446578         -0.012395020644         -0.009996796456         -0.008138182093         -0.012976730985         -0.008484141493         -0.009535561398         -0.012662001205         -0.007491011345         -0.011157174650         -0.011530365913         -0.007346452675         -0.012490997576         -0.009921241929         -0.008122226195         -0.013099362441         -0.008337064772         -0.009601434493         -0.012757728712         -0.007293069060
       -0.018061357444         -0.013081869357         -0.015473001362         -0.017308839446         -0.012528611555         -0.016943638997         -0.015936524417         -0.012844791365         -0.017902264691         -0.014360869245         -0.013945346819         -0.018039496585         -0.013073581284         -0.015497243484         -0.017295583889         -0.012489386336         -0.017016427344         -0.015886604185         -0.012813942841         -0.018014382362         -0.014245814019         -0.013972652826         -0.018150524868         -0.012896210562         -0.015623402686         -0.017344242519
        0.018568273987          0.015779263475          0.020344978319          0.017159583957          0.016766494436          0.020454650145          0.016016458525          0.018142820072          0.019791434913          0.015498329654          0.019482942836          0.018549764409          0.015778841690          0.020362269613          0.017111155477          0.016785746192          0.020489717613          0.015930633415          0.018215944086          0.019802586815          0.015397046333          0.019622503098          0.018493986535          0.015709127334          0.020548737718          0.016962937918
       -0.000089791599         -0.002296917824         -0.003991597835          0.000421769896         -0.003653823258         -0.002726396181          0.000130852039         -0.004539419523         -0.001271791863         -0.000884170681         -0.004667971829         -0.000081828600         -0.002316168590         -0.003983482338          0.000460102353         -0.003718879164         -0.002684062029          0.000163440749         -0.004641963199         -0.001168417739         -0.000903612018         -0.004771079218          0.000081090424         -0.002425913227         -0.004030754454          0.000645410690
       -0.014206808812         -0.009698919773         -0.012839088722         -0.013225687337         -0.009586368013         -0.013960981476         -0.011863743725         -0.010238330663         -0.014468315195         -0.010540219427         -0.011461957724         -0.014190199308         -0.009673747894         -0.012880259075         -0.013198083227         -0.009551182086         -0.014044468875         -0.011790859013         -0.010233697986         -0.014571848564         -0.010409303880         -0.011529686741         -0.014267465897         -0.009504019155         -0.013044546806         -0.013192660775
        0.010582765175          0.009020211552          0.013068158732          0.009330861189          0.010177511491          0.012799192011          0.008514226707          0.011509313429          0.011867070908          0.008394856736          0.012599161220          0.010553207132          0.009023297940          0.013096063162          0.009267047555          0.010216518540          0.012825810043          0.008422268106          0.011607802640          0.011850843313          0.008307705811          0.012754892942          0.010459591352          0.008992128652          0.013274785731          0.009086449773
        0.003769844165          0.000721200889          0.000345134211          0.003877424120         -0.000369300394          0.001664506360          0.003244090894         -0.000863631937          0.002948554640          0.002056640822         -0.000595666030          0.003790724432          0.000680375925          0.000366043349          0.003912208283         -0.000449785640          0.001732342341          0.003253115797         -0.000962647645          0.003076071278          0.001998742333         -0.000668532198          0.003959969804          0.000531206554          0.000374316728          0.004072695391
       -0.011628726295         -0.007682215621         -0.011318305145         -0.010494732823         -0.007940406638         -0.012108023126         -0.009193832057         -0.008846278244         -0.012221166167         -0.008131532875         -0.010124384188         -0.011608869904         -0.007649607164         -0.011375481931         -0.010449285939         -0.007917190428         -0.012197417936         -0.009099289707         -0.008872093277         -0.012310399725         -0.007989673670         -0.010231645385         -0.011648722751         -0.007493783630         -0.011571854337         -0.010390480418
        0.005622116497          0.005262288712          0.008591244407          0.004589731944          0.006503110206          0.007994602819          0.004121001690          0.007711532667          0.006875853175          0.004372372700          0.008505016671          0.005578759099          0.005278579904          0.008621359847          0.004513387215          0.006566429719          0.008003868118          0.004030275382          0.007833407335          0.006825998933          0.004308652203          0.008668476077          0.005446602649          0.005293256363          0.008779476561          0.004306857396
        0.005810129747          0.002217500948          0.003030041475          0.005551729828          0.001434605276          0.004311692131          0.004655554569          0.001320848031          0.005359559020          0.003393044984          0.001924573738          0.005836079030          0.002157854882          0.003070054319          0.005574150933          0.001346820922          0.004405035509          0.004634824298          0.001236436304          0.005504288151          0.003296509540          0.001892116065          0.005999373992          0.001977110328          0.003138516548          0.005696257365
       -0.009313094985         -0.006088331228         -0.009954315665         -0.008106914171         -0.006662461482         -0.010403562674         -0.006934759452         -0.007742806951         -0.010159079375         -0.006166891726         -0.008995691727         -0.009283875302         -0.006056915079         -0.010024655815         -0.008041666083         -0.006658713803         -0.010492040926         -0.006821547782         -0.007802608539         -0.010226052836         -0.006021550269         -0.009139790239         -0.009280691577         -0.005924700819         -0.010243567874         -0.007929424817
        0.002035212341          0.002813901299          0.005242864272          0.001279298403          0.004046338150          0.004381941291          0.001168220615          0.005054756182          0.003167405737          0.001748391613          0.005514888106          0.001977920991          0.002850353371          0.005265847653          0.001195905799          0.004135120397          0.004365334073          0.001088204628          0.005194196677          0.003079756222          0.001718123197          0.005674032191          0.001810333192          0.002916787562          0.005388104022          0.000974813252
        0.006761784365          0.002926466296          0.004757704437          0.006188323012          0.002477870759          0.005916264073          0.005115205414          0.002719133967          0.006675741680          0.003872639364          0.003587256575          0.006785064412          0.002853381451          0.004820144138          0.006190948590          0.002392368886          0.006031703960          0.005061159387          0.002660194149          0.006827728096          0.003740717101          0.003603069274          0.006928575552          0.002652274452          0.004948993094          0.006261878661
       -0.007043581127         -0.004691980947         -0.008516306127         -0.005848247617         -0.005521330812         -0.008621843542         -0.004871510510         -0.006692783837         -0.008062179207         -0.004427086041         -0.007840127230         -0.007000250520         -0.004670170610         -0.008594959145         -0.005762763555         -0.005543642529         -0.008701131519         -0.004744414492         -0.006788264410         -0.008098285648         -0.004287534806         -0.008015690290         -0.006948823707         -0.004572454471         -0.008823870753         -0.005598668778
       -0.000664787078          0.001123975873          0.002525735554         -0.001103658047          0.002257176725          0.001478685960         -0.000868292273          0.003001001099          0.000264288695         -0.000020286042          0.003110226893         -0.000733304010          0.001184318496          0.002532119412         -0.001186131171          0.002368733118          0.001429437929         -0.000926955263          0.003148461179          0.000138377085         -0.000008090037          0.003250457799         -0.000928176556          0.001304991090          0.002603026694         -0.001405433635
        0.006936839665          0.003150805083          0.005789767309          0.006112228143          0.003044017540          0.006752174708          0.004951389950          0.003597765617          0.007189969805          0.003816227596          0.004649509714          0.006950245606          0.003071410707          0.005874864193          0.006089460817          0.002970775258          0.006883269011          0.004863291876          0.003573703318          0.007337308627          0.003655275156          0.004717912560          0.007060216200          0.002863512389          0.006059098762          0.006098928946
       -0.004809226294         -0.003445399670         -0.006959655179         -0.003707464426         -0.004458340557         -0.006732392150         -0.002984739210         -0.005633634337         -0.005912983547         -0.002879153595         -0.006599541839         -0.004748401351         -0.003441241207         -0.007039700440         -0.003603270778         -0.004511787031         -0.006793069966         -0.002850810477         -0.005763848209         -0.005909781708         -0.002756495030         -0.006797976646         -0.004645250333         -0.003389321267         -0.007263177397         -0.003392125413
       -0.002654157349         -0.000048032385          0.000273351255         -0.002758257329          0.000904360762         -0.000871044884         -0.002211159046          0.001338721808         -0.001991765730         -0.001173067329          0.001103852462         -0.002728403657          0.000036367610          0.000254830439         -0.002830112837          0.001032269122         -0.000956485017         -0.002238105541          0.001481771176         -0.002151562160         -0.001112141969          0.001209732020         -0.002937176553          0.000208935579          0.000261181854         -0.003027492726
        0.006519693425          0.003054008520          0.006256966615          0.005518113843          0.003276827035          0.006965600985          0.004358442672          0.004085098156          0.007068695501          0.003407098296          0.005233561979          0.006516868884          0.002976486272          0.006361973749          0.005466354728          0.003225431721          0.007103455369          0.004238273128          0.004103016541          0.007198556055          0.003226116496          0.005354691114          0.006580808801          0.002776855420          0.006591367422          0.005407542153
       -0.002667503369         -0.002349159423         -0.005304418666         -0.001736729259         -0.003463689595         -0.004773852533         -0.001312153778         -0.004555483204         -0.003764742504         -0.001541353428         -0.005274403624         -0.002587698234         -0.002369833358         -0.005377071297         -0.001618003195         -0.003551053653         -0.004805991307         -0.001181102322         -0.004716141903         -0.003715106460         -0.001448210431         -0.005483638464         -0.002432639374         -0.002374301685         -0.005577233525         -0.001369469096
       -0.004011749087         -0.000831543005         -0.001563443417         -0.003788250893         -0.000125536792         -0.002712477166         -0.002985406512         -0.000021663646         -0.003655992149         -0.001845913484         -0.000569105408         -0.004084022919         -0.000726453832         -0.001612719766         -0.003839262276          0.000009185706         -0.002833335564         -0.002972097035          0.000103006349         -0.003840070552         -0.001734071687         -0.000511795075         -0.004288904148         -0.000509697797         -0.001679288125         -0.003992959180
        0.005650861579          0.002744972081          0.006245897830          0.004553565429          0.003266041423          0.006660814279          0.003480055995          0.004257961507          0.006436626479          0.002774961742          0.005413916958          0.005626506474          0.002678064724          0.006365395431          0.004471276920          0.003245087445          0.006794787370          0.003332385026          0.004322071471          0.006536186450          0.002585223328          0.005583487512          0.005634059231          0.002502523087          0.006625027525          0.004341366415
       -0.000699454898         -0.001413804578         -0.003600582871         -0.000005530026         -0.002541546099         -0.002816066540          0.000096800713         -0.003468354312         -0.001699904949         -0.000440573057         -0.003891171124         -0.000601860168         -0.001464756780         -0.003655796132          0.000120355464         -0.002662464409         -0.002810346109          0.000212724348         -0.003651376979         -0.001599617306         -0.000390126302         -0.004095888629         -0.000399796697         -0.001533948675         -0.003813370177          0.000390323083
       -0.004790047985         -0.001309650916         -0.002991542847         -0.004269768165         -0.000895079524         -0.004055783263         -0.003283509192         -0.001117743748         -0.004754907630         -0.002135139500         -0.001924220569         -0.004851448638         -0.001190323375         -0.003073910523         -0.004290560460         -0.000765146597         -0.004206471869         -0.003224494478         -0.001025299508         -0.004948990187         -0.001974912603         -0.001926336371         -0.005032006851         -0.000942107947         -0.003214673587         -0.004379831966
        0.004456060363          0.002306957786          0.005829506135          0.003347886912          0.003076958154          0.005930208083          0.002437961531          0.004171914750          0.005406196458          0.002024692595          0.005247996342          0.004406122563          0.002259568663          0.005955766545          0.003235754048          0.003093507928          0.006048578473          0.002270028709          0.004283105464          0.005463415384          0.001839598788          0.005457386982          0.004349748109          0.002124154245          0.006226908263          0.003036450729
        0.001011883760         -0.000646732474         -0.001914191051          0.001420824901         -0.001699146308         -0.000943211917          0.001200615663         -0.002391972971          0.000189604248          0.000404263152         -0.002491158001          0.001122706227         -0.000730699252         -0.001941745558          0.001543242826         -0.001849471716         -0.000892519668          0.001287457378         -0.002585500397          0.000339961689          0.000399852124         -0.002673631231          0.001360092248         -0.000868927529         -0.002037818753          0.001811593343
       -0.005041725077         -0.001544463029         -0.004007861828         -0.004275618925         -0.001443544204         -0.004907606532         -0.003188541631         -0.001965047881         -0.005315785697         -0.002120865206         -0.002959604415         -0.005083297545         -0.001419679748         -0.004121552651         -0.004258831695         -0.001330831285         -0.005077979237         -0.003082199435         -0.001916863874         -0.005502281797         -0.001919486541         -0.003026726969         -0.005218758199         -0.001156839595         -0.004329053323         -0.004266561249
        0.003056688702          0.001807497203          0.005079142630          0.002022002304          0.002761226617          0.004865977265          0.001341423311          0.003872906502          0.004088740690          0.001245759081          0.004788280047          0.002978760125          0.001788257743          0.005202510991          0.001883408837          0.002820232831          0.004956573648          0.001163519215          0.004028394666          0.004093124957          0.001080844325          0.005024795867          0.002854608858          0.001708604985          0.005463678132          0.001621964157
        0.002394916593         -0.000048319494         -0.000318663549          0.002493209850         -0.000943775669          0.000757538278          0.001975025980         -0.001352085412          0.001815682317          0.000988374398         -0.001124943853          0.002510795156         -0.000164546449         -0.000309699693          0.002598954639         -0.001115376234          0.000856204153          0.002018682079         -0.001541078578          0.002008884720          0.000919931381         -0.001266565691          0.002763947712         -0.000370456071         -0.000328332890          0.002835885055
       -0.004829252260         -0.001588528296         -0.004614500020         -0.003883804855         -0.001800179843         -0.005284842434         -0.002782723401         -0.002571898133         -0.005378297980         -0.001876651729         -0.003671712780         -0.004842995583         -0.001468592241         -0.004753631076         -0.003824864797         -0.001716733442         -0.005461127796         -0.002631507596         -0.002576661525         -0.005538179510         -0.001645644625         -0.003802620699         -0.004914623110         -0.001210890922         -0.005010795520         -0.003739753737
        0.001572068907          0.001300905635          0.004069517465          0.000689854039          0.002360659785          0.003564457597          0.000288232508          0.003402106052          0.002598020234          0.000513512973          0.004087536705          0.001466156352          0.001317526016          0.004178864065          0.000531690223          0.002464258671          0.003615422910          0.000114186351          0.003595124934          0.002541717301          0.000386215537          0.004334844242          0.001275556048          0.001307785597          0.004407078103          0.000222698000
        0.003398241266          0.000388203575          0.001112727216          0.003185054534         -0.000282191476          0.002205508571          0.002416443677         -0.000378219132          0.003104330196          0.001322072936          0.000152265661          0.003507882197          0.000244334431          0.001163906664          0.003259783616         -0.000463314916          0.002349162388          0.002404701307         -0.000545716867          0.003325210722          0.001185344729          0.000068667630          0.003749382178         -0.000021153214          0.001232112180          0.003430452610
       -0.004227443583         -0.001490090842         -0.004825509652         -0.003179804525         -0.001990757455         -0.005219916788         -0.002150283152         -0.002946951462         -0.004998064389         -0.001473493863         -0.004063232885         -0.004207048809         -0.001386100435         -0.004980593908         -0.003077355368         -0.001947137111         -0.005386115330         -0.001960733503         -0.003008683091         -0.005112900949         -0.001228173126         -0.004248865841         -0.004200271462         -0.001154972110         -0.005260624651         -0.002895539555
        0.000117072481          0.000828359424          0.002880384242         -0.000544720207          0.001908832122          0.002126714957         -0.000638305090          0.002798366803          0.001049506693         -0.000112759924          0.003201336302         -0.000013286882          0.000886674402          0.002963798623         -0.000711169195          0.002055555965          0.002127693213         -0.000790969634          0.003018025133          0.000929074563         -0.000183969285          0.003440225014         -0.000261492717          0.000957795410          0.003136169661         -0.001043003510
        0.003995501996          0.000675624922          0.002313870147          0.003494474581          0.000279639964          0.003334519608          0.002541630011          0.000498722436          0.004003209703          0.001429054179          0.001285465287          0.004085733601          0.000512444224          0.002408011903          0.003524680649          0.000103417315          0.003512782597          0.002466235437          0.000369691033          0.004228365238          0.001226127038          0.001272522457          0.004281601227          0.000202476531          0.002561080058          0.003592013387
       -0.003322929436         -0.001294749872         -0.004669161531         -0.002256117363         -0.002040218513         -0.004761790826         -0.001377528277         -0.003102560772         -0.004246489978         -0.000980662162         -0.004146512389         -0.003264308205         -0.001217959165         -0.004828000302         -0.002112362495         -0.002044467816         -0.004901273204         -0.001160373077         -0.003219534689         -0.004300369562         -0.000739788214         -0.004369440503         -0.003170437832         -0.001035150953         -0.005094811375         -0.001838777542
       -0.001203030947          0.000417967854          0.001596119137         -0.001593261236          0.001432460358          0.000656508691         -0.001373620759          0.002099948819         -0.000443331554         -0.000592151724          0.002189224270         -0.001349579105          0.000520791872          0.001642077467         -0.001751804186          0.001616593247          0.000600523594         -0.001484283994          0.002331483170         -0.000624272888         -0.000589439879          0.002398805628         -0.001635550249          0.000678246966          0.001738142853         -0.002067803256
        0.004186785064          0.000831571111          0.003231862101          0.003443295349          0.000737181176          0.004098880644          0.002385205445          0.001249261131          0.004486152445          0.001343704825          0.002224735333          0.004244336898          0.000660494413          0.003363353111          0.003418361755          0.000581518537          0.004293433797          0.002243497873          0.001173182831          0.004684809973          0.001083663193          0.002286411987          0.004356320177          0.000327519642          0.003581500555          0.003343267814
       -0.002212050939         -0.001044772140         -0.004187890775         -0.001210100628         -0.001972988017         -0.003974918880         -0.000550875224         -0.003055767141         -0.003208968626         -0.000464187944         -0.003944526384         -0.002113915279         -0.001005909733         -0.004336679718         -0.001031400946         -0.002029610859         -0.004072032059         -0.000321501514         -0.003219657977         -0.003190182458         -0.000249896029         -0.004178736328         -0.001931842019         -0.000891897210         -0.004540721409         -0.000691803503
       -0.002298913323          0.000085782465          0.000303463358         -0.002388158485          0.000953072811         -0.000743908199         -0.001875348246          0.001345763783         -0.001774888574         -0.000903105113          0.001114754798         -0.002447863247          0.000231862755          0.000302659256         -0.002517995316          0.001164422513         -0.000857718574         -0.001921806617          0.001571301495         -0.002001793532         -0.000811610030          0.001274423531         -0.002735908357          0.000472167329          0.000321659158         -0.002768023815
        0.003997336809          0.000877607125          0.003831454963          0.003074178291          0.001088238972          0.004476890815          0.001996306192          0.001848143805          0.004554570484          0.001108441393          0.002929621130          0.004010748151          0.000712204820          0.003987592022          0.002988097490          0.000968245402          0.004661911870          0.001792195554          0.001833807045          0.004690309644          0.000807370729          0.003055758792          0.003995143086          0.000381541393          0.004226389870          0.002762360013
       -0.000997469783         -0.000777135387         -0.003437145473         -0.000140210349         -0.001812213461         -0.002937250220          0.000246930197         -0.002828225670         -0.001982249004          0.000016398566         -0.003490656189         -0.000862296733         -0.000785521828         -0.003561687750          0.000061776948         -0.001921107325         -0.002978843950          0.000467413137         -0.003023349263         -0.001885134173          0.000178406545         -0.003697404728         -0.000612959370         -0.000751837616         -0.003703184921          0.000540570005
       -0.003103142540         -0.000162302625         -0.000912372639         -0.002886700040          0.000488688525         -0.001979564897         -0.002124755289          0.000575879634         -0.002854342302         -0.001042447168          0.000044273628         -0.003235177129          0.000021073495         -0.000964420727         -0.002963691997          0.000712907408         -0.002142027723         -0.002085467623          0.000775929893         -0.003096361500         -0.000852428489          0.000147829779         -0.003473242755          0.000350739928         -0.001190076176         -0.002885272951
        0.003474593901          0.000838375784          0.004097506935          0.002446936546          0.001333694158          0.004471792614          0.001435193900          0.002276609153          0.004236235367          0.000771355167          0.003372425533          0.003435887175          0.000693328557          0.004258536929          0.002299491112          0.001261749139          0.004615092938          0.001179685125          0.002322911132          0.004264771259          0.000454756384          0.003531150411          0.003289558221          0.000429345795          0.004155955830          0.002199937514
        0.000216625502         -0.000521408043         -0.002483680707          0.000859292458         -0.001578958738         -0.001737607894          0.000941923924         -0.002445906524         -0.000670996939          0.000412139711         -0.002828004280          0.000380966952         -0.000583786753         -0.002570659138          0.001065634626         -0.001734235300         -0.001714857467          0.001124932927         -0.002645471358         -0.000511424113          0.000498031191         -0.003011015034          0.000806563969         -0.000589116437         -0.003097251277          0.001957812832
       -0.003574392076         -0.000328314327         -0.001972747169         -0.003072721159          0.000055034313         -0.002969205466         -0.002125820943         -0.000168938608         -0.003612265699         -0.001022818193         -0.000955469609         -0.003665634210         -0.000118393048         -0.002072015775         -0.003071420277          0.000274602789         -0.003155670695         -0.001980750185         -0.000005240845         -0.003819271397         -0.000729853381         -0.001056553748         -0.003537778948          0.000393340354         -0.002986077694 
        0.002684432118          0.000740336484          0.004035470558          0.001634688145          0.001477639332          0.004110590258          0.000769974996          0.002523757499          0.003582297393          0.000383855630          0.003540063936          0.002590375067          0.000630330732          0.004175154759          0.001432365633          0.001460639866          0.004170733771          0.000487752617          0.002612268457          0.003505170230          0.000066357283          0.003434867529          0.002674122850          0.000528033174  
        0.001330667263         -0.000298387088         -0.001403357091          0.001704685925         -0.001291957121         -0.000472325938          0.001474406849         -0.001938937814          0.000616672957          0.000688317106         -0.002008449625          0.001508281552         -0.000417467460         -0.001441998865          0.001886165564         -0.001478883219         -0.000395904499          0.001586862868         -0.002148023974          0.000969589480          0.000633837698         -0.002548953089          0.002460680159   
       -0.003699121017         -0.000420191433         -0.002810972894         -0.002955699158         -0.000333946746         -0.003651210833         -0.001902458878         -0.000848545951         -0.004005542982         -0.000869354545         -0.001820241172         -0.003722841329         -0.000198777325         -0.002939847170         -0.002848993912         -0.000133727162         -0.003816807404         -0.001650608379         -0.000840052036         -0.003838654555         -0.000516265431         -0.002499746540    
        0.001707144493          0.000609862137          0.003670307026          0.000719922258          0.001526817078          0.003441458081          0.000073097155          0.002586971798          0.002663433693         -0.000002135756          0.003434393915          0.001560414104          0.000548342039          0.003752746001          0.000485684975          0.001559651684          0.003423614517         -0.000266441639          0.002504044010          0.002886845349         -0.000356316911     
        0.002256683805         -0.000119949767         -0.000278254571          0.002329177443         -0.000968034200          0.000759057609          0.001803530185         -0.001341501312          0.001774493377          0.000826660469         -0.001091596229          0.002419743393         -0.000292243896         -0.000274025981          0.002446856849         -0.001191045897          0.001027998182          0.001690815113         -0.001847180002          0.002710271772      
       -0.003490686776         -0.000450238085         -0.003377099826         -0.002567879994         -0.000666150477         -0.003987878246         -0.001494805992         -0.001425007461         -0.004019592191         -0.000616465886         -0.002491047574         -0.003415943756         -0.000234972729         -0.003498609714         -0.002358792363         -0.000567339767         -0.003800025375         -0.001300139222         -0.001851994309       
        0.000633165959          0.000470845461          0.003044404567         -0.000209843384          0.001489609889          0.002530418545         -0.000582676619          0.002471541003          0.001565981497         -0.000337637969          0.003068091272          0.000454193996          0.000464957932          0.003076920431         -0.000544239254          0.001451137762          0.002847466389         -0.001129691742        
        0.002925078331          0.000009966260          0.000807047426          0.002688045563         -0.000622882241          0.001858768672          0.001909890550         -0.000691679636          0.002703661619          0.000824957860         -0.000152546844          0.003032241956         -0.000217648401          0.000987976140          0.002517516816         -0.001057004213          0.002712492121         
       -0.002986505693         -0.000433863389         -0.003641244590         -0.001960354612         -0.000931423558         -0.003967267447         -0.000955498730         -0.001863860398         -0.003664074792         -0.000307629278         -0.002915756678         -0.002820222597         -0.000266544620         -0.003455223645         -0.001910957123         -0.001106508581          
       -0.000441745757          0.000342345303          0.002214965983         -0.001066963651          0.001374967611          0.001457973153         -0.001128835277          0.002187473544          0.000399149578         -0.000584068938          0.002511766227         -0.000749041204          0.000365344422          0.002581053716         -0.001742641638           
        0.003289948073          0.000093752666          0.001769687106          0.002761438188         -0.000271856699          0.002735888250          0.001794028948         -0.000037462764          0.003320608548          0.000698674013          0.000862226861          0.003071049784         -0.000244646342          0.002489462855            
       -0.002244127867         -0.000388200727         -0.003594908562         -0.001199034709         -0.001121278091         -0.003598906938         -0.000351707734         -0.002133410887         -0.003020209973          0.000034661072         -0.002855214989         -0.002317268471         -0.000328666050             
       -0.001421887543          0.000236869937          0.001251348229         -0.001768988572          0.001190301366          0.000326459823         -0.001509238844          0.001786032016         -0.000870287535         -0.000668176082          0.002125751973         -0.002161423927              
        0.003331893945          0.000138417013          0.002532704443          0.002551971299          0.000066031288          0.003312446785          0.001493218958          0.000668534716          0.003331180974          0.000526701050          0.002076815087               
       -0.001337148284         -0.000330310580         -0.003246988075         -0.000368490206         -0.001226132700         -0.002963060258          0.000310901194         -0.002064507137         -0.002504430650          0.000418638111                
       -0.002217285453          0.000159401462          0.000241964969         -0.002246880722          0.000964881358         -0.000904842604         -0.001573810583          0.001529751302         -0.002369067262                 
        0.003054981293          0.000153692552          0.003029246172          0.002114138648          0.000428247211          0.003299868797          0.001200985019          0.001520606994                  
       -0.000360330226         -0.000272721212         -0.002670438054          0.000540784491         -0.001156576073         -0.002474267442          0.001079122411                   
       -0.002751503046          0.000116375582         -0.000856460147         -0.002290300936          0.000847881293         -0.002365123097                    
        0.002525345227          0.000164660518          0.002999416866          0.001732867228          0.000873910777                     
        0.000708225360         -0.000208802680         -0.002243706050          0.001606760067                      
       -0.002774253638          0.000137831236         -0.002164352356                       
        0.002090325037          0.000193063208                        
        0.001968481117                         
