       -0.164574236991         -0.164574237239         -0.164574237356         -0.164574237411         -0.164574237437         -0.164574237449         -0.164574237455         -0.164574237457         -0.164574237459         -0.164574237459         -0.164574237459         -0.164574237459         -0.164574237459         -0.164574237459         -0.164574237459         -0.164574237459         -0.164574237459         -0.164574237459         -0.164574237459         -0.164574237459         -0.164574237459         -0.164574237460         -0.164574237460         -0.164574237459         -0.164574237459         -0.164574237459
        0.111969307966          0.111969308148          0.111969308234          0.111969308275          0.111969308294          0.111969308304          0.111969308308          0.111969308310          0.111969308311          0.111969308311          0.111969308311          0.111969308311          0.111969308311          0.111969308311          0.111969308311          0.111969308311          0.111969308311          0.111969308311          0.111969308311          0.111969308311          0.111969308311          0.111969308311          0.111969308311          0.111969308311          0.111969308311          0.111969308311
       -0.076011003972         -0.076011004105         -0.076011004169         -0.076011004199         -0.076011004214         -0.076011004221         -0.076011004224         -0.076011004225         -0.076011004226         -0.076011004226         -0.076011004227         -0.076011004227         -0.076011004227         -0.076011004227         -0.076011004227         -0.076011004227         -0.076011004227         -0.076011004227         -0.076011004227         -0.076011004227         -0.076011004227         -0.076011004227         -0.076011004227         -0.076011004227         -0.076011004227         -0.076011004227
        0.051429631443          0.051429631541          0.051429631587          0.051429631611          0.051429631622          0.051429631625          0.051429631628          0.051429631629          0.051429631631          0.051429631630          0.051429631630          0.051429631630          0.051429631630          0.051429631630          0.051429631632          0.051429631630          0.051429631632          0.051429631630          0.051429631630          0.051429631630          0.051429631630          0.051429631630          0.051429631632          0.051429631632          0.051429631632          0.051429631632
       -0.034827566099         -0.034827566175         -0.034827566210         -0.034827566224         -0.034827566236         -0.034827566244         -0.034827566246         -0.034827566243         -0.034827566243         -0.034827566247         -0.034827566248         -0.034827566248         -0.034827566247         -0.034827566244         -0.034827566243         -0.034827566244         -0.034827566244         -0.034827566248         -0.034827566248         -0.034827566248         -0.034827566247         -0.034827566243         -0.034827566239         -0.034827566239         -0.034827566240         -0.034827566244
        0.023649357293          0.023649357329          0.023649357375          0.023649357386          0.023649357376          0.023649357382          0.023649357382          0.023649357401          0.023649357382          0.023649357385          0.023649357385          0.023649357385          0.023649357384          0.023649357401          0.023649357381          0.023649357402          0.023649357383          0.023649357385          0.023649357385          0.023649357385          0.023649357383          0.023649357399          0.023649357396          0.023649357397          0.023649357399          0.023649357382
       -0.016114639778         -0.016114639818         -0.016114639851         -0.016114639846         -0.016114639836         -0.016114639839         -0.016114639854         -0.016114639854         -0.016114639840         -0.016114639840         -0.016114639840         -0.016114639841         -0.016114639855         -0.016114639856         -0.016114639856         -0.016114639855         -0.016114639840         -0.016114639840         -0.016114639840         -0.016114639841         -0.016114639856         -0.016114639871         -0.016114639872         -0.016114639871         -0.016114639855         -0.016114639841
        0.011021188845          0.011021188882          0.011021188894          0.011021188893          0.011021188898          0.011021188897          0.011021188907          0.011021188898          0.011021188900          0.011021188898          0.011021188900          0.011021188899          0.011021188910          0.011021188900          0.011021188910          0.011021188899          0.011021188900          0.011021188898          0.011021188900          0.011021188901          0.011021188911          0.011021188911          0.011021188911          0.011021188910          0.011021188900          0.011021188900
       -0.007565749184         -0.007565749225         -0.007565749225         -0.007565749236         -0.007565749237         -0.007565749245         -0.007565749245         -0.007565749237         -0.007565749250         -0.007565749250         -0.007565749238         -0.007565749248         -0.007565749235         -0.007565749236         -0.007565749248         -0.007565749238         -0.007565749250         -0.007565749250         -0.007565749239         -0.007565749238         -0.007565749236         -0.007565749224         -0.007565749236         -0.007565749238         -0.007565749239         -0.007565749250
        0.005212692400          0.005212692433          0.005212692425          0.005212692423          0.005212692449          0.005212692455          0.005212692448          0.005212692442          0.005212692461          0.005212692441          0.005212692450          0.005212692439          0.005212692439          0.005212692440          0.005212692450          0.005212692442          0.005212692461          0.005212692442          0.005212692433          0.005212692431          0.005212692420          0.005212692421          0.005212692433          0.005212692434          0.005212692444          0.005212692459
       -0.003604256255         -0.003604256273         -0.003604256239         -0.003604256264         -0.003604256296         -0.003604256295         -0.003604256283         -0.003604256279         -0.003604256279         -0.003604256284         -0.003604256276         -0.003604256282         -0.003604256283         -0.003604256278         -0.003604256286         -0.003604256280         -0.003604256280         -0.003604256265         -0.003604256264         -0.003604256263         -0.003604256269         -0.003604256265         -0.003604256267         -0.003604256267         -0.003604256280         -0.003604256298
        0.002500719021          0.002500719006          0.002500718996          0.002500719030          0.002500719055          0.002500719047          0.002500719033          0.002500719010          0.002500719035          0.002500719028          0.002500719040          0.002500719048          0.002500719040          0.002500719030          0.002500719036          0.002500719011          0.002500719016          0.002500719015          0.002500719021          0.002500719041          0.002500719042          0.002500719023          0.002500719018          0.002500719017          0.002500719031          0.002500719048
       -0.001740849169         -0.001740849170         -0.001740849171         -0.001740849199         -0.001740849216         -0.001740849204         -0.001740849171         -0.001740849173         -0.001740849188         -0.001740849201         -0.001740849216         -0.001740849216         -0.001740849202         -0.001740849189         -0.001740849174         -0.001740849156         -0.001740849174         -0.001740849184         -0.001740849214         -0.001740849230         -0.001740849215         -0.001740849187         -0.001740849176         -0.001740849175         -0.001740849189         -0.001740849205
        0.001215782402          0.001215782410          0.001215782410          0.001215782430          0.001215782439          0.001215782410          0.001215782399          0.001215782396          0.001215782427          0.001215782445          0.001215782452          0.001215782445          0.001215782427          0.001215782397          0.001215782385          0.001215782384          0.001215782413          0.001215782446          0.001215782473          0.001215782472          0.001215782446          0.001215782414          0.001215782401          0.001215782400          0.001215782412          0.001215782410
       -0.000851727676         -0.000851727681         -0.000851727677         -0.000851727689         -0.000851727680         -0.000851727669         -0.000851727657         -0.000851727671         -0.000851727703         -0.000851727715         -0.000851727715         -0.000851727702         -0.000851727670         -0.000851727645         -0.000851727647         -0.000851727659         -0.000851727706         -0.000851727737         -0.000851727750         -0.000851727737         -0.000851727705         -0.000851727672         -0.000851727660         -0.000851727659         -0.000851727656         -0.000851727669
        0.000598477600          0.000598477600          0.000598477593          0.000598477589          0.000598477592          0.000598477580          0.000598477583          0.000598477602          0.000598477627          0.000598477631          0.000598477625          0.000598477600          0.000598477572          0.000598477561          0.000598477574          0.000598477605          0.000598477649          0.000598477667          0.000598477667          0.000598477647          0.000598477614          0.000598477584          0.000598477573          0.000598477560          0.000598477571          0.000598477591
       -0.000421744697         -0.000421744693         -0.000421744676         -0.000421744681         -0.000421744681         -0.000421744681         -0.000421744690         -0.000421744705         -0.000421744721         -0.000421744720         -0.000421744703         -0.000421744681         -0.000421744665         -0.000421744666         -0.000421744695         -0.000421744725         -0.000421744756         -0.000421744763         -0.000421744754         -0.000421744732         -0.000421744701         -0.000421744675         -0.000421744655         -0.000421744655         -0.000421744672         -0.000421744690
        0.000298029097          0.000298029085          0.000298029077          0.000298029079          0.000298029088          0.000298029094          0.000298029101          0.000298029109          0.000298029119          0.000298029108          0.000298029092          0.000298029080          0.000298029075          0.000298029091          0.000298029119          0.000298029141          0.000298029159          0.000298029158          0.000298029146          0.000298029124          0.000298029096          0.000298029066          0.000298029058          0.000298029065          0.000298029080          0.000298029093
       -0.000211168010         -0.000211168005         -0.000211167997         -0.000211168006         -0.000211168017         -0.000211168021         -0.000211168025         -0.000211168029         -0.000211168029         -0.000211168018         -0.000211168010         -0.000211168006         -0.000211168015         -0.000211168032         -0.000211168052         -0.000211168065         -0.000211168075         -0.000211168069         -0.000211168056         -0.000211168035         -0.000211168006         -0.000211167988         -0.000211167986         -0.000211167993         -0.000211168004         -0.000211168014
        0.000150007026          0.000150007020          0.000150007019          0.000150007030          0.000150007038          0.000150007040          0.000150007041          0.000150007038          0.000150007036          0.000150007031          0.000150007030          0.000150007036          0.000150007047          0.000150007059          0.000150007072          0.000150007078          0.000150007082          0.000150007075          0.000150007062          0.000150007039          0.000150007020          0.000150007010          0.000150007010          0.000150007015          0.000150007022          0.000150007029
       -0.000106822586         -0.000106822586         -0.000106822588         -0.000106822596         -0.000106822602         -0.000106822602         -0.000106822598         -0.000106822594         -0.000106822595         -0.000106822595         -0.000106822601         -0.000106822610         -0.000106822617         -0.000106822625         -0.000106822632         -0.000106822634         -0.000106822634         -0.000106822626         -0.000106822611         -0.000106822596         -0.000106822584         -0.000106822576         -0.000106822576         -0.000106822579         -0.000106822585         -0.000106822589
        0.000076249512          0.000076249514          0.000076249516          0.000076249522          0.000076249525          0.000076249521          0.000076249517          0.000076249516          0.000076249520          0.000076249526          0.000076249533          0.000076249539          0.000076249543          0.000076249547          0.000076249550          0.000076249550          0.000076249549          0.000076249538          0.000076249528          0.000076249519          0.000076249510          0.000076249503          0.000076249503          0.000076249505          0.000076249508          0.000076249511
       -0.000054549207         -0.000054549209         -0.000054549210         -0.000054549213         -0.000054549212         -0.000054549209         -0.000054549207         -0.000054549209         -0.000054549216         -0.000054549223         -0.000054549228         -0.000054549232         -0.000054549233         -0.000054549234         -0.000054549236         -0.000054549234         -0.000054549230         -0.000054549223         -0.000054549217         -0.000054549209         -0.000054549202         -0.000054549197         -0.000054549196         -0.000054549197         -0.000054549200         -0.000054549199
        0.000039108623          0.000039108624          0.000039108624          0.000039108624          0.000039108623          0.000039108621          0.000039108622          0.000039108627          0.000039108634          0.000039108639          0.000039108642          0.000039108644          0.000039108644          0.000039108643          0.000039108643          0.000039108639          0.000039108637          0.000039108633          0.000039108628          0.000039108622          0.000039108616          0.000039108612          0.000039108611          0.000039108611          0.000039108611          0.000039108613
       -0.000028096038         -0.000028096038         -0.000028096037         -0.000028096037         -0.000028096037         -0.000028096037         -0.000028096040         -0.000028096045         -0.000028096050         -0.000028096054         -0.000028096055         -0.000028096055         -0.000028096054         -0.000028096053         -0.000028096051         -0.000028096049         -0.000028096048         -0.000028096045         -0.000028096041         -0.000028096036         -0.000028096031         -0.000028096028         -0.000028096027         -0.000028096026         -0.000028096027         -0.000028096028
        0.000020223784          0.000020223782          0.000020223781          0.000020223781          0.000020223782          0.000020223784          0.000020223788          0.000020223792          0.000020223795          0.000020223797          0.000020223798          0.000020223797          0.000020223796          0.000020223793          0.000020223792          0.000020223791          0.000020223790          0.000020223788          0.000020223785          0.000020223781          0.000020223777          0.000020223774          0.000020223772          0.000020223772          0.000020223773          0.000020223774
       -0.000014584156         -0.000014584155         -0.000014584154         -0.000014584155         -0.000014584157         -0.000014584160         -0.000014584162         -0.000014584165         -0.000014584167         -0.000014584168         -0.000014584168         -0.000014584167         -0.000014584165         -0.000014584164         -0.000014584163         -0.000014584162         -0.000014584161         -0.000014584159         -0.000014584157         -0.000014584153         -0.000014584150         -0.000014584147         -0.000014584147         -0.000014584147         -0.000014584148         -0.000014584150
        0.000010535599          0.000010535598          0.000010535599          0.000010535601          0.000010535603          0.000010535605          0.000010535607          0.000010535608          0.000010535610          0.000010535610          0.000010535609          0.000010535608          0.000010535606          0.000010535606          0.000010535605          0.000010535605          0.000010535604          0.000010535602          0.000010535600          0.000010535597          0.000010535594          0.000010535592          0.000010535592          0.000010535592          0.000010535594          0.000010535597
       -0.000007623501         -0.000007623501         -0.000007623502         -0.000007623504         -0.000007623506         -0.000007623507         -0.000007623508         -0.000007623509         -0.000007623510         -0.000007623510         -0.000007623509         -0.000007623508         -0.000007623507         -0.000007623506         -0.000007623506         -0.000007623505         -0.000007623505         -0.000007623503         -0.000007623501         -0.000007623499         -0.000007623497         -0.000007623496         -0.000007623495         -0.000007623497         -0.000007623499         -0.000007623502
        0.000005524921          0.000005524922          0.000005524923          0.000005524924          0.000005524926          0.000005524926          0.000005524927          0.000005524927          0.000005524928          0.000005524927          0.000005524927          0.000005524926          0.000005524925          0.000005524925          0.000005524925          0.000005524924          0.000005524923          0.000005524922          0.000005524920          0.000005524919          0.000005524917          0.000005524916          0.000005524917          0.000005524918          0.000005524921          0.000005524923
       -0.000004009905         -0.000004009906         -0.000004009907         -0.000004009908         -0.000004009909         -0.000004009909         -0.000004009910         -0.000004009910         -0.000004009910         -0.000004009909         -0.000004009909         -0.000004009909         -0.000004009908         -0.000004009908         -0.000004009907         -0.000004009907         -0.000004009906         -0.000004009905         -0.000004009904         -0.000004009903         -0.000004009902         -0.000004009902         -0.000004009902         -0.000004009904         -0.000004009906         -0.000004009909
        0.000002914337          0.000002914338          0.000002914338          0.000002914339          0.000002914339          0.000002914340          0.000002914340          0.000002914339          0.000002914339          0.000002914339          0.000002914339          0.000002914339          0.000002914338          0.000002914338          0.000002914337          0.000002914337          0.000002914336          0.000002914336          0.000002914335          0.000002914334          0.000002914334          0.000002914334          0.000002914335          0.000002914336          0.000002914339          0.000002914342
       -0.000002120827         -0.000002120828         -0.000002120828         -0.000002120828         -0.000002120829         -0.000002120829         -0.000002120829         -0.000002120829         -0.000002120829         -0.000002120828         -0.000002120828         -0.000002120828         -0.000002120828         -0.000002120827         -0.000002120827         -0.000002120826         -0.000002120826         -0.000002120825         -0.000002120825         -0.000002120824         -0.000002120824         -0.000002120825         -0.000002120826         -0.000002120828         -0.000002120830         -0.000002120836
        0.000001545234          0.000001545235          0.000001545235          0.000001545235          0.000001545235          0.000001545235          0.000001545235          0.000001545235          0.000001545235          0.000001545235          0.000001545235          0.000001545234          0.000001545234          0.000001545234          0.000001545233          0.000001545233          0.000001545233          0.000001545232          0.000001545232          0.000001545232          0.000001545232          0.000001545233          0.000001545234          0.000001545236          0.000001545240          0.000001545247
       -0.000001127125         -0.000001127125         -0.000001127125         -0.000001127125         -0.000001127125         -0.000001127125         -0.000001127125         -0.000001127125         -0.000001127125         -0.000001127125         -0.000001127125         -0.000001127124         -0.000001127124         -0.000001127124         -0.000001127124         -0.000001127123         -0.000001127123         -0.000001127123         -0.000001127123         -0.000001127123         -0.000001127123         -0.000001127124         -0.000001127126         -0.000001127128         -0.000001127134         -0.000001127143
        0.000000823009          0.000000823009          0.000000823009          0.000000823009          0.000000823009          0.000000823009          0.000000823009          0.000000823009          0.000000823009          0.000000823009          0.000000823009          0.000000823009          0.000000823008          0.000000823008          0.000000823008          0.000000823008          0.000000823008          0.000000823008          0.000000823008          0.000000823008          0.000000823009          0.000000823010          0.000000823012          0.000000823015          0.000000823023          0.000000823036
       -0.000000601534         -0.000000601534         -0.000000601534         -0.000000601534         -0.000000601534         -0.000000601534         -0.000000601534         -0.000000601534         -0.000000601534         -0.000000601534         -0.000000601534         -0.000000601534         -0.000000601534         -0.000000601534         -0.000000601534         -0.000000601533         -0.000000601534         -0.000000601534         -0.000000601534         -0.000000601534         -0.000000601535         -0.000000601536         -0.000000601539         -0.000000601544         -0.000000601555         -0.000000601574
        0.000000440057          0.000000440057          0.000000440057          0.000000440057          0.000000440057          0.000000440057          0.000000440057          0.000000440057          0.000000440057          0.000000440057          0.000000440057          0.000000440057          0.000000440057          0.000000440056          0.000000440056          0.000000440056          0.000000440057          0.000000440057          0.000000440057          0.000000440057          0.000000440058          0.000000440060          0.000000440064          0.000000440072          0.000000440086          0.000000440114
       -0.000000322197         -0.000000322197         -0.000000322197         -0.000000322197         -0.000000322197         -0.000000322197         -0.000000322197         -0.000000322197         -0.000000322197         -0.000000322197         -0.000000322197         -0.000000322197         -0.000000322197         -0.000000322197         -0.000000322197         -0.000000322197         -0.000000322197         -0.000000322197         -0.000000322197         -0.000000322198         -0.000000322199         -0.000000322202         -0.000000322208         -0.000000322219         -0.000000322239         -0.000000322279
        0.000000236086          0.000000236086          0.000000236086          0.000000236086          0.000000236086          0.000000236086          0.000000236086          0.000000236086          0.000000236086          0.000000236086          0.000000236086          0.000000236086          0.000000236086          0.000000236086          0.000000236086          0.000000236086          0.000000236086          0.000000236087          0.000000236087          0.000000236088          0.000000236090          0.000000236094          0.000000236102          0.000000236118          0.000000236147          0.000000236202
       -0.000000173114         -0.000000173114         -0.000000173114         -0.000000173114         -0.000000173114         -0.000000173113         -0.000000173113         -0.000000173113         -0.000000173113         -0.000000173113         -0.000000173113         -0.000000173113         -0.000000173113         -0.000000173113         -0.000000173113         -0.000000173113         -0.000000173114         -0.000000173114         -0.000000173115         -0.000000173117         -0.000000173120         -0.000000173125         -0.000000173137         -0.000000173158         -0.000000173200         -0.000000173279
        0.000000127022          0.000000127022          0.000000127022          0.000000127022          0.000000127022          0.000000127022          0.000000127022          0.000000127022          0.000000127022          0.000000127022          0.000000127022          0.000000127022          0.000000127022          0.000000127022          0.000000127022          0.000000127022          0.000000127022          0.000000127023          0.000000127024          0.000000127026          0.000000127031          0.000000127039          0.000000127055          0.000000127085          0.000000127144          0.000000127257
       -0.000000093259         -0.000000093259         -0.000000093259         -0.000000093259         -0.000000093259         -0.000000093259         -0.000000093259         -0.000000093259         -0.000000093259         -0.000000093259         -0.000000093259         -0.000000093259         -0.000000093259         -0.000000093259         -0.000000093259         -0.000000093259         -0.000000093260         -0.000000093260         -0.000000093262         -0.000000093265         -0.000000093272         -0.000000093283         -0.000000093306         -0.000000093349         -0.000000093433         -0.000000093592
        0.000000068509          0.000000068509          0.000000068509          0.000000068509          0.000000068509          0.000000068509          0.000000068509          0.000000068509          0.000000068509          0.000000068509          0.000000068509          0.000000068509          0.000000068509          0.000000068509          0.000000068509          0.000000068509          0.000000068510          0.000000068511          0.000000068513          0.000000068518          0.000000068527          0.000000068543          0.000000068576          0.000000068637          0.000000068755          0.000000068982
       -0.000000050353         -0.000000050353         -0.000000050353         -0.000000050353         -0.000000050353         -0.000000050353         -0.000000050353         -0.000000050353         -0.000000050353         -0.000000050353         -0.000000050353         -0.000000050353         -0.000000050353         -0.000000050353         -0.000000050353         -0.000000050354         -0.000000050355         -0.000000050356         -0.000000050360         -0.000000050366         -0.000000050379         -0.000000050402         -0.000000050448         -0.000000050535         -0.000000050703         -0.000000051023
        0.000000037026          0.000000037026          0.000000037026          0.000000037026          0.000000037026          0.000000037026          0.000000037026          0.000000037026          0.000000037026          0.000000037026          0.000000037026          0.000000037026          0.000000037026          0.000000037026          0.000000037027          0.000000037027          0.000000037029          0.000000037031          0.000000037036          0.000000037045          0.000000037063          0.000000037096          0.000000037161          0.000000037285          0.000000037521          0.000000037978
       -0.000000027238         -0.000000027238         -0.000000027238         -0.000000027238         -0.000000027238         -0.000000027238         -0.000000027238         -0.000000027238         -0.000000027238         -0.000000027238         -0.000000027238         -0.000000027238         -0.000000027239         -0.000000027239         -0.000000027239         -0.000000027240         -0.000000027242         -0.000000027246         -0.000000027252         -0.000000027265         -0.000000027290         -0.000000027338         -0.000000027429         -0.000000027604         -0.000000027941         -0.000000028593
        0.000000020046          0.000000020046          0.000000020046          0.000000020046          0.000000020046          0.000000020046          0.000000020046          0.000000020046          0.000000020046          0.000000020046          0.000000020046          0.000000020046          0.000000020046          0.000000020047          0.000000020047          0.000000020049          0.000000020051          0.000000020056          0.000000020066          0.000000020084          0.000000020120          0.000000020187          0.000000020316          0.000000020565          0.000000021046          0.000000021989
       -0.000000014758         -0.000000014758         -0.000000014758         -0.000000014758         -0.000000014758         -0.000000014758         -0.000000014758         -0.000000014758         -0.000000014758         -0.000000014758         -0.000000014758         -0.000000014758         -0.000000014759         -0.000000014759         -0.000000014760         -0.000000014762         -0.000000014766         -0.000000014773         -0.000000014786         -0.000000014813         -0.000000014862         -0.000000014958         -0.000000015141         -0.000000015496         -0.000000016192         -0.000000017568
        0.000000010869          0.000000010869          0.000000010869          0.000000010869          0.000000010869          0.000000010869          0.000000010869          0.000000010869          0.000000010869          0.000000010869          0.000000010869          0.000000010869          0.000000010870          0.000000010870          0.000000010872          0.000000010874          0.000000010880          0.000000010890          0.000000010909          0.000000010946          0.000000011016          0.000000011152          0.000000011414          0.000000011927          0.000000012942          0.000000014952
       -0.000000008007         -0.000000008007         -0.000000008007         -0.000000008007         -0.000000008007         -0.000000008007         -0.000000008007         -0.000000008007         -0.000000008007         -0.000000008007         -0.000000008007         -0.000000008007         -0.000000008008         -0.000000008009         -0.000000008011         -0.000000008015         -0.000000008022         -0.000000008037         -0.000000008064         -0.000000008116         -0.000000008216         -0.000000008409         -0.000000008788         -0.000000009537         -0.000000011018 
        0.000000005900          0.000000005900          0.000000005900          0.000000005900          0.000000005900          0.000000005900          0.000000005900          0.000000005900          0.000000005900          0.000000005900          0.000000005901          0.000000005901          0.000000005902          0.000000005903          0.000000005906          0.000000005912          0.000000005922          0.000000005942          0.000000005981          0.000000006054          0.000000006197          0.000000006477          0.000000007029          0.000000008121  
       -0.000000004349         -0.000000004349         -0.000000004349         -0.000000004349         -0.000000004349         -0.000000004349         -0.000000004349         -0.000000004349         -0.000000004349         -0.000000004349         -0.000000004349         -0.000000004350         -0.000000004351         -0.000000004353         -0.000000004357         -0.000000004365         -0.000000004380         -0.000000004408         -0.000000004463         -0.000000004568         -0.000000004774         -0.000000005182         -0.000000005987   
        0.000000003206          0.000000003206          0.000000003206          0.000000003206          0.000000003206          0.000000003206          0.000000003206          0.000000003206          0.000000003206          0.000000003207          0.000000003207          0.000000003208          0.000000003209          0.000000003212          0.000000003218          0.000000003229          0.000000003250          0.000000003290          0.000000003368          0.000000003520          0.000000003821          0.000000004415    
       -0.000000002364         -0.000000002364         -0.000000002364         -0.000000002364         -0.000000002364         -0.000000002364         -0.000000002364         -0.000000002364         -0.000000002365         -0.000000002365         -0.000000002365         -0.000000002367         -0.000000002369         -0.000000002373         -0.000000002381         -0.000000002397         -0.000000002426         -0.000000002484         -0.000000002596         -0.000000002818         -0.000000003256     
        0.000000001744          0.000000001744          0.000000001744          0.000000001744          0.000000001744          0.000000001744          0.000000001744          0.000000001744          0.000000001744          0.000000001745          0.000000001746          0.000000001747          0.000000001750          0.000000001756          0.000000001768          0.000000001790          0.000000001832          0.000000001915          0.000000002079          0.000000002402      
       -0.000000001286         -0.000000001286         -0.000000001286         -0.000000001286         -0.000000001286         -0.000000001286         -0.000000001286         -0.000000001287         -0.000000001287         -0.000000001288         -0.000000001289         -0.000000001291         -0.000000001296         -0.000000001304         -0.000000001320         -0.000000001352         -0.000000001413         -0.000000001534         -0.000000001772       
        0.000000000949          0.000000000949          0.000000000949          0.000000000949          0.000000000949          0.000000000949          0.000000000949          0.000000000950          0.000000000950          0.000000000951          0.000000000953          0.000000000956          0.000000000962          0.000000000974          0.000000000997          0.000000001042          0.000000001132          0.000000001308        
       -0.000000000700         -0.000000000700         -0.000000000700         -0.000000000700         -0.000000000700         -0.000000000700         -0.000000000701         -0.000000000701         -0.000000000702         -0.000000000703         -0.000000000705         -0.000000000710         -0.000000000719         -0.000000000736         -0.000000000769         -0.000000000835         -0.000000000965         
        0.000000000517          0.000000000517          0.000000000517          0.000000000517          0.000000000517          0.000000000517          0.000000000517          0.000000000518          0.000000000519          0.000000000521          0.000000000524          0.000000000531          0.000000000543          0.000000000568          0.000000000616          0.000000000712          
       -0.000000000381         -0.000000000381         -0.000000000382         -0.000000000382         -0.000000000382         -0.000000000382         -0.000000000382         -0.000000000383         -0.000000000384         -0.000000000387         -0.000000000392         -0.000000000401         -0.000000000419         -0.000000000455         -0.000000000526           
        0.000000000282          0.000000000282          0.000000000282          0.000000000282          0.000000000282          0.000000000282          0.000000000283          0.000000000284          0.000000000285          0.000000000289          0.000000000296          0.000000000309          0.000000000336          0.000000000388            
       -0.000000000208         -0.000000000208         -0.000000000208         -0.000000000208         -0.000000000208         -0.000000000209         -0.000000000209         -0.000000000211         -0.000000000213         -0.000000000218         -0.000000000228         -0.000000000248         -0.000000000287             
        0.000000000154          0.000000000154          0.000000000154          0.000000000154          0.000000000154          0.000000000155          0.000000000156          0.000000000158          0.000000000161          0.000000000169          0.000000000183          0.000000000212              
       -0.000000000113         -0.000000000113         -0.000000000114         -0.000000000114         -0.000000000114         -0.000000000115         -0.000000000116         -0.000000000119         -0.000000000125         -0.000000000135         -0.000000000156               
        0.000000000084          0.000000000084          0.000000000084          0.000000000084          0.000000000085          0.000000000086          0.000000000088          0.000000000092          0.000000000100          0.000000000115                
       -0.000000000062         -0.000000000062         -0.000000000062         -0.000000000063         -0.000000000063         -0.000000000065         -0.000000000068         -0.000000000074         -0.000000000085                 
        0.000000000046          0.000000000046          0.000000000046          0.000000000047          0.000000000048          0.000000000050          0.000000000054          0.000000000063                  
       -0.000000000034         -0.000000000034         -0.000000000035         -0.000000000035         -0.000000000037         -0.000000000040         -0.000000000046                   
        0.000000000025          0.000000000026          0.000000000026          0.000000000027          0.000000000030          0.000000000034                    
       -0.000000000019         -0.000000000019         -0.000000000020         -0.000000000022         -0.000000000025                     
        0.000000000014          0.000000000015          0.000000000016          0.000000000019                      
       -0.000000000011         -0.000000000012         -0.000000000014                       
        0.000000000009          0.000000000010                        
       -0.000000000008                         
