         0.000055015707        0.087531794156        0.007600544002       -0.016375051946        0.002167096952        0.000810319460        0.001054566653       -0.001139798218        0.000405273770       -0.000161395906        0.000177312944       -0.000137485516        0.000072950565       -0.000042205197        0.000031022847       -0.000021329035        0.000013046681       -0.000008208986        0.000005517944       -0.000003649195        0.000002332184       -0.000001502861        0.000000987230       -0.000000645648        0.000000416464       -0.000000269759        0.000000184280       -0.000000123947
         0.000025508198        0.093227779672        0.006488228699       -0.016741252009        0.001899393437        0.001215286025        0.000897524353       -0.001088090245        0.000347749051       -0.000112189752        0.000150646579       -0.000122824574        0.000061978644       -0.000034409398        0.000026277157       -0.000018346401        0.000011003325       -0.000006842850        0.000004644290       -0.000003082986        0.000001956741       -0.000001256416        0.000000826853       -0.000000538799        0.000000347136       -0.000000234730        0.000000157300
         0.000006813550        0.093230187550        0.007201269367       -0.017230998478        0.002068799979        0.001112348561        0.000997952407       -0.001155767583        0.000384423914       -0.000135609028        0.000167722800       -0.000133990417        0.000068927964       -0.000038970429        0.000029315152       -0.000020324128        0.000012287139       -0.000007685482        0.000005196865       -0.000003443173        0.000002191744       -0.000001408655        0.000000921656       -0.000000599291        0.000000397190       -0.000000257555
         0.000001973127        0.093121296823        0.007287964063       -0.017267251235        0.002087477719        0.001096030825        0.001009964232       -0.001162729741        0.000388691269       -0.000138683576        0.000169651795       -0.000135206795        0.000069758167       -0.000039523346        0.000029669683       -0.000020555993        0.000012441642       -0.000007786547        0.000005262090       -0.000003486020        0.000002218241       -0.000001419678        0.000000927587       -0.000000620235        0.000000399400
         0.000001041834        0.093189962513        0.007229649767       -0.017243464314        0.002074619398        0.001107603794        0.001001818894       -0.001158212621        0.000385760710       -0.000136621052        0.000168297434       -0.000134351968        0.000069207526       -0.000039155991        0.000029428178       -0.000020400084        0.000012339341       -0.000007718319        0.000005217656       -0.000003454735        0.000002188490       -0.000001398736        0.000000940507       -0.000000612413
         0.000000495913        0.093216745746        0.007221520903       -0.017243958860        0.002072867698        0.001110054823        0.001000691435       -0.001157776510        0.000385355895       -0.000136295306        0.000168112745       -0.000134240679        0.000069127703       -0.000039102454        0.000029395242       -0.000020377985        0.000012323412       -0.000007708340        0.000005207645       -0.000003433851        0.000002172505       -0.000001428704        0.000000935118
         0.000000171745        0.093214859590        0.007226558400       -0.017246834520        0.002073889149        0.001109288551        0.001001379457       -0.001158222383        0.000385584471       -0.000136457000        0.000168221833       -0.000134310489        0.000069171834       -0.000039131955        0.000029413363       -0.000020388606        0.000012331355       -0.000007708138        0.000005185501       -0.000003415967        0.000002222625       -0.000001423648
         0.000000060790        0.093213382070        0.007227250327       -0.017246945699        0.002074022176        0.001109123797        0.001001458911       -0.001158271004        0.000385618664       -0.000136482167        0.000168234717       -0.000134317694        0.000069176796       -0.000039132097        0.000029410592       -0.000020388222        0.000012322816       -0.000007668801        0.000005154978       -0.000003491495        0.000002213931
         0.000000028128        0.093213803935        0.007226750311       -0.017246711824        0.002073917235        0.001109214682        0.001001385480       -0.001158231639        0.000385592245       -0.000136463399        0.000168225275       -0.000134309381        0.000069166703       -0.000039121269        0.000029405925       -0.000020372623        0.000012261007       -0.000007621879        0.000005272806       -0.000003478150
         0.000000012624        0.093214012968        0.007226674320       -0.017246706642        0.002073897502        0.001109238210        0.001001374396       -0.001158226620        0.000385586838       -0.000136458791        0.000168218814       -0.000134297675        0.000069153639       -0.000039116343        0.000029383460       -0.000020278357        0.000012190174       -0.000007804414        0.000005255859
         0.000000004677        0.093213990895        0.007226717565       -0.017246727524        0.002073904368        0.001109232469        0.001001377585       -0.001158228787        0.000385583810       -0.000136453682        0.000168202627       -0.000134280703        0.000069148044       -0.000039082754        0.000029239129       -0.000020170270        0.000012467221       -0.000007784816
         0.000000001178        0.093213977503        0.007226721222       -0.017246725969        0.002073903387        0.001109234702        0.001001372651       -0.001158224110        0.000385571328       -0.000136431487        0.000168176400       -0.000134272003        0.000069097394       -0.000038865391        0.000029077848       -0.000020600858        0.000012434595
        -0.000000000949        0.093213983391        0.007226714143       -0.017246720563        0.002073896879        0.001109242775        0.001001363217       -0.001158208323        0.000385537453       -0.000136393216        0.000168167796       -0.000134198317        0.000068768757       -0.000038628207        0.000029773085       -0.000020539671
        -0.000000003719        0.093213988522        0.007226708419       -0.017246711929        0.002073885029        0.001109256423        0.001001338490       -0.001158154429        0.000385480295       -0.000136377687        0.000168051821       -0.000133680267        0.000068399017       -0.000039698661        0.000029707606
        -0.000000009438        0.093213996856        0.007226694642       -0.017246692332        0.002073861508        0.001109297771        0.001001252992       -0.001158051207        0.000385442840       -0.000136187841        0.000167251121       -0.000133079786        0.000069891381       -0.000039660950
        -0.000000022237        0.093214017579        0.007226665732       -0.017246656819        0.002073799510        0.001109423442        0.001001107957       -0.001157973150        0.000385167302       -0.000135075735        0.000166371112       -0.000135274948        0.000069692174
        -0.000000050969        0.093214056126        0.007226620082       -0.017246570162        0.002073620599        0.001109610528        0.001001060521       -0.001157548489        0.000383510578       -0.000133950633        0.000170330714       -0.000134564430
        -0.000000119210        0.093214135669        0.007226472935       -0.017246254312        0.002073272982        0.001109698134        0.001000399241       -0.001154513807        0.000381492988       -0.000140489021        0.000169774066
        -0.000000287086        0.093214410891        0.007225914823       -0.017245521139        0.002072823615        0.001110837090        0.000995739735       -0.001149610759        0.000388538157       -0.000141738954
        -0.000000665218        0.093215113891        0.007225021755       -0.017244813947        0.002071075484        0.001116453398        0.000990485435       -0.001156812317        0.000386230671
        -0.000001458343        0.093215695630        0.007225124393       -0.017242412149        0.002062938033        0.001117312887        0.001012643017       -0.001141300045
        -0.000003447914        0.093215697016        0.007221232305       -0.017223127559        0.002051126143        0.001071173694        0.001007910954
        -0.000009041800        0.093223544345        0.007189003712       -0.017172162199        0.002071038014        0.001028072087
        -0.000020687805        0.093243513561        0.007155617614       -0.017142705150        0.002045899225
        -0.000037585870        0.093147400417        0.007333620118       -0.016867950897
        -0.000093430633        0.092608931037        0.007323706899
        -0.000352503198        0.091524581612
        -0.000766633496
