        0.037958541682          0.037958690946          0.037958735780          0.037958746515          0.037958747524          0.037958746493          0.037958745479          0.037958744830          0.037958744475          0.037958744298          0.037958744213          0.037958744174          0.037958744156
       -0.036533235299         -0.036533276681         -0.036533280296         -0.036533275971         -0.036533271771         -0.036533269073         -0.036533267587         -0.036533266837         -0.036533266480         -0.036533266316         -0.036533266243         -0.036533266211         -0.036533266194
        0.010656307995          0.010656339755          0.010656344678          0.010656343170          0.010656341076          0.010656339622          0.010656338795          0.010656338373          0.010656338167          0.010656338072          0.010656338029          0.010656338009          0.010656337997
       -0.004689726181         -0.004689735549         -0.004689733866         -0.004689730837         -0.004689728641         -0.004689727368         -0.004689726696         -0.004689726366         -0.004689726208         -0.004689726140         -0.004689726122         -0.004689726109         -0.004689726103
        0.001228699159          0.001228701778          0.001228699288          0.001228696784          0.001228695163          0.001228694267          0.001228693814          0.001228693558          0.001228693473          0.001228693362          0.001228693391          0.001228693377          0.001228693370
        0.000026404259          0.000026405541          0.000026408373          0.000026410467          0.000026411688          0.000026412324          0.000026412527          0.000026412598          0.000026412624          0.000026412922          0.000026412960          0.000026412960          0.000026412953
       -0.000489006632         -0.000489009300         -0.000489011890         -0.000489013548         -0.000489014450         -0.000489014852         -0.000489015220         -0.000489015260         -0.000489015257         -0.000489014986         -0.000489015070         -0.000489015082         -0.000489015080
        0.000572601685          0.000572604501          0.000572606566          0.000572607765          0.000572608471          0.000572608876          0.000572608983          0.000572608832          0.000572608944          0.000572608767          0.000572608851          0.000572608849          0.000572608817
       -0.000513926519         -0.000513929039         -0.000513930631         -0.000513931583         -0.000513931951         -0.000513932145         -0.000513931998         -0.000513932339         -0.000513932370         -0.000513932043         -0.000513932089         -0.000513932072         -0.000513931995
        0.000412154780          0.000412156855          0.000412158126          0.000412158670          0.000412158942          0.000412158921          0.000412159244          0.000412159367          0.000412159503          0.000412159285          0.000412159304          0.000412159266          0.000412159116
       -0.000310729734         -0.000310731422         -0.000310732227         -0.000310732646         -0.000310732763         -0.000310733093         -0.000310733253         -0.000310733489         -0.000310733583         -0.000310733492         -0.000310733489         -0.000310733417         -0.000310733146
        0.000225107662          0.000225108828          0.000225109444          0.000225109699          0.000225110018          0.000225110190          0.000225110497          0.000225110676          0.000225110699          0.000225110692          0.000225110664          0.000225110529          0.000225110051
       -0.000158542593         -0.000158543476         -0.000158543891         -0.000158544223         -0.000158544372         -0.000158544634         -0.000158544869         -0.000158544964         -0.000158544930         -0.000158544954         -0.000158544889         -0.000158544638         -0.000158543804
        0.000109293209          0.000109293826          0.000109294213          0.000109294378          0.000109294551          0.000109294744          0.000109294870          0.000109294893          0.000109294834          0.000109294848          0.000109294719          0.000109294267          0.000109292841
       -0.000074059537         -0.000074060032         -0.000074060245         -0.000074060388         -0.000074060502         -0.000074060607         -0.000074060643         -0.000074060626         -0.000074060559         -0.000074060533         -0.000074060294         -0.000074059505         -0.000074056933
        0.000049468018          0.000049468320          0.000049468473          0.000049468563          0.000049468618          0.000049468652          0.000049468638          0.000049468605          0.000049468536          0.000049468439          0.000049468014          0.000049466565          0.000049462591
       -0.000032632200         -0.000032632404         -0.000032632500         -0.000032632547         -0.000032632560         -0.000032632555         -0.000032632522         -0.000032632485         -0.000032632402         -0.000032632194         -0.000032631397         -0.000032629147         -0.000032622586
        0.000021286875          0.000021287006          0.000021287062          0.000021287081          0.000021287074          0.000021287055          0.000021287021          0.000021286978          0.000021286857          0.000021286435          0.000021285191          0.000021281436          0.000021270471
       -0.000013743774         -0.000013743857         -0.000013743888         -0.000013743893         -0.000013743881         -0.000013743861         -0.000013743830         -0.000013743772         -0.000013743550         -0.000013742880         -0.000013740776         -0.000013734439         -0.000013716772
        0.000008787795          0.000008787848          0.000008787865          0.000008787865          0.000008787856          0.000008787840          0.000008787809          0.000008787700          0.000008787359          0.000008786204          0.000008782610          0.000008772305          0.000008743789
       -0.000005566461         -0.000005566494         -0.000005566504         -0.000005566505         -0.000005566502         -0.000005566490         -0.000005566438         -0.000005566272         -0.000005565671         -0.000005563674         -0.000005557762         -0.000005540990         -0.000005495883
        0.000003493484          0.000003493506          0.000003493514          0.000003493518          0.000003493519          0.000003493500          0.000003493427          0.000003493126          0.000003492062          0.000003488731          0.000003479016          0.000003452304          0.000003378925
       -0.000002172153         -0.000002172168         -0.000002172177         -0.000002172183         -0.000002172183         -0.000002172159         -0.000002172020         -0.000002171472         -0.000002169657         -0.000002164124         -0.000002148526         -0.000002104520         -0.000001995171
        0.000001337707          0.000001337720          0.000001337729          0.000001337736          0.000001337737          0.000001337684          0.000001337421          0.000001336460          0.000001333391          0.000001324426          0.000001298349          0.000001232640          0.000001016846
       -0.000000815579         -0.000000815591         -0.000000815600         -0.000000815611         -0.000000815601         -0.000000815489         -0.000000815006         -0.000000813348         -0.000000808308         -0.000000793060         -0.000000754039         -0.000000620649 
        0.000000491917          0.000000491928          0.000000491941          0.000000491949          0.000000491915          0.000000491691          0.000000490832          0.000000488066          0.000000479299          0.000000456432          0.000000374676  
       -0.000000293216         -0.000000293230         -0.000000293244         -0.000000293245         -0.000000293157         -0.000000292739         -0.000000291272         -0.000000286325         -0.000000273138         -0.000000223478   
        0.000000172476          0.000000172491          0.000000172506          0.000000172484          0.000000172302          0.000000171561          0.000000168838          0.000000161373          0.000000131507    
       -0.000000099916         -0.000000099935         -0.000000099943         -0.000000099879         -0.000000099534         -0.000000098082         -0.000000093955         -0.000000076186     
        0.000000056843          0.000000056862          0.000000056856          0.000000056716          0.000000055977          0.000000053766          0.000000043323      
       -0.000000031629         -0.000000031646         -0.000000031609         -0.000000031258         -0.000000030123         -0.000000024073       
        0.000000017109          0.000000017118          0.000000016972          0.000000016427          0.000000012981        
       -0.000000008912         -0.000000008869         -0.000000008637         -0.000000006714         
        0.000000004379          0.000000004305          0.000000003260          
       -0.000000001966         -0.000000001419           
        0.000000000482            
