        0.113365511782          0.113365511868          0.113365511906          0.113365511923          0.113365511930          0.113365511934          0.113365511935          0.113365511936          0.113365511936          0.113365511936          0.113365511936          0.113365511936          0.113365511936          0.113365511936          0.113365511936          0.113365511936          0.113365511936          0.113365511936          0.113365511936          0.113365511936          0.113365511937          0.113365511936          0.113365511936          0.113365511936          0.113365511936          0.113365511936
       -0.074204777131         -0.074204777188         -0.074204777213         -0.074204777224         -0.074204777229         -0.074204777231         -0.074204777232         -0.074204777233         -0.074204777233         -0.074204777233         -0.074204777233         -0.074204777233         -0.074204777233         -0.074204777233         -0.074204777233         -0.074204777233         -0.074204777233         -0.074204777233         -0.074204777233         -0.074204777233         -0.074204777233         -0.074204777233         -0.074204777233         -0.074204777233         -0.074204777233         -0.074204777233
        0.049605773771          0.049605773808          0.049605773825          0.049605773832          0.049605773836          0.049605773837          0.049605773838          0.049605773838          0.049605773838          0.049605773838          0.049605773838          0.049605773838          0.049605773838          0.049605773838          0.049605773838          0.049605773838          0.049605773838          0.049605773838          0.049605773838          0.049605773838          0.049605773838          0.049605773838          0.049605773838          0.049605773838          0.049605773838          0.049605773838
       -0.033443779592         -0.033443779618         -0.033443779630         -0.033443779633         -0.033443779636         -0.033443779637         -0.033443779637         -0.033443779637         -0.033443779638         -0.033443779637         -0.033443779637         -0.033443779638         -0.033443779636         -0.033443779637         -0.033443779638         -0.033443779637         -0.033443779638         -0.033443779638         -0.033443779637         -0.033443779638         -0.033443779638         -0.033443779636         -0.033443779638         -0.033443779638         -0.033443779637         -0.033443779637
        0.021938656494          0.021938656513          0.021938656520          0.021938656521          0.021938656524          0.021938656525          0.021938656523          0.021938656526          0.021938656525          0.021938656524          0.021938656526          0.021938656526          0.021938656524          0.021938656526          0.021938656525          0.021938656524          0.021938656526          0.021938656525          0.021938656524          0.021938656526          0.021938656525          0.021938656524          0.021938656526          0.021938656525          0.021938656524          0.021938656525
       -0.014499452247         -0.014499452258         -0.014499452264         -0.014499452263         -0.014499452268         -0.014499452269         -0.014499452264         -0.014499452267         -0.014499452268         -0.014499452264         -0.014499452269         -0.014499452268         -0.014499452265         -0.014499452267         -0.014499452268         -0.014499452265         -0.014499452267         -0.014499452267         -0.014499452265         -0.014499452269         -0.014499452266         -0.014499452268         -0.014499452267         -0.014499452265         -0.014499452266         -0.014499452267
        0.009641800099          0.009641800105          0.009641800098          0.009641800112          0.009641800113          0.009641800100          0.009641800114          0.009641800113          0.009641800099          0.009641800116          0.009641800114          0.009641800100          0.009641800116          0.009641800111          0.009641800099          0.009641800116          0.009641800110          0.009641800100          0.009641800119          0.009641800110          0.009641800105          0.009641800118          0.009641800108          0.009641800098          0.009641800106          0.009641800107
       -0.006356706486         -0.006356706466         -0.006356706481         -0.006356706499         -0.006356706476         -0.006356706481         -0.006356706503         -0.006356706468         -0.006356706483         -0.006356706504         -0.006356706472         -0.006356706485         -0.006356706499         -0.006356706469         -0.006356706485         -0.006356706500         -0.006356706466         -0.006356706491         -0.006356706503         -0.006356706470         -0.006356706498         -0.006356706493         -0.006356706469         -0.006356706483         -0.006356706484         -0.006356706477
        0.004197460838          0.004197460856          0.004197460819          0.004197460871          0.004197460882          0.004197460832          0.004197460866          0.004197460890          0.004197460829          0.004197460890          0.004197460890          0.004197460824          0.004197460864          0.004197460882          0.004197460817          0.004197460867          0.004197460883          0.004197460831          0.004197460900          0.004197460888          0.004197460846          0.004197460861          0.004197460855          0.004197460838          0.004197460861          0.004197460850
       -0.002781265663         -0.002781265691         -0.002781265777         -0.002781265650         -0.002781265682         -0.002781265799         -0.002781265649         -0.002781265669         -0.002781265792         -0.002781265621         -0.002781265699         -0.002781265791         -0.002781265644         -0.002781265701         -0.002781265799         -0.002781265629         -0.002781265705         -0.002781265776         -0.002781265611         -0.002781265730         -0.002781265740         -0.002781265645         -0.002781265705         -0.002781265726         -0.002781265685         -0.002781265725
        0.001836783165          0.001836783093          0.001836783110          0.001836783164          0.001836783080          0.001836783097          0.001836783172          0.001836783077          0.001836783107          0.001836783164          0.001836783073          0.001836783111          0.001836783166          0.001836783072          0.001836783115          0.001836783164          0.001836783063          0.001836783122          0.001836783143          0.001836783073          0.001836783133          0.001836783155          0.001836783111          0.001836783128          0.001836783132          0.001836783112
       -0.001213238267         -0.001213238285         -0.001213238252         -0.001213238271         -0.001213238293         -0.001213238252         -0.001213238273         -0.001213238296         -0.001213238248         -0.001213238277         -0.001213238291         -0.001213238247         -0.001213238271         -0.001213238290         -0.001213238246         -0.001213238280         -0.001213238291         -0.001213238251         -0.001213238285         -0.001213238281         -0.001213238258         -0.001213238274         -0.001213238272         -0.001213238259         -0.001213238270         -0.001213238270
        0.000802854718          0.000802854727          0.000802854762          0.000802854714          0.000802854723          0.000802854765          0.000802854709          0.000802854726          0.000802854763          0.000802854709          0.000802854731          0.000802854765          0.000802854710          0.000802854732          0.000802854761          0.000802854704          0.000802854736          0.000802854750          0.000802854708          0.000802854739          0.000802854747          0.000802854722          0.000802854738          0.000802854743          0.000802854729          0.000802854741
       -0.000530619833         -0.000530619813         -0.000530619818         -0.000530619833         -0.000530619810         -0.000530619818         -0.000530619832         -0.000530619810         -0.000530619818         -0.000530619833         -0.000530619809         -0.000530619820         -0.000530619832         -0.000530619807         -0.000530619821         -0.000530619828         -0.000530619808         -0.000530619822         -0.000530619830         -0.000530619816         -0.000530619826         -0.000530619830         -0.000530619821         -0.000530619826         -0.000530619828         -0.000530619824
        0.000350655688          0.000350655698          0.000350655685          0.000350655688          0.000350655699          0.000350655684          0.000350655689          0.000350655699          0.000350655683          0.000350655690          0.000350655698          0.000350655682          0.000350655690          0.000350655698          0.000350655682          0.000350655693          0.000350655696          0.000350655685          0.000350655694          0.000350655693          0.000350655688          0.000350655692          0.000350655692          0.000350655689          0.000350655693          0.000350655693
       -0.000231949560         -0.000231949562         -0.000231949570         -0.000231949559         -0.000231949562         -0.000231949571         -0.000231949558         -0.000231949563         -0.000231949570         -0.000231949558         -0.000231949563         -0.000231949570         -0.000231949557         -0.000231949564         -0.000231949569         -0.000231949557         -0.000231949566         -0.000231949567         -0.000231949560         -0.000231949566         -0.000231949567         -0.000231949563         -0.000231949566         -0.000231949566         -0.000231949564         -0.000231949567
        0.000153364083          0.000153364080          0.000153364082          0.000153364082          0.000153364080          0.000153364082          0.000153364082          0.000153364080          0.000153364081          0.000153364082          0.000153364079          0.000153364082          0.000153364081          0.000153364080          0.000153364081          0.000153364082          0.000153364081          0.000153364082          0.000153364083          0.000153364082          0.000153364083          0.000153364084          0.000153364083          0.000153364084          0.000153364084          0.000153364083
       -0.000101392457         -0.000101392460         -0.000101392456         -0.000101392457         -0.000101392460         -0.000101392456         -0.000101392457         -0.000101392460         -0.000101392455         -0.000101392457         -0.000101392460         -0.000101392455         -0.000101392457         -0.000101392460         -0.000101392456         -0.000101392458         -0.000101392459         -0.000101392456         -0.000101392458         -0.000101392459         -0.000101392458         -0.000101392459         -0.000101392459         -0.000101392458         -0.000101392459         -0.000101392459
        0.000067065608          0.000067065608          0.000067065610          0.000067065607          0.000067065608          0.000067065610          0.000067065607          0.000067065608          0.000067065610          0.000067065607          0.000067065608          0.000067065610          0.000067065607          0.000067065609          0.000067065610          0.000067065607          0.000067065609          0.000067065609          0.000067065608          0.000067065609          0.000067065610          0.000067065609          0.000067065610          0.000067065609          0.000067065609          0.000067065610
       -0.000044355929         -0.000044355929         -0.000044355929         -0.000044355929         -0.000044355929         -0.000044355929         -0.000044355928         -0.000044355929         -0.000044355929         -0.000044355928         -0.000044355929         -0.000044355929         -0.000044355929         -0.000044355929         -0.000044355929         -0.000044355929         -0.000044355929         -0.000044355929         -0.000044355929         -0.000044355929         -0.000044355930         -0.000044355930         -0.000044355930         -0.000044355930         -0.000044355930         -0.000044355930
        0.000029334610          0.000029334611          0.000029334610          0.000029334610          0.000029334611          0.000029334610          0.000029334610          0.000029334611          0.000029334610          0.000029334610          0.000029334611          0.000029334610          0.000029334610          0.000029334611          0.000029334610          0.000029334611          0.000029334611          0.000029334611          0.000029334611          0.000029334611          0.000029334611          0.000029334611          0.000029334611          0.000029334611          0.000029334611          0.000029334611
       -0.000019405350         -0.000019405350         -0.000019405351         -0.000019405350         -0.000019405350         -0.000019405351         -0.000019405350         -0.000019405350         -0.000019405350         -0.000019405350         -0.000019405350         -0.000019405351         -0.000019405350         -0.000019405350         -0.000019405350         -0.000019405350         -0.000019405350         -0.000019405351         -0.000019405350         -0.000019405351         -0.000019405351         -0.000019405351         -0.000019405351         -0.000019405351         -0.000019405351         -0.000019405351
        0.000012837241          0.000012837241          0.000012837242          0.000012837241          0.000012837242          0.000012837242          0.000012837241          0.000012837241          0.000012837242          0.000012837241          0.000012837241          0.000012837242          0.000012837241          0.000012837241          0.000012837242          0.000012837241          0.000012837242          0.000012837242          0.000012837242          0.000012837242          0.000012837242          0.000012837242          0.000012837242          0.000012837242          0.000012837242          0.000012837242
       -0.000008492214         -0.000008492214         -0.000008492214         -0.000008492214         -0.000008492214         -0.000008492214         -0.000008492214         -0.000008492214         -0.000008492214         -0.000008492214         -0.000008492214         -0.000008492214         -0.000008492214         -0.000008492214         -0.000008492214         -0.000008492214         -0.000008492214         -0.000008492214         -0.000008492214         -0.000008492214         -0.000008492214         -0.000008492214         -0.000008492214         -0.000008492214         -0.000008492214         -0.000008492214
        0.000005618700          0.000005618700          0.000005618700          0.000005618700          0.000005618700          0.000005618700          0.000005618700          0.000005618700          0.000005618700          0.000005618700          0.000005618700          0.000005618700          0.000005618700          0.000005618700          0.000005618700          0.000005618700          0.000005618700          0.000005618700          0.000005618700          0.000005618700          0.000005618700          0.000005618700          0.000005618700          0.000005618700          0.000005618700          0.000005618700
       -0.000003717718         -0.000003717718         -0.000003717718         -0.000003717718         -0.000003717718         -0.000003717718         -0.000003717718         -0.000003717718         -0.000003717718         -0.000003717718         -0.000003717718         -0.000003717718         -0.000003717718         -0.000003717718         -0.000003717718         -0.000003717718         -0.000003717718         -0.000003717718         -0.000003717718         -0.000003717718         -0.000003717718         -0.000003717718         -0.000003717718         -0.000003717718         -0.000003717718         -0.000003717718
        0.000002459968          0.000002459968          0.000002459968          0.000002459968          0.000002459968          0.000002459968          0.000002459968          0.000002459968          0.000002459968          0.000002459968          0.000002459968          0.000002459968          0.000002459968          0.000002459968          0.000002459968          0.000002459968          0.000002459968          0.000002459968          0.000002459968          0.000002459968          0.000002459968          0.000002459968          0.000002459968          0.000002459968          0.000002459968          0.000002459968
       -0.000001627892         -0.000001627892         -0.000001627892         -0.000001627892         -0.000001627892         -0.000001627892         -0.000001627892         -0.000001627892         -0.000001627892         -0.000001627892         -0.000001627892         -0.000001627892         -0.000001627892         -0.000001627892         -0.000001627892         -0.000001627892         -0.000001627892         -0.000001627892         -0.000001627892         -0.000001627892         -0.000001627892         -0.000001627892         -0.000001627892         -0.000001627892         -0.000001627892         -0.000001627892
        0.000001077333          0.000001077333          0.000001077333          0.000001077333          0.000001077333          0.000001077333          0.000001077333          0.000001077333          0.000001077333          0.000001077333          0.000001077333          0.000001077333          0.000001077333          0.000001077333          0.000001077333          0.000001077333          0.000001077333          0.000001077333          0.000001077333          0.000001077333          0.000001077333          0.000001077333          0.000001077333          0.000001077333          0.000001077333          0.000001077333
       -0.000000713003         -0.000000713003         -0.000000713003         -0.000000713003         -0.000000713003         -0.000000713003         -0.000000713003         -0.000000713003         -0.000000713003         -0.000000713003         -0.000000713003         -0.000000713003         -0.000000713003         -0.000000713003         -0.000000713004         -0.000000713003         -0.000000713003         -0.000000713004         -0.000000713004         -0.000000713004         -0.000000713004         -0.000000713004         -0.000000713004         -0.000000713004         -0.000000713004         -0.000000713004
        0.000000471915          0.000000471915          0.000000471915          0.000000471915          0.000000471915          0.000000471915          0.000000471915          0.000000471915          0.000000471915          0.000000471915          0.000000471915          0.000000471915          0.000000471915          0.000000471915          0.000000471915          0.000000471915          0.000000471915          0.000000471915          0.000000471915          0.000000471915          0.000000471915          0.000000471915          0.000000471915          0.000000471915          0.000000471915          0.000000471915
       -0.000000312364         -0.000000312363         -0.000000312363         -0.000000312364         -0.000000312363         -0.000000312364         -0.000000312364         -0.000000312363         -0.000000312364         -0.000000312363         -0.000000312363         -0.000000312364         -0.000000312364         -0.000000312363         -0.000000312364         -0.000000312364         -0.000000312364         -0.000000312364         -0.000000312364         -0.000000312364         -0.000000312364         -0.000000312364         -0.000000312364         -0.000000312364         -0.000000312364         -0.000000312364
        0.000000206763          0.000000206763          0.000000206763          0.000000206763          0.000000206763          0.000000206763          0.000000206763          0.000000206763          0.000000206763          0.000000206763          0.000000206763          0.000000206763          0.000000206763          0.000000206763          0.000000206763          0.000000206763          0.000000206763          0.000000206763          0.000000206763          0.000000206763          0.000000206763          0.000000206763          0.000000206763          0.000000206763          0.000000206763          0.000000206764
       -0.000000136870         -0.000000136870         -0.000000136870         -0.000000136870         -0.000000136870         -0.000000136870         -0.000000136870         -0.000000136870         -0.000000136870         -0.000000136870         -0.000000136870         -0.000000136870         -0.000000136870         -0.000000136870         -0.000000136870         -0.000000136870         -0.000000136870         -0.000000136870         -0.000000136870         -0.000000136870         -0.000000136870         -0.000000136870         -0.000000136870         -0.000000136870         -0.000000136870         -0.000000136870
        0.000000090606          0.000000090606          0.000000090606          0.000000090606          0.000000090606          0.000000090606          0.000000090606          0.000000090606          0.000000090606          0.000000090606          0.000000090606          0.000000090606          0.000000090606          0.000000090606          0.000000090606          0.000000090606          0.000000090606          0.000000090606          0.000000090606          0.000000090606          0.000000090606          0.000000090606          0.000000090606          0.000000090607          0.000000090607          0.000000090607
       -0.000000059982         -0.000000059982         -0.000000059982         -0.000000059982         -0.000000059982         -0.000000059982         -0.000000059982         -0.000000059982         -0.000000059982         -0.000000059982         -0.000000059982         -0.000000059982         -0.000000059982         -0.000000059982         -0.000000059982         -0.000000059982         -0.000000059982         -0.000000059982         -0.000000059982         -0.000000059982         -0.000000059982         -0.000000059982         -0.000000059982         -0.000000059982         -0.000000059983         -0.000000059983
        0.000000039710          0.000000039710          0.000000039710          0.000000039710          0.000000039710          0.000000039710          0.000000039710          0.000000039710          0.000000039710          0.000000039710          0.000000039710          0.000000039710          0.000000039710          0.000000039710          0.000000039710          0.000000039710          0.000000039710          0.000000039710          0.000000039710          0.000000039710          0.000000039710          0.000000039710          0.000000039710          0.000000039710          0.000000039710          0.000000039711
       -0.000000026290         -0.000000026290         -0.000000026290         -0.000000026290         -0.000000026290         -0.000000026290         -0.000000026290         -0.000000026290         -0.000000026290         -0.000000026290         -0.000000026290         -0.000000026290         -0.000000026290         -0.000000026290         -0.000000026290         -0.000000026290         -0.000000026290         -0.000000026290         -0.000000026290         -0.000000026290         -0.000000026290         -0.000000026290         -0.000000026290         -0.000000026290         -0.000000026290         -0.000000026291
        0.000000017405          0.000000017405          0.000000017405          0.000000017405          0.000000017405          0.000000017405          0.000000017405          0.000000017405          0.000000017405          0.000000017405          0.000000017405          0.000000017405          0.000000017405          0.000000017405          0.000000017405          0.000000017405          0.000000017405          0.000000017405          0.000000017405          0.000000017405          0.000000017405          0.000000017405          0.000000017405          0.000000017405          0.000000017406          0.000000017407
       -0.000000011523         -0.000000011523         -0.000000011523         -0.000000011523         -0.000000011523         -0.000000011523         -0.000000011523         -0.000000011523         -0.000000011523         -0.000000011523         -0.000000011523         -0.000000011523         -0.000000011523         -0.000000011523         -0.000000011523         -0.000000011523         -0.000000011523         -0.000000011523         -0.000000011523         -0.000000011523         -0.000000011523         -0.000000011523         -0.000000011523         -0.000000011524         -0.000000011524         -0.000000011526
        0.000000007629          0.000000007629          0.000000007629          0.000000007629          0.000000007629          0.000000007629          0.000000007629          0.000000007629          0.000000007629          0.000000007629          0.000000007629          0.000000007629          0.000000007629          0.000000007629          0.000000007629          0.000000007629          0.000000007629          0.000000007629          0.000000007629          0.000000007629          0.000000007629          0.000000007629          0.000000007629          0.000000007630          0.000000007631          0.000000007633
       -0.000000005051         -0.000000005051         -0.000000005051         -0.000000005051         -0.000000005051         -0.000000005051         -0.000000005051         -0.000000005051         -0.000000005051         -0.000000005051         -0.000000005051         -0.000000005051         -0.000000005051         -0.000000005051         -0.000000005051         -0.000000005051         -0.000000005051         -0.000000005051         -0.000000005051         -0.000000005051         -0.000000005051         -0.000000005051         -0.000000005051         -0.000000005052         -0.000000005054         -0.000000005058
        0.000000003344          0.000000003344          0.000000003344          0.000000003344          0.000000003344          0.000000003344          0.000000003344          0.000000003344          0.000000003344          0.000000003344          0.000000003344          0.000000003344          0.000000003344          0.000000003344          0.000000003344          0.000000003344          0.000000003344          0.000000003344          0.000000003344          0.000000003344          0.000000003344          0.000000003344          0.000000003345          0.000000003346          0.000000003348          0.000000003354
       -0.000000002214         -0.000000002214         -0.000000002214         -0.000000002214         -0.000000002214         -0.000000002214         -0.000000002214         -0.000000002214         -0.000000002214         -0.000000002214         -0.000000002214         -0.000000002214         -0.000000002214         -0.000000002214         -0.000000002214         -0.000000002214         -0.000000002214         -0.000000002214         -0.000000002214         -0.000000002214         -0.000000002214         -0.000000002214         -0.000000002215         -0.000000002217         -0.000000002220         -0.000000002229
        0.000000001466          0.000000001466          0.000000001466          0.000000001466          0.000000001466          0.000000001466          0.000000001466          0.000000001466          0.000000001466          0.000000001466          0.000000001466          0.000000001466          0.000000001466          0.000000001466          0.000000001466          0.000000001466          0.000000001466          0.000000001466          0.000000001466          0.000000001466          0.000000001466          0.000000001466          0.000000001468          0.000000001470          0.000000001475          0.000000001488
       -0.000000000970         -0.000000000970         -0.000000000970         -0.000000000970         -0.000000000970         -0.000000000970         -0.000000000970         -0.000000000970         -0.000000000970         -0.000000000970         -0.000000000970         -0.000000000970         -0.000000000970         -0.000000000970         -0.000000000970         -0.000000000970         -0.000000000970         -0.000000000970         -0.000000000970         -0.000000000970         -0.000000000971         -0.000000000972         -0.000000000973         -0.000000000977         -0.000000000985         -0.000000001004
        0.000000000642          0.000000000642          0.000000000642          0.000000000642          0.000000000642          0.000000000642          0.000000000642          0.000000000642          0.000000000642          0.000000000642          0.000000000642          0.000000000642          0.000000000642          0.000000000642          0.000000000642          0.000000000642          0.000000000642          0.000000000642          0.000000000642          0.000000000643          0.000000000643          0.000000000644          0.000000000647          0.000000000652          0.000000000665          0.000000000691
       -0.000000000425         -0.000000000425         -0.000000000425         -0.000000000425         -0.000000000425         -0.000000000425         -0.000000000425         -0.000000000425         -0.000000000425         -0.000000000425         -0.000000000425         -0.000000000425         -0.000000000425         -0.000000000425         -0.000000000425         -0.000000000425         -0.000000000425         -0.000000000425         -0.000000000425         -0.000000000426         -0.000000000426         -0.000000000428         -0.000000000432         -0.000000000440         -0.000000000457         -0.000000000500
        0.000000000281          0.000000000281          0.000000000281          0.000000000281          0.000000000281          0.000000000281          0.000000000281          0.000000000281          0.000000000281          0.000000000281          0.000000000281          0.000000000281          0.000000000281          0.000000000281          0.000000000281          0.000000000281          0.000000000281          0.000000000282          0.000000000282          0.000000000282          0.000000000283          0.000000000286          0.000000000291          0.000000000303          0.000000000331          0.000000000397
       -0.000000000186         -0.000000000186         -0.000000000186         -0.000000000186         -0.000000000186         -0.000000000186         -0.000000000186         -0.000000000186         -0.000000000186         -0.000000000186         -0.000000000186         -0.000000000186         -0.000000000186         -0.000000000186         -0.000000000186         -0.000000000186         -0.000000000186         -0.000000000187         -0.000000000187         -0.000000000188         -0.000000000189         -0.000000000193         -0.000000000200         -0.000000000219         -0.000000000263 
        0.000000000123          0.000000000123          0.000000000123          0.000000000123          0.000000000123          0.000000000123          0.000000000123          0.000000000123          0.000000000123          0.000000000123          0.000000000123          0.000000000123          0.000000000123          0.000000000123          0.000000000123          0.000000000123          0.000000000123          0.000000000124          0.000000000124          0.000000000125          0.000000000128          0.000000000133          0.000000000145          0.000000000174  
       -0.000000000082         -0.000000000082         -0.000000000082         -0.000000000082         -0.000000000082         -0.000000000082         -0.000000000082         -0.000000000082         -0.000000000082         -0.000000000082         -0.000000000082         -0.000000000082         -0.000000000082         -0.000000000082         -0.000000000082         -0.000000000082         -0.000000000082         -0.000000000082         -0.000000000083         -0.000000000084         -0.000000000088         -0.000000000096         -0.000000000115   
        0.000000000054          0.000000000054          0.000000000054          0.000000000054          0.000000000054          0.000000000054          0.000000000054          0.000000000054          0.000000000054          0.000000000054          0.000000000054          0.000000000054          0.000000000054          0.000000000054          0.000000000054          0.000000000054          0.000000000054          0.000000000055          0.000000000056          0.000000000058          0.000000000064          0.000000000076    
       -0.000000000036         -0.000000000036         -0.000000000036         -0.000000000036         -0.000000000036         -0.000000000036         -0.000000000036         -0.000000000036         -0.000000000036         -0.000000000036         -0.000000000036         -0.000000000036         -0.000000000036         -0.000000000036         -0.000000000036         -0.000000000036         -0.000000000036         -0.000000000037         -0.000000000038         -0.000000000042         -0.000000000050     
        0.000000000024          0.000000000024          0.000000000024          0.000000000024          0.000000000024          0.000000000024          0.000000000024          0.000000000024          0.000000000024          0.000000000024          0.000000000024          0.000000000024          0.000000000024          0.000000000024          0.000000000024          0.000000000024          0.000000000024          0.000000000025          0.000000000028          0.000000000033      
       -0.000000000016         -0.000000000016         -0.000000000016         -0.000000000016         -0.000000000016         -0.000000000016         -0.000000000016         -0.000000000016         -0.000000000016         -0.000000000016         -0.000000000016         -0.000000000016         -0.000000000016         -0.000000000016         -0.000000000016         -0.000000000016         -0.000000000017         -0.000000000018         -0.000000000022       
        0.000000000010          0.000000000010          0.000000000010          0.000000000010          0.000000000010          0.000000000010          0.000000000010          0.000000000010          0.000000000010          0.000000000010          0.000000000010          0.000000000010          0.000000000010          0.000000000011          0.000000000011          0.000000000011          0.000000000012          0.000000000015        
       -0.000000000007         -0.000000000007         -0.000000000007         -0.000000000007         -0.000000000007         -0.000000000007         -0.000000000007         -0.000000000007         -0.000000000007         -0.000000000007         -0.000000000007         -0.000000000007         -0.000000000007         -0.000000000007         -0.000000000007         -0.000000000008         -0.000000000010         
        0.000000000005          0.000000000005          0.000000000005          0.000000000005          0.000000000005          0.000000000005          0.000000000005          0.000000000005          0.000000000005          0.000000000005          0.000000000005          0.000000000005          0.000000000005          0.000000000005          0.000000000005          0.000000000006          
       -0.000000000003         -0.000000000003         -0.000000000003         -0.000000000003         -0.000000000003         -0.000000000003         -0.000000000003         -0.000000000003         -0.000000000003         -0.000000000003         -0.000000000003         -0.000000000003         -0.000000000003         -0.000000000004         -0.000000000004           
        0.000000000002          0.000000000002          0.000000000002          0.000000000002          0.000000000002          0.000000000002          0.000000000002          0.000000000002          0.000000000002          0.000000000002          0.000000000002          0.000000000002          0.000000000002          0.000000000003            
       -0.000000000001         -0.000000000001         -0.000000000001         -0.000000000001         -0.000000000001         -0.000000000001         -0.000000000001         -0.000000000001         -0.000000000001         -0.000000000001         -0.000000000001         -0.000000000002         -0.000000000002             
        0.000000000001          0.000000000001          0.000000000001          0.000000000001          0.000000000001          0.000000000001          0.000000000001          0.000000000001          0.000000000001          0.000000000001          0.000000000001          0.000000000001              
       -0.000000000001         -0.000000000001         -0.000000000001         -0.000000000001         -0.000000000001         -0.000000000001         -0.000000000001         -0.000000000001         -0.000000000001         -0.000000000001         -0.000000000001               
        0.000000000000          0.000000000000          0.000000000000          0.000000000000          0.000000000000          0.000000000000          0.000000000000          0.000000000000          0.000000000000          0.000000000001                
       -0.000000000000         -0.000000000000         -0.000000000000         -0.000000000000         -0.000000000000         -0.000000000000         -0.000000000000         -0.000000000000         -0.000000000000                 
        0.000000000000          0.000000000000          0.000000000000          0.000000000000          0.000000000000          0.000000000000          0.000000000000          0.000000000000                  
       -0.000000000000         -0.000000000000         -0.000000000000         -0.000000000000         -0.000000000000         -0.000000000000         -0.000000000000                   
        0.000000000000          0.000000000000          0.000000000000          0.000000000000          0.000000000000          0.000000000000                    
       -0.000000000000         -0.000000000000         -0.000000000000         -0.000000000000         -0.000000000000                     
        0.000000000000          0.000000000000          0.000000000000          0.000000000000                      
       -0.000000000000         -0.000000000000         -0.000000000000                       
        0.000000000000          0.000000000000                        
       -0.000000000000                         
