        0.000439613401          0.000462752641          0.000470249029          0.000474642789          0.000476227008          0.000477012850          0.000477327276          0.000477518537
       -0.060350394692         -0.060369171970         -0.060377657136         -0.060381026642         -0.060382467438         -0.060383044214         -0.060383324929         -0.060383548208
       -0.002210199726         -0.002202035471         -0.002199488251         -0.002197932172         -0.002197372432         -0.002197075650         -0.002196924944         -0.002196766315
       -0.010731111344         -0.010739137650         -0.010742548384         -0.010743939497         -0.010744526109         -0.010744802425         -0.010745024913         -0.010745385887
       -0.001452945501         -0.001449139083         -0.001447815666         -0.001447127967         -0.001446856308         -0.001446687829         -0.001446517173         -0.001446199689
       -0.001498949297         -0.001502129193         -0.001503434417         -0.001503990128         -0.001504254438         -0.001504464013         -0.001504798000         -0.001505523721
       -0.000950295008         -0.000948601686         -0.000947978396         -0.000947668210         -0.000947502734         -0.000947314481         -0.000946964609         -0.000946185501
        0.000127767819          0.000126505943          0.000125984272          0.000125729297          0.000125531163          0.000125218065          0.000124540687          0.000122991424
       -0.000553054342         -0.000552328799         -0.000552033284         -0.000551851337         -0.000551654631         -0.000551277934         -0.000550446627         -0.000548553856
        0.000266247486          0.000265736273          0.000265493977          0.000265302041          0.000265001804          0.000264354975          0.000262878273          0.000259528953
       -0.000293316785         -0.000293000930         -0.000292825174         -0.000292622968         -0.000292237297         -0.000291375157         -0.000289428517         -0.000284965398
        0.000175306099          0.000175071331          0.000174887253          0.000174596101          0.000173971407          0.000172546550          0.000169257786          0.000162144206
       -0.000145764134         -0.000145584842         -0.000145382267         -0.000144991103         -0.000144116625         -0.000142088560         -0.000137704412         -0.000127608533
        0.000093120436          0.000092939857          0.000092655271          0.000092043069          0.000090627439          0.000087506967          0.000080210634          0.000065365376
       -0.000069073774         -0.000068870123         -0.000068476210         -0.000067578596         -0.000065598933         -0.000060968472         -0.000051796977 
        0.000045002340          0.000044721895          0.000044110070          0.000042753996          0.000039555827          0.000032866078  
       -0.000031427917         -0.000031028123         -0.000030154486         -0.000028096819         -0.000023822036   
        0.000020366280          0.000019777326          0.000018392377          0.000015419875    
       -0.000013484342         -0.000012587208         -0.000010661646     
        0.000008239935          0.000006936418      
       -0.000004665100       
