       -0.002058289176         -0.002057999232         -0.002057860669         -0.002057811846         -0.002057790298         -0.002057782744         -0.002057779623         -0.002057778560         -0.002057778150         -0.002057778020         -0.002057777974         -0.002057777960         -0.002057777950
       -0.063063869957         -0.063064105023         -0.063064190791         -0.063064224961         -0.063064236944         -0.063064241416         -0.063064242871         -0.063064243358         -0.063064243489         -0.063064243520         -0.063064243522         -0.063064243521         -0.063064243528
       -0.004152568309         -0.004152471021         -0.004152422533         -0.004152405539         -0.004152397809         -0.004152395087         -0.004152393930         -0.004152393531         -0.004152393372         -0.004152393319         -0.004152393298         -0.004152393287         -0.004152393270
       -0.011997726896         -0.011997819175         -0.011997853175         -0.011997866153         -0.011997870693         -0.011997872306         -0.011997872810         -0.011997872965         -0.011997873001         -0.011997873006         -0.011997873007         -0.011997873015         -0.011997873043
       -0.002184696388         -0.002184655905         -0.002184637307         -0.002184630846         -0.002184628098         -0.002184627167         -0.002184626797         -0.002184626680         -0.002184626638         -0.002184626626         -0.002184626618         -0.002184626604         -0.002184626568
       -0.001952416052         -0.001952450525         -0.001952463338         -0.001952468137         -0.001952469867         -0.001952470475         -0.001952470671         -0.001952470733         -0.001952470751         -0.001952470759         -0.001952470772         -0.001952470803         -0.001952470887
       -0.001187306359         -0.001187289954         -0.001187283025         -0.001187280647         -0.001187279748         -0.001187279451         -0.001187279341         -0.001187279313         -0.001187279305         -0.001187279301         -0.001187279289         -0.001187279255         -0.001187279163
       -0.000022416406         -0.000022428936         -0.000022433603         -0.000022435296         -0.000022435854         -0.000022436037         -0.000022436092         -0.000022436105         -0.000022436108         -0.000022436117         -0.000022436143         -0.000022436220         -0.000022436419
       -0.000624646132         -0.000624639354         -0.000624636668         -0.000624635751         -0.000624635396         -0.000624635275         -0.000624635225         -0.000624635206         -0.000624635194         -0.000624635174         -0.000624635128         -0.000624635005         -0.000624634710
        0.000218178410          0.000218173866          0.000218172128          0.000218171536          0.000218171349          0.000218171289          0.000218171270          0.000218171264          0.000218171255          0.000218171228          0.000218171154          0.000218170963          0.000218170454
       -0.000313946011         -0.000313943568         -0.000313942676         -0.000313942402         -0.000313942313         -0.000313942286         -0.000313942275         -0.000313942267         -0.000313942251         -0.000313942207         -0.000313942098         -0.000313941826         -0.000313941077
        0.000160274118          0.000160272599          0.000160272034          0.000160271868          0.000160271831          0.000160271822          0.000160271819          0.000160271813          0.000160271790          0.000160271728          0.000160271540          0.000160271076          0.000160269883
       -0.000151525134         -0.000151524315         -0.000151524040         -0.000151523973         -0.000151523961         -0.000151523959         -0.000151523955         -0.000151523942         -0.000151523907         -0.000151523800         -0.000151523507         -0.000151522781         -0.000151520996
        0.000088574129          0.000088573628          0.000088573453          0.000088573412          0.000088573410          0.000088573408          0.000088573402          0.000088573383          0.000088573311          0.000088573130          0.000088572682          0.000088571561          0.000088568216
       -0.000070740743         -0.000070740471         -0.000070740386         -0.000070740372         -0.000070740373         -0.000070740370         -0.000070740359         -0.000070740317         -0.000070740200         -0.000070739923         -0.000070739215         -0.000070737151         -0.000070732838
        0.000043810180          0.000043810018          0.000043809965          0.000043809957          0.000043809957          0.000043809951          0.000043809924          0.000043809852          0.000043809683          0.000043809241          0.000043807917          0.000043805016          0.000043797593
       -0.000032135438         -0.000032135351         -0.000032135327         -0.000032135324         -0.000032135322         -0.000032135307         -0.000032135262         -0.000032135157         -0.000032134878         -0.000032134060         -0.000032132289         -0.000032127801         -0.000032116284
        0.000020415842          0.000020415793          0.000020415779          0.000020415776          0.000020415767          0.000020415740          0.000020415677          0.000020415504          0.000020414988          0.000020413808          0.000020410835          0.000020403205          0.000020384506
       -0.000014267897         -0.000014267872         -0.000014267866         -0.000014267861         -0.000014267845         -0.000014267806         -0.000014267698         -0.000014267381         -0.000014266638         -0.000014264826         -0.000014260143         -0.000014248583         -0.000014220459
        0.000009159477          0.000009159463          0.000009159458          0.000009159449          0.000009159425          0.000009159359          0.000009159162          0.000009158668          0.000009157499          0.000009154486          0.000009146953          0.000009128525          0.000009084027
       -0.000006211918         -0.000006211911         -0.000006211905         -0.000006211891         -0.000006211850         -0.000006211730         -0.000006211413         -0.000006210701         -0.000006208865         -0.000006204205         -0.000006192718         -0.000006164785         -0.000006096687
        0.000003999435          0.000003999430          0.000003999421          0.000003999396          0.000003999323          0.000003999112          0.000003998663          0.000003997513          0.000003994536          0.000003987146          0.000003969018          0.000003924616          0.000003820786
       -0.000002658486         -0.000002658480         -0.000002658466         -0.000002658422         -0.000002658284         -0.000002658013         -0.000002657322         -0.000002655489         -0.000002650896         -0.000002639516         -0.000002611464         -0.000002545445         -0.000002385695
        0.000001709927          0.000001709918          0.000001709892          0.000001709801          0.000001709634          0.000001709213          0.000001708062          0.000001705153          0.000001697864          0.000001679796          0.000001636908          0.000001532661          0.000001292256
       -0.000001120343         -0.000001120328         -0.000001120268         -0.000001120168         -0.000001119921         -0.000001119219         -0.000001117421         -0.000001112858         -0.000001101469         -0.000001074234         -0.000001007901         -0.000000854101 
        0.000000718387          0.000000718347          0.000000718287          0.000000718142          0.000000717709          0.000000716586          0.000000713695          0.000000706434          0.000000688919          0.000000646094          0.000000545073  
       -0.000000465470         -0.000000465436         -0.000000465353         -0.000000465092         -0.000000464404         -0.000000462603         -0.000000458044         -0.000000446953         -0.000000419775         -0.000000355154   
        0.000000297195          0.000000297149          0.000000296991          0.000000296568          0.000000295438          0.000000292557          0.000000285485          0.000000268092          0.000000226109    
       -0.000000190802         -0.000000190708         -0.000000190452         -0.000000189753         -0.000000187953         -0.000000183493         -0.000000172496         -0.000000145697     
        0.000000121183          0.000000121027          0.000000120593          0.000000119466          0.000000116643          0.000000109661          0.000000092401      
       -0.000000077103         -0.000000076837         -0.000000076137         -0.000000074366         -0.000000069971         -0.000000058991       
        0.000000048569          0.000000048134          0.000000047022          0.000000044252          0.000000037233        
       -0.000000030450         -0.000000029755         -0.000000028021         -0.000000023574         
        0.000000018706          0.000000017621          0.000000014797          
       -0.000000011076         -0.000000009296           
        0.000000005799            
