        0.005180110417          0.005200417960          0.005208263540          0.005212239691          0.005213828485          0.005214547725          0.005214853668          0.005215031067
       -0.055826745902         -0.055845051922         -0.055852917513         -0.055856158876         -0.055857491301         -0.055858036024         -0.055858294902         -0.055858506995
        0.000851597039          0.000859583758          0.000862649628          0.000864177068          0.000864790239          0.000865079856          0.000865237685          0.000865404315
       -0.008905570412         -0.008913020837         -0.008916103968         -0.008917387561         -0.008917917340         -0.008918170021         -0.008918374077         -0.008918710106
       -0.000458568560         -0.000454769546         -0.000453282288         -0.000452602637         -0.000452315842         -0.000452147002         -0.000451963622         -0.000451615350
       -0.000925383056         -0.000928310898         -0.000929498347         -0.000930006194         -0.000930246223         -0.000930438991         -0.000930749303         -0.000931427553
       -0.000674276617         -0.000672606890         -0.000671944695         -0.000671641275         -0.000671470863         -0.000671275403         -0.000670900262         -0.000670057094
        0.000297121189          0.000295955405          0.000295475591          0.000295241689          0.000295057444          0.000294762411          0.000294119384          0.000292649192
       -0.000482972576         -0.000482270083         -0.000481972104         -0.000481794194         -0.000481592897         -0.000481200588         -0.000480324548         -0.000478320122
        0.000315507514          0.000315034026          0.000314808476          0.000314627648          0.000314340954          0.000313721331          0.000312299744          0.000309081365
       -0.000277030928         -0.000276728417         -0.000276554574         -0.000276352372         -0.000275959350         -0.000275069655         -0.000273043860         -0.000268409925
        0.000189614988          0.000189396638          0.000189222651          0.000188944071          0.000188337738          0.000186953245          0.000183758540          0.000176827757
       -0.000142374825         -0.000142202474         -0.000142002195         -0.000141607639         -0.000140716728         -0.000138651347         -0.000134129945         -0.000123678645
        0.000097250428          0.000097080008          0.000096804687          0.000096207551          0.000094823482          0.000091755764          0.000084599247          0.000070124879
       -0.000068449533         -0.000068249633         -0.000067855670         -0.000066954880         -0.000064945724         -0.000060231738         -0.000050589084 
        0.000046152111          0.000045880163          0.000045282184          0.000043945369          0.000040791125          0.000034161606  
       -0.000031304692         -0.000030909281         -0.000030033705         -0.000027963528         -0.000023553128   
        0.000020654470          0.000020075437          0.000018709146          0.000015743068    
       -0.000013436173         -0.000012542665         -0.000010580475     
        0.000008297687          0.000006995595      
       -0.000004624184       
