       -0.003041586930        -0.003038073293        -0.003033253524        -0.003037466455        -0.003045994373        -0.003046974084        -0.003040851077        -0.003039513323        -0.003046756284        -0.003052172619        -0.003048310798        -0.003042844286        -0.003045895999        -0.003053450005        -0.003054027790        -0.003047547339        -0.003045401112        -0.003051720965        -0.003056629199        -0.003052499012        -0.003046473676        -0.003048705867        -0.003055672421        -0.003055974671        -0.003049080931        -0.003046208109
        0.001660696446         0.001641509925         0.001637894787         0.001662665366         0.001681592190         0.001670153010         0.001653333559         0.001664012307         0.001689190853         0.001691961529         0.001672188645         0.001666261897         0.001687122024         0.001703338980         0.001691057505         0.001673048373         0.001681009686         0.001703488437         0.001704936017         0.001684231583         0.001676408488         0.001694944684         0.001709615100         0.001696281251         0.001676659080         0.001682599758
       -0.000800872366        -0.000779075526        -0.000793028635        -0.000825419714        -0.000828672657        -0.000803147484        -0.000795838895        -0.000822911589        -0.000843688820        -0.000827937442        -0.000805271106        -0.000816031579        -0.000845072244        -0.000847078360        -0.000821156597        -0.000812013634        -0.000836276139        -0.000855316320        -0.000838981391        -0.000815155830        -0.000823747308        -0.000850984494        -0.000852138673        -0.000825205216        -0.000814242500        -0.000836810728
        0.000103857689         0.000093271292         0.000126540034         0.000151354021         0.000129826850         0.000100195877         0.000113257494         0.000149112817         0.000150594560         0.000117307567         0.000105708974         0.000136040618         0.000159435379         0.000138626395         0.000109048926         0.000120225534         0.000154330027         0.000155778383         0.000122762419         0.000110081037         0.000138852084         0.000161782969         0.000141090255         0.000110753953         0.000120593795         0.000154149799
        0.000473869488         0.000460215119         0.000419699107         0.000421088723         0.000463527422         0.000478877721         0.000444003774         0.000418124234         0.000444983847         0.000481357773         0.000468669448         0.000429164347         0.000428830482         0.000468828491         0.000483965065         0.000450099448         0.000423636949         0.000448528765         0.000484042389         0.000471943480         0.000432348648         0.000430554170         0.000469513126         0.000484928115         0.000451108402         0.000423403919
       -0.000733524933        -0.000693993957        -0.000665914715        -0.000700798033        -0.000746065291        -0.000732382576        -0.000687326022        -0.000689188706        -0.000738256790        -0.000757083858        -0.000718121983        -0.000688536693        -0.000719354023        -0.000761816057        -0.000747989124        -0.000702466175        -0.000701591067        -0.000747783682        -0.000765748440        -0.000726496245        -0.000695014212        -0.000723227630        -0.000764476558        -0.000750287172        -0.000703197885        -0.000699816885
        0.000650249361         0.000599823466         0.000603846415         0.000661618559         0.000683970483         0.000640277733         0.000607985390         0.000644655498         0.000693834932         0.000678611476         0.000627958643         0.000628456853         0.000681800598         0.000702495703         0.000658758987         0.000624547197         0.000657595302         0.000704503164         0.000688831761         0.000636959825         0.000634578099         0.000685544323         0.000705473780         0.000660709345         0.000623917907         0.000654515748
       -0.000306162124        -0.000270030173        -0.000311285371        -0.000365767967        -0.000348032302        -0.000291543620        -0.000292677397        -0.000352163598        -0.000374702620        -0.000326070264        -0.000288881477        -0.000326220377        -0.000378130819        -0.000360740101        -0.000304233596        -0.000302822486        -0.000359594248        -0.000381639265        -0.000333137280        -0.000294282263        -0.000329159418        -0.000380154317        -0.000362798465        -0.000304983244        -0.000301205152        -0.000356863567
       -0.000117397364        -0.000117216568        -0.000052814253        -0.000030223438        -0.000085900547        -0.000127670475        -0.000086971694        -0.000031102027        -0.000051782003        -0.000114461920        -0.000115820469        -0.000053839945        -0.000030626832        -0.000084154124        -0.000126067050        -0.000087367044        -0.000031880171        -0.000050976994        -0.000113135729        -0.000115921584        -0.000054713311        -0.000030371197        -0.000083127190        -0.000126157978        -0.000088461454        -0.000032031102
        0.000432092453         0.000388761767         0.000329674586         0.000355644472         0.000426820051         0.000429286358         0.000362474736         0.000339231928         0.000399869955         0.000446474746         0.000404472165         0.000345021911         0.000367438295         0.000435854625         0.000438632618         0.000372186647         0.000346662126         0.000404495289         0.000450622952         0.000409063195         0.000348085965         0.000367836235         0.000435332020         0.000438567535         0.000371018583         0.000342737525
       -0.000515837806        -0.000444161771        -0.000421315946        -0.000490133048        -0.000542303253        -0.000497261405        -0.000434141367        -0.000460778281        -0.000536550291        -0.000539966618        -0.000468667990        -0.000442755111        -0.000506890505        -0.000557147879        -0.000512363321        -0.000447628537        -0.000470433886        -0.000543698981        -0.000546914124        -0.000474640397        -0.000445531540        -0.000506916379        -0.000556665945        -0.000511252576        -0.000443585984        -0.000463234112
        0.000359669380         0.000292169102         0.000322500677         0.000405126769         0.000408681010         0.000332165306         0.000305652484         0.000375898953         0.000430089624         0.000382024548         0.000313657784         0.000339674341         0.000418816137         0.000422222527         0.000345664936         0.000316265347         0.000383045366         0.000436282852         0.000388280058         0.000317863155         0.000340594791         0.000418329891         0.000421819134         0.000343666569         0.000310890246         0.000375777631
       -0.000060215597        -0.000031647085        -0.000106878572        -0.000163664555        -0.000110787368        -0.000037527523        -0.000065913058        -0.000150142193        -0.000152739828        -0.000070899931        -0.000040525385        -0.000112265457        -0.000168493877        -0.000117265257        -0.000043562340        -0.000069131551        -0.000151996453        -0.000155683246        -0.000074040749        -0.000041434050        -0.000111426474        -0.000168354398        -0.000117716647        -0.000042100239        -0.000065465875        -0.000148723783
       -0.000233372658        -0.000203816870        -0.000115407864        -0.000115404994        -0.000204778683        -0.000237605152        -0.000161551736        -0.000103318777        -0.000159588198        -0.000238291420        -0.000210679530        -0.000123165727        -0.000120481682        -0.000207340985        -0.000240938947        -0.000166211229        -0.000106436667        -0.000160137637        -0.000238789390        -0.000212546506        -0.000124211615        -0.000118955311        -0.000205157019        -0.000240214285        -0.000165311945        -0.000102808275
        0.000389862261         0.000309832361         0.000250275166         0.000313247187         0.000398596947         0.000369645133         0.000277881210         0.000277398639         0.000371241010         0.000407029872         0.000328048020         0.000266244192         0.000324680089         0.000408035488         0.000379782281         0.000287015904         0.000282787889         0.000374011283         0.000410011303         0.000330673134         0.000265675216         0.000321020670         0.000404184110         0.000376127781         0.000280565013         0.000272525210
       -0.000352021792        -0.000255682974        -0.000257533101        -0.000358836228        -0.000397081064        -0.000313830223        -0.000250191054        -0.000313976712        -0.000402681949        -0.000372791396        -0.000275964271        -0.000273510169        -0.000370730826        -0.000408476642        -0.000325354785        -0.000258765621        -0.000318509960        -0.000405913968        -0.000376273276        -0.000277334211        -0.000270869222        -0.000366145524        -0.000404237143        -0.000319694672        -0.000248907896        -0.000305770995
        0.000156164998         0.000089627721         0.000158067914         0.000251424807         0.000219034140         0.000117371261         0.000116238967         0.000219179870         0.000258308871         0.000170987190         0.000102574793         0.000166746056         0.000258481795         0.000227265365         0.000124981278         0.000120346730         0.000220965717         0.000260738912         0.000173467674         0.000102121625         0.000163453581         0.000255391004         0.000224807568         0.000120037572         0.000111834529         0.000211999076
        0.000092843346         0.000094004890        -0.000013755214        -0.000052890750         0.000040467318         0.000112137202         0.000044253564        -0.000051107961        -0.000017035844         0.000090006673         0.000093611059        -0.000012025394        -0.000052831300         0.000038339518         0.000111221206         0.000045699259        -0.000050293086        -0.000018505754         0.000088856077         0.000094883332        -0.000010566099        -0.000053736601         0.000036900201         0.000112289617         0.000047947928        -0.000050420930
       -0.000275561499        -0.000204724120        -0.000106516432        -0.000145208731        -0.000259044800        -0.000262753388        -0.000152611485        -0.000111901964        -0.000208901263        -0.000284908347        -0.000215857805        -0.000116464632        -0.000151033802        -0.000262917178        -0.000267903078        -0.000157669362        -0.000113558921        -0.000207876123        -0.000284596227        -0.000216183119        -0.000113984466        -0.000145160334        -0.000257103278        -0.000263456438        -0.000151153636        -0.000102770470
        0.000313247994         0.000198668910         0.000158626157         0.000262704788         0.000342886646         0.000270706029         0.000168354153         0.000206859817         0.000324679674         0.000329510500         0.000215032220         0.000171020298         0.000270665743         0.000350166141         0.000278560788         0.000173527197         0.000207569505         0.000323790491         0.000329334502         0.000213136156         0.000164588502         0.000261649440         0.000341882047         0.000269588131         0.000159957463         0.000189989561
       -0.000200890970        -0.000095004041        -0.000137333628        -0.000261167142        -0.000265697606        -0.000146710996        -0.000102837943        -0.000208203854        -0.000290840154        -0.000216192683        -0.000108567766        -0.000146103836        -0.000267412847        -0.000272795090        -0.000153247067        -0.000105360057        -0.000207459428        -0.000290373504        -0.000215935282        -0.000104931672        -0.000138460688        -0.000259352390        -0.000265678981        -0.000143506410        -0.000090690115        -0.000191141859
        0.000003918135        -0.000040993138         0.000069417003         0.000154362213         0.000075469314        -0.000035824002         0.000004684474         0.000130788412         0.000135403507         0.000011666614        -0.000036061830         0.000071075017         0.000156658752         0.000079666144        -0.000033174561         0.000003907028         0.000129594288         0.000136233616         0.000011988434        -0.000039231227         0.000066423164         0.000154034077         0.000077683351        -0.000038575652        -0.000004376664         0.000122937240
        0.000178197892         0.000135769088         0.000005622692         0.000003275577         0.000133182195         0.000182103151         0.000070496356        -0.000016933844         0.000064243876         0.000180554679         0.000140688190         0.000010593432         0.000004720084         0.000132748297         0.000183584414         0.000073067638        -0.000017152580         0.000061279541         0.000178765442         0.000140831323         0.000008766454        -0.000000710428         0.000127451187         0.000181006127         0.000069767136        -0.000024831097
       -0.000260821301        -0.000145186414        -0.000056674896        -0.000143701092        -0.000265152586        -0.000223322203        -0.000089366105        -0.000085580998        -0.000219294921        -0.000271123855        -0.000156408338        -0.000064577556        -0.000147007250        -0.000267688022        -0.000227147747        -0.000091187291        -0.000082714187        -0.000214495855        -0.000267682000        -0.000152164484        -0.000055640620        -0.000134750004        -0.000256507746        -0.000216540953        -0.000076231446        -0.000062658358
        0.000212469701         0.000074541553         0.000073277691         0.000213538568         0.000266954820         0.000148250740         0.000055264647         0.000142732050         0.000267715368         0.000225258082         0.000086004298         0.000079675198         0.000216630416         0.000270743322         0.000151883119         0.000054660605         0.000137928055         0.000262833130         0.000221099971         0.000078471421         0.000067011897         0.000202725924         0.000258298748         0.000137287828         0.000034045876         0.000114141415
       -0.000066241286         0.000028665711        -0.000063592212        -0.000192707011        -0.000147856080        -0.000004773110        -0.000000481631        -0.000142867402        -0.000198029201        -0.000075672891         0.000022241918        -0.000065691839        -0.000194428575        -0.000151321582        -0.000006588465         0.000002142186        -0.000138638560        -0.000195599515        -0.000072855376         0.000029461494        -0.000055445574        -0.000185680056        -0.000143607780         0.000005094465         0.000018603804        -0.000122581515
       -0.000100536717        -0.000103891099         0.000043329237         0.000098539517        -0.000028848212        -0.000128700321        -0.000036587163         0.000095598567         0.000050118659        -0.000097995775        -0.000104659562         0.000041140072         0.000099139123        -0.000026390640        -0.000128732021        -0.000039100927         0.000094976504         0.000052319650        -0.000097252072        -0.000107307338         0.000039156373         0.000100794566        -0.000024687719        -0.000131068662        -0.000042627687         0.000095434956
        0.000206370329         0.000110830541        -0.000024052603         0.000025454714         0.000178909955         0.000184663241         0.000034394264        -0.000023519300         0.000106748826         0.000210796611         0.000117195199        -0.000020024035         0.000024895974         0.000177476521         0.000185408985         0.000034263077        -0.000028270263         0.000099649788         0.000205713505         0.000112728374        -0.000028807097         0.000012055555         0.000165850387         0.000175995974         0.000021543003        -0.000046886512
       -0.000204405855        -0.000049943964         0.000007095740        -0.000129391970        -0.000236432868        -0.000139491198         0.000000188032        -0.000048458860        -0.000205818665        -0.000212828470        -0.000057799220         0.000004263630        -0.000128215147        -0.000235882538        -0.000139575712         0.000004119014        -0.000039471231        -0.000196293814        -0.000204836982        -0.000047052089         0.000021006861        -0.000109163370        -0.000218838859        -0.000121545626         0.000028666293        -0.000010043167
        0.000102833179        -0.000039567786         0.000013098106         0.000175789069         0.000182137093         0.000023260117        -0.000037938136         0.000099998874         0.000210136175         0.000111015717        -0.000034294083         0.000013135963         0.000174420823         0.000182511673         0.000022252100        -0.000044201472         0.000090797647         0.000202483824         0.000103493688        -0.000046746525        -0.000004030214         0.000157930377         0.000167713436         0.000003525563        -0.000069537029         0.000064130782
        0.000042201813         0.000103402850        -0.000039706008        -0.000151938258        -0.000049164476         0.000098586626         0.000047521322        -0.000118370957        -0.000125803778         0.000037539948         0.000102667616        -0.000037562563        -0.000151714336        -0.000050895687         0.000099705644         0.000052620118        -0.000113955720        -0.000124283830         0.000040488844         0.000110437463        -0.000028701676        -0.000146259220        -0.000045963685         0.000109724101         0.000066165895        -0.000103390143
       -0.000157005022        -0.000103229902         0.000066679151         0.000072176968        -0.000096070550        -0.000161148501        -0.000016158485         0.000099794690        -0.000004382668        -0.000156984988        -0.000106279662         0.000064642529         0.000074518781        -0.000092645870        -0.000160808071        -0.000016491085         0.000103615883         0.000002268185        -0.000152838038        -0.000104537457         0.000069677393         0.000084192915        -0.000084005431        -0.000156149791        -0.000010386950         0.000115858694
        0.000187021818         0.000037846502        -0.000079024329         0.000030279349         0.000186687039         0.000133350051        -0.000041208400        -0.000049121847         0.000122590648         0.000190600985         0.000041981015        -0.000079456808         0.000025220025         0.000182132888         0.000130543938        -0.000047230985        -0.000060832091         0.000109693285         0.000180168144         0.000030099157        -0.000097675817         0.000003454869         0.000162726453         0.000111930380        -0.000071972693        -0.000092043180
       -0.000122174271         0.000055823859         0.000060991910        -0.000116523003        -0.000185348109        -0.000032956867         0.000089013407        -0.000020490715        -0.000180804076        -0.000127015485         0.000053379834         0.000064456779        -0.000110565575        -0.000181222280        -0.000028184591         0.000099455567        -0.000005685973        -0.000167146400        -0.000114403419         0.000070824851         0.000088226332        -0.000086262068        -0.000159399912        -0.000003250133         0.000132383418         0.000030750641
       -0.000000126599        -0.000123046288        -0.000008537705         0.000155487785         0.000099443582        -0.000083791635        -0.000092077261         0.000088199996         0.000159652505         0.000003832271        -0.000123361406        -0.000013213975         0.000151702429         0.000097851208        -0.000088220725        -0.000101925034         0.000077503550         0.000151856534        -0.000004947919        -0.000138108004        -0.000031169019         0.000136535704         0.000083972561        -0.000107689540        -0.000127423357         0.000053277985
        0.000115856938         0.000122224724        -0.000062990728        -0.000134575527         0.000025305705         0.000153132290         0.000038249734        -0.000130046607        -0.000074338486         0.000113753466         0.000124295019        -0.000060297054        -0.000135802110         0.000022636500         0.000154275591         0.000041935409        -0.000129569099        -0.000077168139         0.000113578852         0.000128461957        -0.000057718662        -0.000138115116         0.000020825337         0.000158029452         0.000046816908        -0.000130302445
       -0.000167490225        -0.000048648397         0.000122280372         0.000063085641        -0.000129016923        -0.000137625846         0.000051528956         0.000127023350        -0.000035135491        -0.000167112656        -0.000050247219         0.000124286014         0.000070170526        -0.000122135049        -0.000133759160         0.000057177628         0.000138563966        -0.000021566263        -0.000156815310        -0.000040428922         0.000140011957         0.000090638922        -0.000103965232        -0.000118526066         0.000077086782         0.000165987333
        0.000131864251        -0.000061317304        -0.000135739208         0.000031922451         0.000165826757         0.000045359340        -0.000131225550        -0.000073547401         0.000122519564         0.000132468764        -0.000062097638        -0.000142697008         0.000021322622         0.000157087071         0.000037181631        -0.000144856925        -0.000092894036         0.000103619690         0.000115794542        -0.000082690179        -0.000170799935        -0.000008913768         0.000129984804         0.000008608639        -0.000181903181        -0.000135749657
       -0.000030464537         0.000148065872         0.000086105165        -0.000114746360        -0.000123722801         0.000074070241         0.000153080601        -0.000016255403        -0.000153932544        -0.000031445087         0.000151268207         0.000095053451        -0.000105446435        -0.000116948949         0.000083147627         0.000168710501         0.000002053120        -0.000138336021        -0.000015772707         0.000173455556         0.000122717351        -0.000079423064        -0.000093174923         0.000112203317         0.000205993226         0.000040505465
       -0.000082717975        -0.000160698054         0.000014034210         0.000153672232         0.000028120561        -0.000155834354        -0.000095251567         0.000109797446         0.000120818612        -0.000081262366        -0.000164307163         0.000007919998         0.000150709896         0.000027112370        -0.000160999647        -0.000104963232         0.000101817889         0.000116513612        -0.000087909483        -0.000177062127        -0.000005580059         0.000141849454         0.000018590620        -0.000176093344        -0.000124194157         0.000086765369
        0.000149736496         0.000085617447        -0.000123520482        -0.000132948723         0.000072852327         0.000154620046        -0.000022776391        -0.000167426637        -0.000041290879         0.000147405107         0.000086826207        -0.000124406442        -0.000139068088         0.000066382153         0.000152335854        -0.000024825861        -0.000174951271        -0.000051764094         0.000140619417         0.000082844894        -0.000132939538        -0.000153178058         0.000053983197         0.000144933349        -0.000034422058        -0.000192047599
       -0.000137794693         0.000044020070         0.000189479130         0.000058847127        -0.000132446515        -0.000068534988         0.000146227214         0.000159076566        -0.000049901414        -0.000134603154         0.000047084853         0.000198389774         0.000072515659        -0.000120412829        -0.000058611140         0.000160577404         0.000180128638        -0.000028213648        -0.000116298326         0.000067523278         0.000226666826         0.000104696437        -0.000091485230        -0.000030474322         0.000196291179         0.000223462056
        0.000054850939        -0.000162887104        -0.000172740753         0.000041450286         0.000126278631        -0.000059018858        -0.000210295602        -0.000079710933         0.000115867821         0.000051591699        -0.000169638994        -0.000186308805         0.000026033938         0.000113671863        -0.000072799930        -0.000231128851        -0.000105205163         0.000092497223         0.000029441712        -0.000197926796        -0.000222039021        -0.000009879186         0.000080890025        -0.000109549601        -0.000277272863        -0.000155126668
        0.000054963879         0.000206256421         0.000070354598        -0.000128648659        -0.000062277595         0.000160862756         0.000173962802        -0.000043625969        -0.000131917601         0.000056638688         0.000213444636         0.000082041166        -0.000118956882        -0.000055146960         0.000171908300         0.000191390157        -0.000025905785        -0.000117973161         0.000072080395         0.000236123706         0.000108244346        -0.000096438334        -0.000033944391         0.000199631017         0.000225726450         0.000007359981
       -0.000134596904        -0.000144787041         0.000077970700         0.000166545394        -0.000025155843        -0.000181347762        -0.000044536136         0.000159931725         0.000094828523        -0.000132974652        -0.000148171578         0.000074654689         0.000168170449        -0.000022390265        -0.000183531486        -0.000049372767         0.000159385648         0.000098013665        -0.000133250050        -0.000153548563         0.000071536744         0.000170664512        -0.000020490113        -0.000187696386        -0.000055025036         0.000161110303
        0.000143506232         0.000002131374        -0.000205008880        -0.000136932618         0.000093692284         0.000105935654        -0.000121699792        -0.000215386390        -0.000022035993         0.000138197247        -0.000001167216        -0.000213061577        -0.000150604194         0.000081009299         0.000096956510        -0.000133211027        -0.000233834768        -0.000042494449         0.000121797221        -0.000017241939        -0.000235971021        -0.000178873831         0.000055183977         0.000074291193        -0.000162253873        -0.000266762676
       -0.000077632341         0.000153960257         0.000246420100         0.000048137868        -0.000113097990         0.000030189654         0.000243868051         0.000177998569        -0.000056578015        -0.000070155215         0.000163551520         0.000263265249         0.000068520939        -0.000095495702         0.000047308602         0.000267543327         0.000208075339        -0.000027371737        -0.000043541211         0.000194730001         0.000302809719         0.000110410526        -0.000056582023         0.000088594470         0.000313681865         0.000267374640
       -0.000028715939        -0.000243659183        -0.000173183673         0.000065828892         0.000078189233        -0.000158226732        -0.000255714205        -0.000055603980         0.000109980046        -0.000035196228        -0.000255401210        -0.000191266022         0.000048095946         0.000063566089        -0.000175776235        -0.000280802232        -0.000083493263         0.000085429175        -0.000059933469        -0.000287232491        -0.000228912184         0.000011526929         0.000029408501        -0.000213249765        -0.000331879511        -0.000119924915
        0.000120353360         0.000215829058         0.000009938948        -0.000157618383        -0.000009935910         0.000210465285         0.000141160997        -0.000102954018        -0.000118240558         0.000122166776         0.000223683291         0.000020151373        -0.000151454681        -0.000005824931         0.000219503842         0.000155304075        -0.000091062386        -0.000110365039         0.000132412471         0.000240203584         0.000038127162        -0.000139075602         0.000007038560         0.000239655524         0.000163050015        -0.000058890702
       -0.000149901801        -0.000076185853         0.000172262367         0.000186349714        -0.000056764386        -0.000155879321         0.000053430633         0.000227176389         0.000079782125        -0.000145051873        -0.000075324965         0.000175956942         0.000195946873        -0.000047028254        -0.000150993443         0.000058241514         0.000237941429         0.000093917377        -0.000134439447        -0.000067952043         0.000189057890         0.000211020460        -0.000029309505        -0.000128511213         0.000057885336         0.000268908398
        0.000101762822        -0.000112319437        -0.000286903811        -0.000135545757         0.000090928160         0.000017142120        -0.000237802862        -0.000256272650        -0.000010466814         0.000091401294        -0.000122785699        -0.000304059373        -0.000157830216         0.000070703744        -0.000000743440        -0.000260418053        -0.000286096333        -0.000041330248         0.000063746528        -0.000153414467        -0.000337473112        -0.000202484762         0.000030985806        -0.000030316224        -0.000318437919
        0.000000087126         0.000257713212         0.000272988545         0.000022289500        -0.000079194735         0.000138582662         0.000319566455         0.000168618323        -0.000062281246         0.000011844403         0.000273546631         0.000296343521         0.000047504720        -0.000057230776         0.000161703987         0.000349958540         0.000204033236        -0.000028173973         0.000044943656         0.000308478062         0.000345448310         0.000084088706        -0.000012238316         0.000218569272
       -0.000103630504        -0.000283883948        -0.000127158274         0.000107169797         0.000031131896        -0.000231879238        -0.000250488242         0.000004037709         0.000109604766        -0.000111040317        -0.000297453943        -0.000145642543         0.000091051794         0.000017820540        -0.000248874387        -0.000273886764        -0.000020781230         0.000088911786        -0.000131768032        -0.000328211303        -0.000161680202         0.000050769135        -0.000012158101
        0.000155388230         0.000170146488        -0.000090053364        -0.000196230621         0.000026861712         0.000211810176         0.000053702046        -0.000186983742        -0.000113098144         0.000153905890         0.000174236391        -0.000086120508        -0.000197456874         0.000023974290         0.000213431242         0.000058844170        -0.000186729809        -0.000114218719         0.000153655262         0.000163496371        -0.000067337831        -0.000206064007
       -0.000127934403         0.000035467012         0.000279136940         0.000202798949        -0.000066306089        -0.000082809853         0.000182958059         0.000295125942         0.000071324445        -0.000117073868         0.000044103812         0.000292504632         0.000222212403        -0.000047153138        -0.000067451459         0.000201358015         0.000315029272         0.000100027227        -0.000086730462         0.000053438109         0.000332989181
        0.000033676026        -0.000236228591        -0.000347283298        -0.000118812581         0.000070135012        -0.000095385117        -0.000346006175        -0.000272555597        -0.000000057633         0.000017504057        -0.000254222920        -0.000372525317        -0.000148211522         0.000042671208        -0.000122597692        -0.000373555418        -0.000314229797        -0.000033749252        -0.000014325971        -0.000305896351
        0.000080541472         0.000332172407         0.000253820581        -0.000023340126        -0.000039664233         0.000234868946         0.000351037073         0.000120951327        -0.000072407213         0.000094609990         0.000350974858         0.000279081445         0.000003037270        -0.000016426849         0.000256894954         0.000385486373         0.000141173331        -0.000032820929         0.000133208913
       -0.000156454529        -0.000270006221        -0.000033353956         0.000162439784        -0.000006762535        -0.000263331313        -0.000185937190         0.000096683323         0.000116378406        -0.000160859296        -0.000279895430        -0.000047007582         0.000152961689        -0.000014252931        -0.000275340733        -0.000183659719         0.000066416390         0.000107420116
        0.000154381693         0.000071675113        -0.000216004674        -0.000235168270         0.000044661651         0.000161302052        -0.000079202556        -0.000281376924        -0.000113628219         0.000145711515         0.000067602126        -0.000222979574        -0.000243479204         0.000030604456         0.000139215248        -0.000070371164        -0.000303885506
       -0.000073314620         0.000172604934         0.000376350894         0.000204876023        -0.000056446422         0.000026674290         0.000320624724         0.000344542897         0.000063430944        -0.000054781976         0.000191223478         0.000394426877         0.000236243992        -0.000026916445         0.000041781713         0.000361961012
       -0.000047905562        -0.000345075231        -0.000366106710        -0.000079567026         0.000038690221        -0.000210436118        -0.000419922695        -0.000249263641         0.000014895158        -0.000068826661        -0.000363416923        -0.000398759998        -0.000101170466         0.000007206514        -0.000250387496
        0.000148628243         0.000357758156         0.000180892842        -0.000088399833        -0.000003226450         0.000297978791         0.000321523125         0.000032412142        -0.000090082418         0.000159143509         0.000376509828         0.000184117038        -0.000054477442         0.000017306894
       -0.000177125620        -0.000196832539         0.000100143109         0.000223565657        -0.000029589824        -0.000241730606        -0.000063842973         0.000212228551         0.000127150879        -0.000174593887        -0.000181148853         0.000077939727         0.000230230065
        0.000117027524        -0.000067747088        -0.000346842544        -0.000262539767         0.000043229572         0.000063919071        -0.000239049676        -0.000362265802        -0.000116258427         0.000091544679        -0.000065856265        -0.000375442024
        0.000004374477         0.000311255085         0.000439982642         0.000182504171        -0.000032480960         0.000154704867         0.000433137541         0.000360281226         0.000044066788         0.000022673232         0.000346969382
       -0.000127681433        -0.000414269315        -0.000327985017        -0.000015195649         0.000004982508        -0.000301103117        -0.000440168707        -0.000162039145         0.000032464705        -0.000153689849
        0.000190669720         0.000320985329         0.000055752632        -0.000167490758         0.000022446150         0.000313362672         0.000205633226        -0.000074170198        -0.000117318520
       -0.000160134675        -0.000069221430         0.000256570056         0.000275220379        -0.000034223887        -0.000152262213         0.000082528719         0.000339834134
        0.000048789709        -0.000228052716        -0.000451410677        -0.000268923060         0.000024975331        -0.000052582244        -0.000407407783
        0.000091581402         0.000419169687         0.000452778181         0.000117355552        -0.000002862665         0.000284181006
       -0.000187660845        -0.000426924464        -0.000207245877         0.000058625459        -0.000023505649
        0.000197954101         0.000200662962        -0.000088601254        -0.000254823184
       -0.000098430625         0.000077992835         0.000419628747
       -0.000030557057        -0.000390287490
        0.000175858313
