     -170.484459714634
     -170.576715028735
     -170.578302972754
     -170.578339017893
     -170.578340580869
     -170.578340731583
     -170.578340778715
     -170.580311623869
     -170.580339064716
     -170.580339876556
     -170.580339916111
     -170.580339916671
     -170.580339916270
     -170.580339916160
     -170.580329984553
     -170.580329995554
     -170.580329994144
     -170.580329993486
     -170.580329993277
     -170.580329993220
     -170.580329993201
     -170.580329993199
     -170.580329993203
     -170.580329993209
     -170.580329993228
     -170.580329993267
     -170.580329993359
     -170.580329993547
     -170.580329993949
     -170.580329994822
     -170.580329996751
     -170.580330001024
     -170.580330010861
     -170.580330034764
     -170.580330095431
     -170.580330215842
     -170.581688177052
     -170.581700078125
     -170.581700244772
     -170.581700247093
     -170.581700244005
     -170.581700243014
     -170.581700242737
     -170.581700242667
     -170.581700242645
     -170.581700242637
     -170.581700242635
     -170.581700242633
     -170.581700242635
     -170.581700242652
     -170.581700242737
     -170.581700242775
     -170.581700242791
     -170.581700242800
     -170.581700242798
     -170.581700242799
     -170.581700242798
     -170.581700242799
     -170.581717195824
     -170.581717590141
     -170.581717609191
     -170.581717612607
     -170.581717613069
     -170.581717613098
     -170.581717613107
     -170.581717613176
     -170.581717613178
     -170.581717613180
     -170.581717613181
     -170.581717613181
     -170.581717613218
     -170.581717613222
     -170.581717613224
     -170.581717613222
     -170.581717808249
     -170.581717808985
     -170.581717809003
     -170.581717809008
     -170.581717809013
     -170.581717809014
     -170.581717809015
     -170.581717809015
     -170.581717808490
     -170.581717811239
     -170.581717811247
     -170.581717811254
     -170.581717811257
