       -0.003858102510        -0.004058142234        -0.003857431563        -0.004058532684        -0.003856957982        -0.004058882999        -0.003856601410        -0.004059184182        -0.003856321611        -0.004059436785        -0.003856097436        -0.004059644389        -0.003855917001        -0.004059811046        -0.003855773107        -0.004059940395        -0.003855661088        -0.004060035389        -0.003855577742        -0.004060098369        -0.003855520655        -0.004060131074        -0.003855488080        -0.004060134767        -0.003855478647        -0.004060110307
        0.001477162021         0.001477454056         0.001476898098         0.001477257667         0.001476809389         0.001477172667         0.001476794247         0.001477134637         0.001476808171         0.001477115239         0.001476831911         0.001477102067         0.001476857197         0.001477089698         0.001476880446         0.001477075814         0.001476900109         0.001477059314         0.001476915422         0.001477039817         0.001476925869         0.001477017059         0.001476931050         0.001476990878         0.001476930523         0.001476961121
       -0.000917705897        -0.000852611590        -0.000916917327        -0.000852948267        -0.000916363888        -0.000853289027        -0.000915953004        -0.000853597352        -0.000915637551        -0.000853861290        -0.000915392472        -0.000854078685        -0.000915203674        -0.000854250942        -0.000915062714        -0.000854380429        -0.000914964243        -0.000854469473        -0.000914904759        -0.000854519928        -0.000914881751        -0.000854533222        -0.000914893570        -0.000854510249        -0.000914939068        -0.000854451456
        0.000647445045         0.000647785562         0.000647270768         0.000647632722         0.000647200112         0.000647549894         0.000647179589         0.000647501100         0.000647183961         0.000647469400         0.000647201250         0.000647446627         0.000647225478         0.000647428921         0.000647253862         0.000647414558         0.000647284879         0.000647402702         0.000647317651         0.000647392978         0.000647351646         0.000647385204         0.000647386394         0.000647379349         0.000647421504         0.000647375379
       -0.000507552949        -0.000476061993        -0.000506864146        -0.000476382362        -0.000506356854        -0.000476690506        -0.000505971028        -0.000476964975        -0.000505673353        -0.000477198563        -0.000505444769        -0.000477390783        -0.000505273821        -0.000477542824        -0.000505152973        -0.000477656550        -0.000505077598        -0.000477734207        -0.000505044569        -0.000477776862        -0.000505051460        -0.000477785882        -0.000505096890        -0.000477761773        -0.000505179875        -0.000477704775
        0.000408694581         0.000409158596         0.000408551335         0.000409002743         0.000408490731         0.000408909797         0.000408474063         0.000408849480         0.000408481981         0.000408807009         0.000408504318         0.000408775027         0.000408535959         0.000408750273         0.000408574424         0.000408730843         0.000408617575         0.000408715694         0.000408664818         0.000408704816         0.000408715326         0.000408697796         0.000408768505         0.000408694589         0.000408823700         0.000408694982
       -0.000351073245        -0.000329616708        -0.000350449700        -0.000329901424        -0.000349984542        -0.000330173775        -0.000349630112        -0.000330416131        -0.000349358974        -0.000330622278        -0.000349154420        -0.000330791308        -0.000349006707        -0.000330924217        -0.000348909058        -0.000331022104        -0.000348857549        -0.000331086890        -0.000348848984        -0.000331119448        -0.000348881507        -0.000331120561        -0.000348953645        -0.000331090410        -0.000349064502        -0.000331028781
        0.000298646411         0.000299230905         0.000298528280         0.000299077071         0.000298481667         0.000298978602         0.000298475337         0.000298910723         0.000298492960         0.000298860780         0.000298526013         0.000298822076         0.000298569575         0.000298791607         0.000298621158         0.000298767636         0.000298679190         0.000298749711         0.000298742540         0.000298737183         0.000298810302         0.000298729819         0.000298881721         0.000298727460         0.000298955953         0.000298729790
       -0.000268078462        -0.000252301438        -0.000267515810        -0.000252557555        -0.000267093584        -0.000252801236        -0.000266772844        -0.000253017455        -0.000266530538        -0.000253200955        -0.000266352544        -0.000253350484        -0.000266230105        -0.000253466980        -0.000266157523        -0.000253551388        -0.000266131022        -0.000253604890        -0.000266148013        -0.000253628141        -0.000266206687        -0.000253621564        -0.000266305749        -0.000253584998        -0.000266444293        -0.000253517830
        0.000234798490         0.000235496484         0.000234706316         0.000235345775         0.000234676954         0.000235244563         0.000234684738         0.000235171600         0.000234715721         0.000235116053         0.000234762357         0.000235072361         0.000234820532         0.000235037663         0.000234887604         0.000235010687         0.000234962003         0.000234990686         0.000235042640         0.000234977289         0.000235128458         0.000234970197         0.000235218501         0.000234969005         0.000235311620         0.000234973171
       -0.000216212498        -0.000203708616        -0.000215707089        -0.000203940549        -0.000215327269        -0.000204159929        -0.000215040963        -0.000204353834        -0.000214828678        -0.000204517738        -0.000214678405        -0.000204650703        -0.000214582573        -0.000204752942        -0.000214536171        -0.000204825522        -0.000214535853        -0.000204868992        -0.000214579390        -0.000204883950        -0.000214665047        -0.000204870346        -0.000214791529        -0.000204827697        -0.000214957815        -0.000204754961
        0.000192615970         0.000193413379         0.000192550269         0.000193266397         0.000192539943         0.000193163636         0.000192563739         0.000193086992         0.000192609907         0.000193027176         0.000192671921         0.000192979692         0.000192745934         0.000192941950         0.000192829614         0.000192912992         0.000192921449         0.000192891990         0.000193020152         0.000192878632         0.000193124554         0.000192872437         0.000193233365         0.000192872932         0.000193345225         0.000192879436
       -0.000180375413        -0.000169833086        -0.000179923591        -0.000170044342        -0.000179584971        -0.000170242752        -0.000179332905        -0.000170417178        -0.000179150913        -0.000170563795        -0.000179028935        -0.000170681878        -0.000178960334        -0.000170771557        -0.000178940873        -0.000170833688        -0.000178967636        -0.000170868454        -0.000179038392        -0.000170876137        -0.000179151571        -0.000170856236        -0.000179305936        -0.000170807814        -0.000179500375        -0.000170729469
        0.000162330278         0.000163210364         0.000162291036         0.000163067366         0.000162300857         0.000162963903         0.000162341990         0.000162884479         0.000162404572         0.000162821533         0.000162483068         0.000162771195         0.000162574043         0.000162731514         0.000162675362         0.000162701593         0.000162785507         0.000162680593         0.000162902921         0.000162668174         0.000163026251         0.000162663797         0.000163153938         0.000162666618         0.000163284329         0.000162675767
       -0.000153900142        -0.000144551760        -0.000153498737        -0.000144744911        -0.000153199999        -0.000144924850        -0.000152981644        -0.000145082168        -0.000152830075        -0.000145213759        -0.000152736691        -0.000145318901        -0.000152695987        -0.000145397832        -0.000152704129        -0.000145451040        -0.000152758591        -0.000145478430        -0.000152857209        -0.000145479840        -0.000152998579        -0.000145454395        -0.000153181187        -0.000145400691        -0.000153403881        -0.000145316725
        0.000139310561         0.000140255351         0.000139297355         0.000140116051         0.000139327824         0.000140012171         0.000139387213         0.000139930833         0.000139467351         0.000139865718         0.000139563408         0.000139813711         0.000139672447         0.000139773183         0.000139792343         0.000139743375         0.000139921492         0.000139723486         0.000140058151         0.000139713103         0.000140200732         0.000139711298         0.000140347333         0.000139717117         0.000140495844         0.000139729404
       -0.000133386367        -0.000124763375        -0.000133032211        -0.000124940195        -0.000132771819        -0.000125103660        -0.000132586695        -0.000125245972        -0.000132465580        -0.000125364442        -0.000132401258        -0.000125458510        -0.000132388960        -0.000125528311        -0.000132425378        -0.000125573990        -0.000132508183        -0.000125595213        -0.000132635388        -0.000125591371        -0.000132805333        -0.000125561099        -0.000133016528        -0.000125502456        -0.000133267675        -0.000125412957
        0.000121075950         0.000122066549         0.000121087972         0.000121930387         0.000121139292         0.000121826260         0.000121217622         0.000121743653         0.000121316145         0.000121677308         0.000121430728         0.000121624624         0.000121558663         0.000121584373         0.000121697868         0.000121555791         0.000121846608         0.000121538149         0.000122002957         0.000121530678         0.000122164934         0.000121532317         0.000122330271         0.000121541827         0.000122496529         0.000121557642
       -0.000116913710        -0.000108719985        -0.000116603876        -0.000108881916        -0.000116380330        -0.000109030556        -0.000116227933        -0.000109159562        -0.000116137311        -0.000109266640        -0.000116102354        -0.000109351227        -0.000116119013        -0.000109413351        -0.000116184347        -0.000109452833        -0.000116296145        -0.000109469050        -0.000116452410        -0.000109460830        -0.000116651397        -0.000109426313        -0.000116891487        -0.000109363059        -0.000117171140        -0.000109267920
        0.000106171963         0.000107189065         0.000106208441         0.000107055355         0.000106280568         0.000106951169         0.000106378321         0.000106867872         0.000106495942         0.000106801122         0.000106629776         0.000106748827         0.000106777326         0.000106709975         0.000106936503         0.000106683746         0.000107105335         0.000106669374         0.000107281635         0.000106665801         0.000107463029         0.000106671711         0.000107646890         0.000106685498         0.000107830295         0.000106705162
       -0.000103311844        -0.000095354625        -0.000103043598        -0.000095502745        -0.000102855614        -0.000095638105        -0.000102735462        -0.000095755421        -0.000102675356        -0.000095852690        -0.000102670149        -0.000095929367        -0.000102716326        -0.000095985287        -0.000102811162        -0.000096019881        -0.000102952532        -0.000096032157        -0.000103138385        -0.000096020389        -0.000103366802        -0.000095982204        -0.000103635975        -0.000095914522        -0.000103944078        -0.000095813563
        0.000093685742         0.000094709571         0.000093745772         0.000094577827         0.000093838740         0.000094473811         0.000093956361         0.000094390490         0.000094093700         0.000094324295         0.000094247517         0.000094273535         0.000094415409         0.000094237211         0.000094595137         0.000094214530         0.000094784476         0.000094204521         0.000094980943         0.000094205808         0.000095181720         0.000094216776         0.000095383719         0.000094235353         0.000095583576         0.000094259174
       -0.000091824474        -0.000083975483        -0.000091595532        -0.000084110969        -0.000091441999        -0.000084234559        -0.000091353784        -0.000084341785        -0.000091324359        -0.000084430901        -0.000091349374        -0.000084501309        -0.000091425592        -0.000084552474        -0.000091550600        -0.000084583484        -0.000091722130        -0.000084592901        -0.000091938035        -0.000084578403        -0.000092196209        -0.000084537017        -0.000092494533        -0.000084465026        -0.000092830987        -0.000084357946
        0.000083013360         0.000084024098         0.000083096325         0.000083893987         0.000083210220         0.000083790594         0.000083348191         0.000083708082         0.000083505944         0.000083643558         0.000083680522         0.000083595486         0.000083869409         0.000083563011         0.000084070259         0.000083545100         0.000084280514         0.000083540546         0.000084497276         0.000083547668         0.000084717261         0.000083564400         0.000084936918         0.000083588273         0.000085152378         0.000083616423
       -0.000081940287        -0.000074113226        -0.000081748709        -0.000074237254        -0.000081628867        -0.000074350639        -0.000081572472        -0.000074449471        -0.000081574058        -0.000074532171        -0.000081629752        -0.000074597895        -0.000081736730        -0.000074645802        -0.000081892543        -0.000074674563        -0.000082094780        -0.000074682148        -0.000082341184        -0.000074665640        -0.000082629317        -0.000074621437        -0.000082956818        -0.000074545107        -0.000083321363        -0.000074431438
        0.000073738814         0.000074716503         0.000073844237         0.000074588036         0.000073979301         0.000074485898         0.000074138216         0.000074405224         0.000074317149         0.000074343513         0.000074513193         0.000074299530         0.000074723770         0.000074272214         0.000074946311         0.000074260308         0.000075177765         0.000074262347         0.000075414834         0.000074276196         0.000075653738         0.000074299377         0.000075890400         0.000074328909         0.000076120429         0.000074361439
       -0.000073300768        -0.000065437510        -0.000073145123        -0.000065551415        -0.000073058472        -0.000065656247        -0.000073034014        -0.000065748456        -0.000073066969        -0.000065826422        -0.000073154051        -0.000065889116        -0.000073292458        -0.000065935298        -0.000073479690        -0.000065963038        -0.000073713194        -0.000065969740        -0.000073990429        -0.000065951845        -0.000074308668        -0.000065905053        -0.000074665214        -0.000065824172        -0.000075057452        -0.000065703205
        0.000065565727         0.000066490538         0.000065693425         0.000066363979         0.000065850059         0.000066263962         0.000066030604         0.000066186219         0.000066231442         0.000066128744         0.000066449728         0.000066090233         0.000066682699         0.000066069420         0.000066927349         0.000066064815         0.000067180199         0.000066074520         0.000067437466         0.000066095959         0.000067694833         0.000066126156         0.000067947655         0.000066161588         0.000068190996         0.000066198397
       -0.000065647089        -0.000057708870        -0.000065526324        -0.000057814129        -0.000065472680        -0.000057912145        -0.000065480368        -0.000057999484        -0.000065545342        -0.000058074496        -0.000065664488        -0.000058135854        -0.000065835005        -0.000058181720        -0.000066054311        -0.000058209618        -0.000066319557        -0.000058216297        -0.000066627897        -0.000058197505        -0.000066976258        -0.000058148180        -0.000067361585        -0.000058062319        -0.000067780970        -0.000057933127
        0.000058277169         0.000059129396         0.000058427207         0.000059005330         0.000058605955         0.000058908420         0.000058808838         0.000058835009         0.000059032410         0.000058783210         0.000059273745         0.000058751615         0.000059529668         0.000058738740         0.000059796798         0.000058742701         0.000060071131         0.000058761120         0.000060348348         0.000058790939         0.000060623546         0.000058828615         0.000060891490         0.000058870050         0.000061146688         0.000058910844
       -0.000058787644        -0.000050749349        -0.000058701134        -0.000050847588        -0.000058680500        -0.000050940570        -0.000058720868        -0.000051024918        -0.000058818530        -0.000051098825        -0.000058970474        -0.000051160437        -0.000059173854        -0.000051207391        -0.000059425849        -0.000051236558        -0.000059723259        -0.000051243977        -0.000060062891        -0.000051224636        -0.000060441276        -0.000051172660        -0.000060854984        -0.000051081185        -0.000061300800        -0.000050942594
        0.000051710663         0.000052470833         0.000051883340         0.000052350070         0.000052084851         0.000052257591         0.000052310923         0.000052189990         0.000052558127         0.000052145413         0.000052823206         0.000052122303         0.000053102639         0.000052118822         0.000053392538         0.000052132602         0.000053688337         0.000052160764         0.000053985111         0.000052199673         0.000054277347         0.000052245176         0.000054559183         0.000052292553         0.000054824582         0.000052336882
       -0.000052577701        -0.000044423996        -0.000052525140        -0.000044516980        -0.000052537881        -0.000044606870        -0.000052611564        -0.000044690219        -0.000052742691        -0.000044764801        -0.000052928275        -0.000044828302        -0.000053165285        -0.000044877717        -0.000053450547        -0.000044909204        -0.000053780503        -0.000044918020        -0.000054151526        -0.000044898344        -0.000054559720        -0.000044843410        -0.000055001258        -0.000044745481        -0.000055472657        -0.000044596038
        0.000045742206         0.000046391127         0.000045938036         0.000046274859         0.000046163149         0.000046188287         0.000046413376         0.000046128130         0.000046685049         0.000046092481         0.000046974615         0.000046079506         0.000047278067         0.000046086887         0.000047590955         0.000046111763         0.000047908087         0.000046150643         0.000048223897         0.000046199266         0.000048532203         0.000046252805         0.000048826525         0.000046305921         0.000049100230         0.000046353036
       -0.000046906040        -0.000038628812        -0.000046887542        -0.000038718513        -0.000046934217        -0.000038807407        -0.000047042011        -0.000038891726        -0.000047207529        -0.000038968862        -0.000047427666        -0.000039035891        -0.000047699059        -0.000039089112        -0.000048018169        -0.000039123892        -0.000048380985        -0.000039134660        -0.000048783398        -0.000039114693        -0.000049221054        -0.000039056318        -0.000049689740        -0.000038950815        -0.000050185618        -0.000038788623
        0.000040275725         0.000040794639         0.000040495472         0.000040684300         0.000040745188         0.000040605322         0.000041020536         0.000040554441         0.000041317607         0.000040529562         0.000041632393         0.000040528408         0.000041960335         0.000040548178         0.000042296342         0.000040585395         0.000042634569         0.000040635905         0.000042968729         0.000040694747         0.000043291974         0.000040756399         0.000043597124         0.000040814744         0.000043876865         0.000040863375
       -0.000041686095        -0.000033282665        -0.000041702075        -0.000033371253        -0.000041783466        -0.000033461286        -0.000041926358        -0.000033548684        -0.000042127318        -0.000033630283        -0.000042382937        -0.000033702482        -0.000042689502        -0.000033760797        -0.000043042992        -0.000033799766        -0.000043438899        -0.000033812887        -0.000043872583        -0.000033792516        -0.000044339218        -0.000033729934        -0.000044834089        -0.000033615299        -0.000045352876        -0.000033437758
        0.000035235899         0.000035606496         0.000035480551         0.000035503789         0.000035755942         0.000035434324         0.000036057507         0.000035394736         0.000036380928         0.000035382534         0.000036721653         0.000035394975         0.000037074486         0.000035428651         0.000037433656         0.000035479410         0.000037792585         0.000035542359         0.000038144257         0.000035611796         0.000038481047         0.000035681320         0.000038794979         0.000035743843         0.000039077851         0.000035791677
       -0.000036849699        -0.000028321623        -0.000036900869        -0.000028411371        -0.000037017991        -0.000028504847        -0.000037197147        -0.000028597492        -0.000037434647        -0.000028685490        -0.000037726738        -0.000028764461        -0.000038069233        -0.000028829102        -0.000038457569        -0.000028873012        -0.000038886689        -0.000028888742        -0.000039351383        -0.000028867565        -0.000039846215        -0.000028799578        -0.000040365809        -0.000028673552        -0.000040904983        -0.000028476783
        0.000030563094         0.000030767566         0.000030833784         0.000030674467         0.000031136086         0.000030616669         0.000031465022         0.000030590482         0.000031815753         0.000030592973         0.000032183083         0.000030620794         0.000032561137         0.000030669860         0.000032943370         0.000030735275         0.000033322461         0.000030811342         0.000033690528         0.000030891427         0.000034039072         0.000030968036         0.000034359094         0.000031032647         0.000034641029         0.000031075297
       -0.000032342719        -0.000023694843        -0.000032430076        -0.000023788224        -0.000032584175        -0.000023887541        -0.000032800840        -0.000023987645        -0.000033076063        -0.000024083951        -0.000033405607        -0.000024171253        -0.000033784734        -0.000024243318        -0.000034208284        -0.000024292787        -0.000034670591        -0.000024311091        -0.000035165723        -0.000024288285        -0.000035687450        -0.000024213004        -0.000036229339        -0.000024072087        -0.000036784455        -0.000023849794
        0.000026209679         0.000026230827         0.000026507745         0.000026149588         0.000026838285         0.000026105738         0.000027195778         0.000026095192         0.000027574746         0.000026114420         0.000027969293         0.000026159386         0.000028372760         0.000026225260         0.000028777812         0.000026306314         0.000029176238         0.000026395862         0.000029559191         0.000026486100         0.000029917050         0.000026567986         0.000030239321         0.000026630585         0.000030513983         0.000026659293
       -0.000028121870        -0.000019361721        -0.000028246694        -0.000019461328        -0.000028439136        -0.000019568949        -0.000028694670        -0.000019678716        -0.000029008811        -0.000019785210        -0.000029376745        -0.000019882284        -0.000029793124        -0.000019962745        -0.000030252105        -0.000020018105        -0.000030747263        -0.000020038543        -0.000031271733        -0.000020012610        -0.000031818092        -0.000019926955        -0.000032377961        -0.000019765353        -0.000032940464        -0.000019506186
        0.000022137423         0.000021958710         0.000022464334         0.000021891753         0.000022824503         0.000021864284         0.000023211727         0.000021871671         0.000023619817         0.000021909678         0.000024042063         0.000021973507         0.000024471000         0.000022057477         0.000024898343         0.000022154851         0.000025314893         0.000022257706         0.000025710579         0.000022356622         0.000026074198         0.000022440050         0.000026392703         0.000022492396         0.000026648944         0.000022488606
       -0.000024152384        -0.000015289619        -0.000024316127        -0.000015398142        -0.000024548423        -0.000015516542        -0.000024844223        -0.000015638162        -0.000025198452        -0.000015756620        -0.000025605649        -0.000015864791        -0.000026059749        -0.000015954347        -0.000026554076        -0.000016015546        -0.000027081220        -0.000016037029        -0.000027632993        -0.000016005346        -0.000028199895        -0.000015904083        -0.000028769506        -0.000015711305        -0.000029321480        -0.000015391585
        0.000018315445         0.000017921017         0.000018672769         0.000017870944         0.000019063971         0.000017862376         0.000019482076         0.000017890004         0.000019920061         0.000017948804         0.000020370366         0.000018033091         0.000020824551         0.000018136166         0.000021273287         0.000018250026         0.000021706125         0.000018365084         0.000022111325         0.000018469373         0.000022475087         0.000018546716         0.000022779303         0.000018571430         0.000022994056         0.000018487225
       -0.000020406155        -0.000011452200        -0.000020610452        -0.000011572368        -0.000020884186        -0.000011704033        -0.000021221649        -0.000011839613        -0.000021617092        -0.000011971710        -0.000022064280        -0.000012092043        -0.000022556284        -0.000012191038        -0.000023085362        -0.000012257411        -0.000023642734        -0.000012277799        -0.000024218023        -0.000012235733        -0.000024797661        -0.000012109286        -0.000025359986        -0.000011863507        -0.000025855289        -0.000011389312
        0.000014718687         0.000014093437         0.000015108042         0.000014062974         0.000015531683         0.000014075869         0.000015981732         0.000014126043         0.000016450275         0.000014207541         0.000016928730         0.000014313631         0.000017407596         0.000014436337         0.000017876231         0.000014565981         0.000018322511         0.000014690417         0.000018732066         0.000014793140         0.000019086154         0.000014848283         0.000019354525         0.000014800807         0.000019438845         0.000014870967
       -0.000016860435        -0.000007828133        -0.000017107038        -0.000007962711        -0.000017423822        -0.000008110071        -0.000017804326        -0.000008261628        -0.000018241977        -0.000008408801        -0.000018729624        -0.000008542043        -0.000019259233        -0.000008650248        -0.000019821620        -0.000008720159        -0.000020405799        -0.000008735451        -0.000020997321        -0.000008674379        -0.000021573668        -0.000008502783        -0.000022085395        -0.000008117006        -0.000022706852        -0.000007203628
        0.000011326744         0.000010456369         0.000011749783         0.000010448315         0.000012207211         0.000010485264         0.000012690169         0.000010560199         0.000013189685         0.000010666080         0.000013696069         0.000010794875         0.000014198486         0.000010936936         0.000014684582         0.000011080063         0.000015139650         0.000011207679         0.000015544507         0.000011294040         0.000015868918         0.000011285762         0.000016018477         0.000011397350         0.000015617205
       -0.000013496769        -0.000004400138        -0.000013787495        -0.000004551868        -0.000014148957        -0.000004717284        -0.000014573767        -0.000004886628        -0.000015054390        -0.000005050028        -0.000015582514        -0.000005196398        -0.000016148640        -0.000005312695        -0.000016741335        -0.000005382803        -0.000017345630        -0.000005385351        -0.000017938439        -0.000005287154        -0.000018471045        -0.000004990001        -0.000019114186        -0.000004224178
        0.000008122985         0.000006994010         0.000008581336         0.000007011231         0.000009073823         0.000007074754         0.000009590438         0.000007176483         0.000010121060         0.000007308037         0.000010654623         0.000007459709         0.000011178588         0.000007619374         0.000011678036         0.000007770566         0.000012133645         0.000007887921         0.000012515374         0.000007919992         0.000012732886         0.000008076204         0.000012452963
       -0.000010300180        -0.000001154207        -0.000010636902        -0.000001325787        -0.000011044580        -0.000001511441        -0.000011514767        -0.000001700135        -0.000012038716        -0.000001880434        -0.000012606610        -0.000002039347        -0.000013206711        -0.000002161069        -0.000013823672        -0.000002224708        -0.000014434276        -0.000002198213        -0.000014990788        -0.000001988750        -0.000015660921        -0.000001368454
        0.000005093836         0.000003693690         0.000005589078         0.000003739007         0.000006117707         0.000003831490         0.000006668477         0.000003961694         0.000007229852         0.000004119554         0.000007789052         0.000004292926         0.000008331027         0.000004465586         0.000008836416         0.000004612773         0.000009275713         0.000004685167         0.000009562605         0.000004887708         0.000009405125
       -0.000007258573         0.000001920979        -0.000007643101         0.000001727000        -0.000008098381         0.000001519131        -0.000008614651         0.000001309958        -0.000009181622         0.000001112805        -0.000009787236         0.000000943334        -0.000010415958         0.000000821868        -0.000011044559         0.000000779213        -0.000011626732         0.000000902933        -0.000012327560         0.000001380729
        0.000002228236         0.000000545245         0.000002761794         0.000000621389         0.000003327438         0.000000744913         0.000003912421         0.000000904698         0.000004503481         0.000001088273         0.000005085368         0.000001279558         0.000005638798         0.000001454519         0.000006134845         0.000001566154         0.000006491404         0.000001815402         0.000006456265
       -0.000004362153         0.000004834595        -0.000004796193         0.000004615828        -0.000005300142         0.000004384152        -0.000005862611         0.000004154002        -0.000006471070         0.000003941297        -0.000007109766         0.000003765969        -0.000007755686         0.000003657533        -0.000008363999         0.000003698376        -0.000009097812         0.000004037596
       -0.000000482861        -0.000002459417         0.000000090266        -0.000002349966         0.000000693403        -0.000002193818         0.000001312017        -0.000002004450         0.000001930417        -0.000001798120         0.000002529301        -0.000001598248         0.000003080456        -0.000001449464         0.000003505800        -0.000001154298         0.000003591846
       -0.000001603038         0.000007594011        -0.000002088024         0.000007348405        -0.000002641192         0.000007091877        -0.000003248859         0.000006841373        -0.000003894902         0.000006616851        -0.000004556474         0.000006446749        -0.000005190430         0.000006408466        -0.000005958109         0.000006613828
       -0.000003046813        -0.000005326774        -0.000002433212        -0.000005181961        -0.000001792668        -0.000004992589        -0.000001142153        -0.000004775771        -0.000000501237        -0.000004554662         0.000000102442        -0.000004371700         0.000000594813        -0.000004032523         0.000000799792
        0.000001025179         0.000010205229         0.000000488256         0.000009931201        -0.000000113673         0.000009649767        -0.000000763379         0.000009381693        -0.000001438019         0.000009154797        -0.000002096017         0.000009041915        -0.000002897391         0.000009118935
       -0.000005469702        -0.000008062077        -0.000004815209        -0.000007880710        -0.000004138370        -0.000007659427        -0.000003459914        -0.000007421808        -0.000002807184        -0.000007208530        -0.000002250570        -0.000006828195        -0.000001929698
        0.000003527789         0.000012673186         0.000002938837         0.000012370017         0.000002290553         0.000012065529         0.000001606580         0.000011787741         0.000000927144         0.000011605589         0.000000093454         0.000011560457
       -0.000007756634        -0.000010669916        -0.000007061740        -0.000010452501        -0.000006351705        -0.000010204652        -0.000005654543        -0.000009966052        -0.000005037406        -0.000009548379        -0.000004604666
        0.000005909534         0.000015002249         0.000005270206         0.000014670882         0.000004582138         0.000014349660         0.000003885111         0.000014104634         0.000003021557         0.000013944283
       -0.000009912241        -0.000013155048        -0.000009179195        -0.000012905664        -0.000008443764        -0.000012648373        -0.000007771033        -0.000012198387        -0.000007231335
        0.000008175444         0.000017196963         0.000007491122         0.000016842236         0.000006781960         0.000016542336         0.000005892327         0.000016274714
       -0.000011941485        -0.000015524020        -0.000011176682        -0.000015257193        -0.000010454900        -0.000014781641        -0.000009814346
        0.000010332567         0.000019263912         0.000009619486         0.000018919678         0.000008709261         0.000018554317
       -0.000013851672        -0.000017790950        -0.000013090229        -0.000017299218        -0.000012356545
        0.000012396031         0.000021234441         0.000011473622         0.000020783451
       -0.000015674787        -0.000019748954        -0.000014858626
        0.000014183199         0.000022959330
       -0.000017317850
