       -0.003943481591        -0.003943481612        -0.003943481624        -0.003943481631        -0.003943481635        -0.003943481637        -0.003943481638        -0.003943481639        -0.003943481639        -0.003943481639        -0.003943481640        -0.003943481640        -0.003943481640        -0.003943481640        -0.003943481640        -0.003943481640        -0.003943481640        -0.003943481640        -0.003943481640        -0.003943481640        -0.003943481640        -0.003943481640        -0.003943481640        -0.003943481640        -0.003943481640        -0.003943481640
        0.001480955335         0.001480955415         0.001480955461         0.001480955487         0.001480955501         0.001480955510         0.001480955515         0.001480955518         0.001480955519         0.001480955520         0.001480955521         0.001480955521         0.001480955521         0.001480955521         0.001480955521         0.001480955521         0.001480955521         0.001480955521         0.001480955521         0.001480955521         0.001480955521         0.001480955521         0.001480955521         0.001480955521         0.001480955521         0.001480955521
       -0.000714598320        -0.000714598406        -0.000714598455        -0.000714598483        -0.000714598499        -0.000714598509        -0.000714598514        -0.000714598517        -0.000714598519        -0.000714598520        -0.000714598520        -0.000714598520        -0.000714598521        -0.000714598521        -0.000714598521        -0.000714598521        -0.000714598521        -0.000714598521        -0.000714598521        -0.000714598521        -0.000714598521        -0.000714598521        -0.000714598521        -0.000714598521        -0.000714598521        -0.000714598521
        0.000359935392         0.000359935481         0.000359935532         0.000359935561         0.000359935578         0.000359935587         0.000359935593         0.000359935596         0.000359935598         0.000359935599         0.000359935599         0.000359935600         0.000359935600         0.000359935600         0.000359935600         0.000359935600         0.000359935600         0.000359935600         0.000359935600         0.000359935600         0.000359935600         0.000359935600         0.000359935600         0.000359935600         0.000359935600         0.000359935600
       -0.000174746988        -0.000174747069        -0.000174747115        -0.000174747142        -0.000174747157        -0.000174747166        -0.000174747171        -0.000174747173        -0.000174747175        -0.000174747176        -0.000174747177        -0.000174747177        -0.000174747177        -0.000174747177        -0.000174747177        -0.000174747177        -0.000174747177        -0.000174747177        -0.000174747177        -0.000174747177        -0.000174747177        -0.000174747177        -0.000174747177        -0.000174747177        -0.000174747177        -0.000174747177
        0.000075591694         0.000075591773         0.000075591818         0.000075591845         0.000075591860         0.000075591869         0.000075591874         0.000075591877         0.000075591879         0.000075591880         0.000075591881         0.000075591881         0.000075591881         0.000075591881         0.000075591882         0.000075591882         0.000075591882         0.000075591882         0.000075591882         0.000075591882         0.000075591882         0.000075591882         0.000075591882         0.000075591882         0.000075591882         0.000075591882
       -0.000024065356        -0.000024065421        -0.000024065458        -0.000024065479        -0.000024065491        -0.000024065498        -0.000024065502        -0.000024065504        -0.000024065506        -0.000024065506        -0.000024065507        -0.000024065507        -0.000024065507        -0.000024065507        -0.000024065507        -0.000024065507        -0.000024065507        -0.000024065507        -0.000024065507        -0.000024065507        -0.000024065507        -0.000024065507        -0.000024065507        -0.000024065507        -0.000024065507        -0.000024065507
       -0.000001165649        -0.000001165602        -0.000001165576        -0.000001165561        -0.000001165553        -0.000001165549        -0.000001165547        -0.000001165545        -0.000001165545        -0.000001165544        -0.000001165544        -0.000001165544        -0.000001165544        -0.000001165544        -0.000001165544        -0.000001165544        -0.000001165544        -0.000001165544        -0.000001165544        -0.000001165544        -0.000001165544        -0.000001165544        -0.000001165544        -0.000001165544        -0.000001165544        -0.000001165544
        0.000012088446         0.000012088404         0.000012088380         0.000012088366         0.000012088358         0.000012088354         0.000012088351         0.000012088350         0.000012088349         0.000012088349         0.000012088349         0.000012088348         0.000012088348         0.000012088348         0.000012088348         0.000012088348         0.000012088348         0.000012088348         0.000012088348         0.000012088348         0.000012088348         0.000012088348         0.000012088348         0.000012088348         0.000012088348         0.000012088348
       -0.000015523092        -0.000015523052        -0.000015523029        -0.000015523016        -0.000015523008        -0.000015523004        -0.000015523001        -0.000015522999        -0.000015522999        -0.000015522998        -0.000015522998        -0.000015522998        -0.000015522998        -0.000015522997        -0.000015522997        -0.000015522997        -0.000015522997        -0.000015522997        -0.000015522997        -0.000015522997        -0.000015522997        -0.000015522997        -0.000015522997        -0.000015522997        -0.000015522997        -0.000015522997
        0.000015296334         0.000015296300         0.000015296280         0.000015296268         0.000015296261         0.000015296258         0.000015296255         0.000015296254         0.000015296253         0.000015296253         0.000015296252         0.000015296252         0.000015296252         0.000015296252         0.000015296252         0.000015296252         0.000015296252         0.000015296252         0.000015296252         0.000015296252         0.000015296252         0.000015296252         0.000015296252         0.000015296252         0.000015296252         0.000015296252
       -0.000013497296        -0.000013497267        -0.000013497250        -0.000013497241        -0.000013497235        -0.000013497231        -0.000013497229        -0.000013497228        -0.000013497228        -0.000013497227        -0.000013497227        -0.000013497227        -0.000013497227        -0.000013497227        -0.000013497227        -0.000013497227        -0.000013497227        -0.000013497227        -0.000013497227        -0.000013497227        -0.000013497227        -0.000013497227        -0.000013497227        -0.000013497227        -0.000013497227        -0.000013497227
        0.000011218736         0.000011218711         0.000011218697         0.000011218688         0.000011218683         0.000011218680         0.000011218678         0.000011218677         0.000011218676         0.000011218676         0.000011218676         0.000011218676         0.000011218676         0.000011218676         0.000011218676         0.000011218675         0.000011218675         0.000011218675         0.000011218675         0.000011218675         0.000011218675         0.000011218675         0.000011218675         0.000011218675         0.000011218675         0.000011218676
       -0.000008991910        -0.000008991889        -0.000008991876        -0.000008991869        -0.000008991864        -0.000008991861        -0.000008991860        -0.000008991859        -0.000008991858        -0.000008991858        -0.000008991858        -0.000008991858        -0.000008991857        -0.000008991857        -0.000008991857        -0.000008991857        -0.000008991857        -0.000008991857        -0.000008991857        -0.000008991857        -0.000008991857        -0.000008991857        -0.000008991857        -0.000008991857        -0.000008991857        -0.000008991857
        0.000007040892         0.000007040874         0.000007040864         0.000007040857         0.000007040853         0.000007040851         0.000007040850         0.000007040849         0.000007040848         0.000007040848         0.000007040848         0.000007040848         0.000007040848         0.000007040848         0.000007040848         0.000007040848         0.000007040848         0.000007040848         0.000007040848         0.000007040848         0.000007040848         0.000007040848         0.000007040848         0.000007040848         0.000007040848         0.000007040848
       -0.000005429772        -0.000005429758        -0.000005429750        -0.000005429745        -0.000005429742        -0.000005429740        -0.000005429739        -0.000005429738        -0.000005429738        -0.000005429738        -0.000005429737        -0.000005429737        -0.000005429737        -0.000005429737        -0.000005429737        -0.000005429737        -0.000005429737        -0.000005429737        -0.000005429737        -0.000005429737        -0.000005429737        -0.000005429737        -0.000005429737        -0.000005429737        -0.000005429737        -0.000005429737
        0.000004146098         0.000004146087         0.000004146081         0.000004146077         0.000004146075         0.000004146074         0.000004146073         0.000004146072         0.000004146072         0.000004146072         0.000004146072         0.000004146072         0.000004146072         0.000004146072         0.000004146072         0.000004146072         0.000004146072         0.000004146072         0.000004146072         0.000004146072         0.000004146072         0.000004146072         0.000004146072         0.000004146072         0.000004146072         0.000004146072
       -0.000003146329        -0.000003146321        -0.000003146317        -0.000003146314        -0.000003146313        -0.000003146312        -0.000003146311        -0.000003146311        -0.000003146310        -0.000003146310        -0.000003146310        -0.000003146310        -0.000003146310        -0.000003146310        -0.000003146310        -0.000003146310        -0.000003146310        -0.000003146310        -0.000003146310        -0.000003146310        -0.000003146310        -0.000003146310        -0.000003146310        -0.000003146310        -0.000003146310        -0.000003146310
        0.000002379090         0.000002379085         0.000002379081         0.000002379079         0.000002379078         0.000002379078         0.000002379077         0.000002379077         0.000002379077         0.000002379077         0.000002379077         0.000002379077         0.000002379077         0.000002379077         0.000002379077         0.000002379077         0.000002379077         0.000002379077         0.000002379077         0.000002379077         0.000002379077         0.000002379077         0.000002379077         0.000002379077         0.000002379077         0.000002379077
       -0.000001795913        -0.000001795909        -0.000001795907        -0.000001795905        -0.000001795904        -0.000001795904        -0.000001795904        -0.000001795903        -0.000001795903        -0.000001795903        -0.000001795903        -0.000001795903        -0.000001795903        -0.000001795903        -0.000001795903        -0.000001795903        -0.000001795903        -0.000001795903        -0.000001795903        -0.000001795903        -0.000001795903        -0.000001795903        -0.000001795903        -0.000001795903        -0.000001795903        -0.000001795903
        0.000001355324         0.000001355320         0.000001355319         0.000001355318         0.000001355317         0.000001355317         0.000001355316         0.000001355316         0.000001355316         0.000001355316         0.000001355316         0.000001355316         0.000001355316         0.000001355316         0.000001355316         0.000001355316         0.000001355316         0.000001355316         0.000001355316         0.000001355316         0.000001355316         0.000001355316         0.000001355316         0.000001355316         0.000001355316         0.000001355316
       -0.000001023647        -0.000001023645        -0.000001023643        -0.000001023643        -0.000001023642        -0.000001023642        -0.000001023642        -0.000001023641        -0.000001023641        -0.000001023641        -0.000001023641        -0.000001023641        -0.000001023641        -0.000001023641        -0.000001023641        -0.000001023641        -0.000001023641        -0.000001023641        -0.000001023641        -0.000001023641        -0.000001023641        -0.000001023641        -0.000001023641        -0.000001023641        -0.000001023642        -0.000001023642
        0.000000774386         0.000000774384         0.000000774382         0.000000774382         0.000000774381         0.000000774381         0.000000774381         0.000000774381         0.000000774381         0.000000774381         0.000000774381         0.000000774381         0.000000774381         0.000000774381         0.000000774381         0.000000774381         0.000000774381         0.000000774381         0.000000774381         0.000000774381         0.000000774381         0.000000774381         0.000000774381         0.000000774381         0.000000774381         0.000000774381
       -0.000000587098        -0.000000587097        -0.000000587096        -0.000000587095        -0.000000587095        -0.000000587094        -0.000000587094        -0.000000587094        -0.000000587094        -0.000000587094        -0.000000587094        -0.000000587094        -0.000000587094        -0.000000587094        -0.000000587094        -0.000000587094        -0.000000587094        -0.000000587094        -0.000000587094        -0.000000587094        -0.000000587094        -0.000000587094        -0.000000587094        -0.000000587094        -0.000000587095        -0.000000587095
        0.000000446229         0.000000446228         0.000000446227         0.000000446227         0.000000446226         0.000000446226         0.000000446226         0.000000446226         0.000000446226         0.000000446226         0.000000446226         0.000000446226         0.000000446226         0.000000446226         0.000000446226         0.000000446226         0.000000446226         0.000000446226         0.000000446226         0.000000446226         0.000000446226         0.000000446226         0.000000446226         0.000000446226         0.000000446226         0.000000446227
       -0.000000340054        -0.000000340053        -0.000000340052        -0.000000340052        -0.000000340051        -0.000000340051        -0.000000340051        -0.000000340051        -0.000000340051        -0.000000340051        -0.000000340051        -0.000000340051        -0.000000340051        -0.000000340051        -0.000000340051        -0.000000340051        -0.000000340051        -0.000000340051        -0.000000340051        -0.000000340051        -0.000000340051        -0.000000340051        -0.000000340051        -0.000000340052        -0.000000340052        -0.000000340052
        0.000000259796         0.000000259795         0.000000259795         0.000000259795         0.000000259794         0.000000259794         0.000000259794         0.000000259794         0.000000259794         0.000000259794         0.000000259794         0.000000259794         0.000000259794         0.000000259794         0.000000259794         0.000000259794         0.000000259794         0.000000259794         0.000000259794         0.000000259794         0.000000259794         0.000000259794         0.000000259795         0.000000259795         0.000000259795         0.000000259796
       -0.000000198922        -0.000000198921        -0.000000198921        -0.000000198921        -0.000000198921        -0.000000198921        -0.000000198921        -0.000000198921        -0.000000198921        -0.000000198921        -0.000000198921        -0.000000198921        -0.000000198921        -0.000000198921        -0.000000198921        -0.000000198921        -0.000000198921        -0.000000198921        -0.000000198921        -0.000000198921        -0.000000198921        -0.000000198921        -0.000000198921        -0.000000198921        -0.000000198922        -0.000000198923
        0.000000152580         0.000000152580         0.000000152580         0.000000152579         0.000000152579         0.000000152579         0.000000152579         0.000000152579         0.000000152579         0.000000152579         0.000000152579         0.000000152579         0.000000152579         0.000000152579         0.000000152579         0.000000152579         0.000000152579         0.000000152579         0.000000152579         0.000000152579         0.000000152579         0.000000152580         0.000000152580         0.000000152580         0.000000152581         0.000000152582
       -0.000000117175        -0.000000117175        -0.000000117174        -0.000000117174        -0.000000117174        -0.000000117174        -0.000000117174        -0.000000117174        -0.000000117174        -0.000000117174        -0.000000117174        -0.000000117174        -0.000000117174        -0.000000117174        -0.000000117174        -0.000000117174        -0.000000117174        -0.000000117174        -0.000000117174        -0.000000117174        -0.000000117174        -0.000000117174        -0.000000117175        -0.000000117175        -0.000000117176        -0.000000117178
        0.000000090037         0.000000090037         0.000000090036         0.000000090036         0.000000090036         0.000000090036         0.000000090036         0.000000090036         0.000000090036         0.000000090036         0.000000090036         0.000000090036         0.000000090036         0.000000090036         0.000000090036         0.000000090036         0.000000090036         0.000000090036         0.000000090036         0.000000090036         0.000000090036         0.000000090037         0.000000090037         0.000000090038         0.000000090039         0.000000090041
       -0.000000069180        -0.000000069180        -0.000000069180        -0.000000069180        -0.000000069180        -0.000000069180        -0.000000069180        -0.000000069180        -0.000000069180        -0.000000069180        -0.000000069180        -0.000000069180        -0.000000069180        -0.000000069180        -0.000000069180        -0.000000069180        -0.000000069180        -0.000000069180        -0.000000069180        -0.000000069180        -0.000000069180        -0.000000069181        -0.000000069181        -0.000000069182        -0.000000069183        -0.000000069186
        0.000000053121         0.000000053121         0.000000053121         0.000000053121         0.000000053121         0.000000053121         0.000000053121         0.000000053121         0.000000053121         0.000000053121         0.000000053121         0.000000053121         0.000000053121         0.000000053121         0.000000053121         0.000000053121         0.000000053121         0.000000053121         0.000000053121         0.000000053121         0.000000053121         0.000000053121         0.000000053122         0.000000053123         0.000000053125         0.000000053128
       -0.000000040742        -0.000000040742        -0.000000040742        -0.000000040742        -0.000000040742        -0.000000040742        -0.000000040742        -0.000000040742        -0.000000040742        -0.000000040742        -0.000000040742        -0.000000040742        -0.000000040742        -0.000000040742        -0.000000040742        -0.000000040742        -0.000000040742        -0.000000040742        -0.000000040742        -0.000000040742        -0.000000040742        -0.000000040743        -0.000000040744        -0.000000040745        -0.000000040747        -0.000000040751
        0.000000031197         0.000000031197         0.000000031197         0.000000031197         0.000000031197         0.000000031197         0.000000031197         0.000000031197         0.000000031197         0.000000031197         0.000000031197         0.000000031197         0.000000031197         0.000000031197         0.000000031197         0.000000031197         0.000000031197         0.000000031197         0.000000031197         0.000000031198         0.000000031198         0.000000031199         0.000000031199         0.000000031201         0.000000031204         0.000000031209
       -0.000000023842        -0.000000023842        -0.000000023842        -0.000000023842        -0.000000023842        -0.000000023842        -0.000000023842        -0.000000023842        -0.000000023842        -0.000000023842        -0.000000023842        -0.000000023842        -0.000000023842        -0.000000023842        -0.000000023842        -0.000000023842        -0.000000023842        -0.000000023842        -0.000000023842        -0.000000023842        -0.000000023843        -0.000000023844        -0.000000023845        -0.000000023847        -0.000000023851        -0.000000023857
        0.000000018181         0.000000018181         0.000000018181         0.000000018181         0.000000018181         0.000000018181         0.000000018181         0.000000018181         0.000000018181         0.000000018181         0.000000018181         0.000000018181         0.000000018181         0.000000018181         0.000000018181         0.000000018181         0.000000018181         0.000000018181         0.000000018181         0.000000018181         0.000000018182         0.000000018183         0.000000018184         0.000000018187         0.000000018192         0.000000018199
       -0.000000013831        -0.000000013831        -0.000000013831        -0.000000013831        -0.000000013831        -0.000000013831        -0.000000013831        -0.000000013831        -0.000000013831        -0.000000013831        -0.000000013831        -0.000000013831        -0.000000013831        -0.000000013831        -0.000000013831        -0.000000013831        -0.000000013831        -0.000000013831        -0.000000013832        -0.000000013832        -0.000000013833        -0.000000013834        -0.000000013836        -0.000000013839        -0.000000013845        -0.000000013854
        0.000000010496         0.000000010496         0.000000010496         0.000000010496         0.000000010496         0.000000010496         0.000000010496         0.000000010496         0.000000010496         0.000000010496         0.000000010496         0.000000010496         0.000000010496         0.000000010496         0.000000010496         0.000000010497         0.000000010497         0.000000010497         0.000000010497         0.000000010498         0.000000010498         0.000000010500         0.000000010503         0.000000010507         0.000000010514         0.000000010526
       -0.000000007946        -0.000000007946        -0.000000007946        -0.000000007946        -0.000000007946        -0.000000007946        -0.000000007946        -0.000000007946        -0.000000007946        -0.000000007946        -0.000000007946        -0.000000007946        -0.000000007946        -0.000000007946        -0.000000007947        -0.000000007947        -0.000000007947        -0.000000007947        -0.000000007947        -0.000000007948        -0.000000007949        -0.000000007951        -0.000000007954        -0.000000007959        -0.000000007968        -0.000000007983
        0.000000006002         0.000000006002         0.000000006002         0.000000006002         0.000000006002         0.000000006002         0.000000006002         0.000000006002         0.000000006002         0.000000006002         0.000000006002         0.000000006002         0.000000006002         0.000000006002         0.000000006002         0.000000006002         0.000000006002         0.000000006002         0.000000006003         0.000000006004         0.000000006005         0.000000006007         0.000000006011         0.000000006018         0.000000006029         0.000000006049
       -0.000000004523        -0.000000004523        -0.000000004523        -0.000000004523        -0.000000004523        -0.000000004523        -0.000000004523        -0.000000004523        -0.000000004523        -0.000000004523        -0.000000004523        -0.000000004523        -0.000000004523        -0.000000004523        -0.000000004523        -0.000000004523        -0.000000004523        -0.000000004523        -0.000000004524        -0.000000004525        -0.000000004527        -0.000000004530        -0.000000004535        -0.000000004543        -0.000000004557        -0.000000004582
        0.000000003401         0.000000003401         0.000000003401         0.000000003401         0.000000003401         0.000000003401         0.000000003401         0.000000003401         0.000000003401         0.000000003401         0.000000003401         0.000000003401         0.000000003401         0.000000003401         0.000000003401         0.000000003401         0.000000003401         0.000000003402         0.000000003403         0.000000003404         0.000000003406         0.000000003410         0.000000003416         0.000000003427         0.000000003445         0.000000003474
       -0.000000002552        -0.000000002552        -0.000000002552        -0.000000002552        -0.000000002552        -0.000000002552        -0.000000002552        -0.000000002552        -0.000000002552        -0.000000002552        -0.000000002552        -0.000000002552        -0.000000002552        -0.000000002552        -0.000000002553        -0.000000002553        -0.000000002553        -0.000000002554        -0.000000002555        -0.000000002556        -0.000000002559        -0.000000002564        -0.000000002572        -0.000000002585        -0.000000002607        -0.000000002644
        0.000000001912         0.000000001912         0.000000001912         0.000000001912         0.000000001912         0.000000001912         0.000000001912         0.000000001912         0.000000001912         0.000000001912         0.000000001912         0.000000001912         0.000000001912         0.000000001912         0.000000001913         0.000000001913         0.000000001913         0.000000001914         0.000000001915         0.000000001917         0.000000001921         0.000000001926         0.000000001936         0.000000001953         0.000000001980         0.000000002027
       -0.000000001430        -0.000000001430        -0.000000001430        -0.000000001430        -0.000000001430        -0.000000001430        -0.000000001430        -0.000000001430        -0.000000001430        -0.000000001430        -0.000000001430        -0.000000001431        -0.000000001431        -0.000000001431        -0.000000001431        -0.000000001431        -0.000000001432        -0.000000001433        -0.000000001434        -0.000000001437        -0.000000001441        -0.000000001448        -0.000000001461        -0.000000001481        -0.000000001516        -0.000000001569
        0.000000001069         0.000000001069         0.000000001069         0.000000001069         0.000000001069         0.000000001069         0.000000001069         0.000000001069         0.000000001069         0.000000001069         0.000000001069         0.000000001069         0.000000001069         0.000000001069         0.000000001069         0.000000001070         0.000000001070         0.000000001071         0.000000001073         0.000000001076         0.000000001082         0.000000001091         0.000000001106         0.000000001132         0.000000001172         0.000000001238
       -0.000000000797        -0.000000000797        -0.000000000797        -0.000000000797        -0.000000000797        -0.000000000797        -0.000000000797        -0.000000000797        -0.000000000797        -0.000000000797        -0.000000000797        -0.000000000798        -0.000000000798        -0.000000000798        -0.000000000798        -0.000000000799        -0.000000000799        -0.000000000801        -0.000000000803        -0.000000000807        -0.000000000814        -0.000000000825        -0.000000000845        -0.000000000874        -0.000000000923        -0.000000000992
        0.000000000594         0.000000000594         0.000000000594         0.000000000594         0.000000000594         0.000000000594         0.000000000594         0.000000000594         0.000000000595         0.000000000595         0.000000000595         0.000000000595         0.000000000595         0.000000000595         0.000000000595         0.000000000596         0.000000000597         0.000000000599         0.000000000602         0.000000000607         0.000000000615         0.000000000630         0.000000000651         0.000000000688         0.000000000739         0.000000000836
       -0.000000000443        -0.000000000443        -0.000000000443        -0.000000000443        -0.000000000443        -0.000000000443        -0.000000000443        -0.000000000443        -0.000000000443        -0.000000000443        -0.000000000443        -0.000000000443        -0.000000000443        -0.000000000444        -0.000000000444        -0.000000000445        -0.000000000446        -0.000000000448        -0.000000000452        -0.000000000458        -0.000000000469        -0.000000000485        -0.000000000513        -0.000000000551        -0.000000000623
        0.000000000330         0.000000000330         0.000000000330         0.000000000330         0.000000000330         0.000000000330         0.000000000330         0.000000000330         0.000000000330         0.000000000330         0.000000000330         0.000000000330         0.000000000330         0.000000000331         0.000000000331         0.000000000332         0.000000000334         0.000000000337         0.000000000341         0.000000000349         0.000000000361         0.000000000382         0.000000000410         0.000000000464
       -0.000000000245        -0.000000000245        -0.000000000245        -0.000000000245        -0.000000000245        -0.000000000245        -0.000000000245        -0.000000000245        -0.000000000245        -0.000000000246        -0.000000000246        -0.000000000246        -0.000000000246        -0.000000000246        -0.000000000247        -0.000000000248        -0.000000000250        -0.000000000254        -0.000000000260        -0.000000000269        -0.000000000284        -0.000000000305        -0.000000000345
        0.000000000183         0.000000000183         0.000000000183         0.000000000183         0.000000000183         0.000000000183         0.000000000183         0.000000000183         0.000000000183         0.000000000183         0.000000000183         0.000000000183         0.000000000183         0.000000000184         0.000000000185         0.000000000186         0.000000000189         0.000000000193         0.000000000200         0.000000000211         0.000000000227         0.000000000257
       -0.000000000136        -0.000000000136        -0.000000000136        -0.000000000136        -0.000000000136        -0.000000000136        -0.000000000136        -0.000000000136        -0.000000000136        -0.000000000136        -0.000000000136        -0.000000000136        -0.000000000137        -0.000000000137        -0.000000000139        -0.000000000141        -0.000000000144        -0.000000000149        -0.000000000157        -0.000000000169        -0.000000000191
        0.000000000101         0.000000000101         0.000000000101         0.000000000101         0.000000000101         0.000000000101         0.000000000101         0.000000000101         0.000000000101         0.000000000101         0.000000000101         0.000000000102         0.000000000102         0.000000000103         0.000000000105         0.000000000107         0.000000000111         0.000000000117         0.000000000126         0.000000000142
       -0.000000000075        -0.000000000075        -0.000000000075        -0.000000000075        -0.000000000075        -0.000000000075        -0.000000000075        -0.000000000075        -0.000000000075        -0.000000000075        -0.000000000076        -0.000000000076        -0.000000000077        -0.000000000078        -0.000000000080        -0.000000000082        -0.000000000087        -0.000000000093        -0.000000000106
        0.000000000056         0.000000000056         0.000000000056         0.000000000056         0.000000000056         0.000000000056         0.000000000056         0.000000000056         0.000000000056         0.000000000056         0.000000000057         0.000000000057         0.000000000058         0.000000000059         0.000000000061         0.000000000065         0.000000000069         0.000000000079
       -0.000000000042        -0.000000000042        -0.000000000042        -0.000000000042        -0.000000000042        -0.000000000042        -0.000000000042        -0.000000000042        -0.000000000042        -0.000000000042        -0.000000000042        -0.000000000043        -0.000000000044        -0.000000000046        -0.000000000048        -0.000000000052        -0.000000000058
        0.000000000031         0.000000000031         0.000000000031         0.000000000031         0.000000000031         0.000000000031         0.000000000031         0.000000000031         0.000000000031         0.000000000032         0.000000000032         0.000000000033         0.000000000034         0.000000000036         0.000000000038         0.000000000044
       -0.000000000023        -0.000000000023        -0.000000000023        -0.000000000023        -0.000000000023        -0.000000000023        -0.000000000023        -0.000000000023        -0.000000000023        -0.000000000024        -0.000000000024        -0.000000000025        -0.000000000027        -0.000000000029        -0.000000000032
        0.000000000017         0.000000000017         0.000000000017         0.000000000017         0.000000000017         0.000000000017         0.000000000017         0.000000000017         0.000000000018         0.000000000018         0.000000000019         0.000000000020         0.000000000021         0.000000000024
       -0.000000000013        -0.000000000013        -0.000000000013        -0.000000000013        -0.000000000013        -0.000000000013        -0.000000000013        -0.000000000013        -0.000000000013        -0.000000000014        -0.000000000015        -0.000000000016        -0.000000000018
        0.000000000009         0.000000000010         0.000000000010         0.000000000010         0.000000000010         0.000000000010         0.000000000010         0.000000000010         0.000000000010         0.000000000011         0.000000000012         0.000000000013
       -0.000000000007        -0.000000000007        -0.000000000007        -0.000000000007        -0.000000000007        -0.000000000007        -0.000000000007        -0.000000000008        -0.000000000008        -0.000000000009        -0.000000000010
        0.000000000005         0.000000000005         0.000000000005         0.000000000005         0.000000000005         0.000000000006         0.000000000006         0.000000000006         0.000000000007         0.000000000007
       -0.000000000004        -0.000000000004        -0.000000000004        -0.000000000004        -0.000000000004        -0.000000000004        -0.000000000005        -0.000000000005        -0.000000000006
        0.000000000003         0.000000000003         0.000000000003         0.000000000003         0.000000000003         0.000000000003         0.000000000004         0.000000000004
       -0.000000000002        -0.000000000002        -0.000000000002        -0.000000000002        -0.000000000003        -0.000000000003        -0.000000000003
        0.000000000002         0.000000000002         0.000000000002         0.000000000002         0.000000000002         0.000000000002
       -0.000000000001        -0.000000000001        -0.000000000001        -0.000000000001        -0.000000000002
        0.000000000001         0.000000000001         0.000000000001         0.000000000001
       -0.000000000001        -0.000000000001        -0.000000000001
        0.000000000001         0.000000000001
       -0.000000000001
