       -0.004051821441        -0.004051777333        -0.004051671870        -0.004051503121        -0.004051270697        -0.004050975711        -0.004050620711        -0.004050209593        -0.004049747501        -0.004049240701        -0.004048696448        -0.004048122835        -0.004047528628        -0.004046923098        -0.004046315840        -0.004045716596        -0.004045135071        -0.004044580755        -0.004044062748        -0.004043589593        -0.004043169126        -0.004042808329        -0.004042513208        -0.004042288681        -0.004042138496        -0.004042065159
        0.001577247012         0.001576935161         0.001576712028         0.001576578439         0.001576533438         0.001576574405         0.001576697175         0.001576896177         0.001577164576         0.001577494433         0.001577876873         0.001578302264         0.001578760399         0.001579240690         0.001579732359         0.001580224630         0.001580706924         0.001581169036         0.001581601320         0.001581994848         0.001582341566         0.001582634432         0.001582867530         0.001583036175         0.001583136992         0.001583167967
       -0.000827351015        -0.000827436071        -0.000827490778        -0.000827517088        -0.000827516976        -0.000827492483        -0.000827445767        -0.000827379121        -0.000827294966        -0.000827195864        -0.000827084487        -0.000826963595        -0.000826836009        -0.000826704577        -0.000826572133        -0.000826441459        -0.000826315245        -0.000826196048        -0.000826086252        -0.000825988033        -0.000825903320        -0.000825833766        -0.000825780724        -0.000825745224        -0.000825727950        -0.000825729237
        0.000468016739         0.000468227027         0.000468383259         0.000468488674         0.000468546607         0.000468560647         0.000468534611         0.000468472545         0.000468378781         0.000468257822         0.000468114354         0.000467953198         0.000467779216         0.000467597300         0.000467412248         0.000467228761         0.000467051319         0.000466884130         0.000466731079         0.000466595656         0.000466480902         0.000466389369         0.000466323090         0.000466283519         0.000466271533         0.000466287387
       -0.000269203073        -0.000269450680        -0.000269630446        -0.000269746544        -0.000269803373        -0.000269805642        -0.000269758429        -0.000269667102        -0.000269537277        -0.000269374894        -0.000269186097        -0.000268977115        -0.000268754207        -0.000268523640        -0.000268291551        -0.000268063784        -0.000267845977        -0.000267643337        -0.000267460634        -0.000267302100        -0.000267171370        -0.000267071348        -0.000267004253        -0.000266971579        -0.000266974028        -0.000267011585
        0.000155629541         0.000155892221         0.000156083293         0.000156207526         0.000156270020         0.000156276107         0.000156231334         0.000156141688         0.000156013309         0.000155852555         0.000155665892         0.000155459905         0.000155241208         0.000155016165         0.000154791120         0.000154572046         0.000154364606         0.000154173938         0.000154004619         0.000153860684         0.000153745636         0.000153662224         0.000153612392         0.000153597324         0.000153617343         0.000153671955
       -0.000089882672        -0.000090143716        -0.000090331815        -0.000090452283        -0.000090510660        -0.000090512727        -0.000090464539        -0.000090372271        -0.000090242463        -0.000090081672        -0.000089896623        -0.000089693990        -0.000089480494        -0.000089262691        -0.000089046738        -0.000088838635        -0.000088643904        -0.000088467558        -0.000088314028        -0.000088187037        -0.000088089587        -0.000088024128        -0.000087992253        -0.000087994749        -0.000088031590        -0.000088101891
        0.000052040749         0.000052294789         0.000052476034         0.000052590174         0.000052643122         0.000052640839         0.000052589695         0.000052496110         0.000052366862         0.000052208622         0.000052028173         0.000051832301         0.000051627520         0.000051420333         0.000051216807         0.000051022721         0.000050843423         0.000050683838         0.000050548110         0.000050439648         0.000050361029         0.000050314157         0.000050300147         0.000050319377         0.000050371475         0.000050455165
       -0.000030333354        -0.000030575575        -0.000030744964        -0.000030847630        -0.000030889832        -0.000030877918        -0.000030818404        -0.000030718136        -0.000030584002        -0.000030422902        -0.000030241722        -0.000030047347        -0.000029846412        -0.000029645218        -0.000029449878        -0.000029266035        -0.000029098657        -0.000028952188        -0.000028830727        -0.000028737553        -0.000028675037        -0.000028644731        -0.000028647364        -0.000028682776        -0.000028750130        -0.000028847736
        0.000017936376         0.000018162386         0.000018315552         0.000018402236         0.000018429137         0.000018402817         0.000018330308         0.000018218608         0.000018074835         0.000017906156         0.000017719702         0.000017522464         0.000017321085         0.000017122046         0.000016931327         0.000016754482         0.000016596333         0.000016461056         0.000016352412         0.000016273504         0.000016226407         0.000016212304         0.000016231537         0.000016283557         0.000016367042         0.000016479828
       -0.000010803464        -0.000011008159        -0.000011139794        -0.000011205234        -0.000011211326        -0.000011165267        -0.000011074296        -0.000010945766        -0.000010787162        -0.000010605939        -0.000010409446        -0.000010204764        -0.000009998811        -0.000009798077        -0.000009608615        -0.000009435864        -0.000009284596        -0.000009158833        -0.000009062052        -0.000008997020        -0.000008965438        -0.000008968091        -0.000009004907        -0.000009074932        -0.000009176339        -0.000009306480
        0.000006587647         0.000006765895         0.000006870979         0.000006910071         0.000006890504         0.000006819840         0.000006705732         0.000006556023         0.000006378517         0.000006180956         0.000005970966         0.000005755884         0.000005542777         0.000005338261         0.000005148323         0.000004978311         0.000004832893         0.000004716059         0.000004631056         0.000004580286         0.000004565088         0.000004585779         0.000004641814         0.000004731741         0.000004853210         0.000005002938
       -0.000003938517        -0.000004085270        -0.000004158893        -0.000004166977        -0.000004117301        -0.000004017854        -0.000003876837        -0.000003702476        -0.000003502971        -0.000003286425        -0.000003060765        -0.000002833609        -0.000002612147        -0.000002403005        -0.000002212169        -0.000002044873        -0.000001905706        -0.000001798506        -0.000001726296        -0.000001691127        -0.000001693930        -0.000001734555        -0.000001811911        -0.000001923965        -0.000002067743        -0.000002239375
        0.000002100810         0.000002211252         0.000002248936         0.000002221897         0.000002138390         0.000002006915         0.000001836124         0.000001634706         0.000001411279         0.000001174300         0.000000932033         0.000000692285         0.000000462331         0.000000248887         0.000000057923        -0.000000105391        -0.000000236667        -0.000000332344        -0.000000389717        -0.000000407113        -0.000000384046        -0.000000321164        -0.000000220163        -0.000000083703         0.000000084599         0.000000280210
       -0.000000664577        -0.000000734240        -0.000000731991        -0.000000666308        -0.000000545980        -0.000000379975        -0.000000177457         0.000000052468         0.000000300774         0.000000558616         0.000000817525         0.000001069495         0.000001307105         0.000001523581         0.000001712977         0.000001870244         0.000001991260         0.000002072878         0.000002112777         0.000002109749         0.000002063814         0.000001976188         0.000001849166         0.000001686093         0.000001491284         0.000001269987
       -0.000000582358        -0.000000557416        -0.000000603022        -0.000000710201        -0.000000869643        -0.000001071851        -0.000001307234        -0.000001566263        -0.000001839499        -0.000002117828        -0.000002392548        -0.000002655460        -0.000002899036        -0.000003116520        -0.000003302049        -0.000003450726        -0.000003558783        -0.000003623496        -0.000003643045        -0.000003616771        -0.000003545296        -0.000003430420        -0.000003275113        -0.000003083448        -0.000002860478        -0.000002612221
        0.000001742750         0.000001765890         0.000001857636         0.000002008485         0.000002208572         0.000002447947         0.000002716574         0.000003004511         0.000003301993         0.000003599623         0.000003888502         0.000004160308         0.000004407513         0.000004623441         0.000004802349         0.000004939597         0.000005031765         0.000005076594         0.000005072841         0.000005020500         0.000004920829         0.000004776310         0.000004590650         0.000004368670         0.000004116219         0.000003840091
       -0.000002860872        -0.000002934820        -0.000003074813        -0.000003270789        -0.000003512394        -0.000003789189        -0.000004090729        -0.000004406690        -0.000004726994        -0.000005042023        -0.000005342752        -0.000005620845        -0.000005868836        -0.000006080173        -0.000006249341        -0.000006372010        -0.000006445158        -0.000006467010        -0.000006436982        -0.000006355764        -0.000006225333        -0.000006048936        -0.000005831039        -0.000005577265        -0.000005294279        -0.000004989660
        0.000003951298         0.000004078120         0.000004267797         0.000004509728         0.000004793047         0.000005106873         0.000005440345         0.000005782786         0.000006123878         0.000006453856         0.000006763648         0.000007044967         0.000007290457         0.000007493778         0.000007649736         0.000007754404         0.000007805190         0.000007800869         0.000007741558         0.000007628697         0.000007465054         0.000007254672         0.000007002829         0.000006715989         0.000006401626         0.000006068136
       -0.000005014510        -0.000005195652        -0.000005435837        -0.000005723905        -0.000006048534        -0.000006398380        -0.000006762205        -0.000007129050        -0.000007488421        -0.000007830469        -0.000008146129        -0.000008427216        -0.000008666553        -0.000008858112        -0.000008997127        -0.000009080134        -0.000009105051        -0.000009071277        -0.000008979665        -0.000008832460        -0.000008633245        -0.000008386902        -0.000008099583        -0.000007778579        -0.000007432214        -0.000007069679
        0.000006045143         0.000006281453         0.000006572346         0.000006906159         0.000007271092         0.000007655391         0.000008047495         0.000008436221         0.000008810949         0.000009161797         0.000009479767         0.000009756829         0.000009986085         0.000010161922         0.000010280065         0.000010337595         0.000010333052         0.000010266511         0.000010139614         0.000009955430         0.000009718389         0.000009434282         0.000009110123         0.000008754076         0.000008375289         0.000007983765
       -0.000007036050        -0.000007327764        -0.000007669001        -0.000008047580        -0.000008451278        -0.000008867972        -0.000009285830        -0.000009693485        -0.000010080245        -0.000010436270        -0.000010752671        -0.000011021665        -0.000011236729        -0.000011392735        -0.000011485966        -0.000011514156        -0.000011476536        -0.000011373945        -0.000011208841        -0.000010985142        -0.000010708195        -0.000010384692        -0.000010022555        -0.000009630800        -0.000009219421        -0.000008799209
        0.000007980159         0.000008326951         0.000008717585         0.000009139422         0.000009579843         0.000010026401         0.000010467028         0.000010890233         0.000011285337         0.000011642584         0.000011953280         0.000012209975         0.000012406605         0.000012538582         0.000012602839         0.000012597828         0.000012523566         0.000012381717         0.000012175589         0.000011910013         0.000011591261         0.000011226962         0.000010825931         0.000010398066         0.000009954181         0.000009505823
       -0.000008871267        -0.000009272223        -0.000009710773        -0.000010173838        -0.000010648439        -0.000011121836        -0.000011581790        -0.000012016782        -0.000012416193        -0.000012770424        -0.000013071063        -0.000013311083        -0.000013484934        -0.000013588657        -0.000013619887        -0.000013577873        -0.000013463496        -0.000013279298        -0.000013029502        -0.000012719878        -0.000012357654        -0.000011951390        -0.000011510821        -0.000011046701        -0.000010570650        -0.000010094945
        0.000009704219         0.000010157879         0.000010642320         0.000011144056         0.000011649769         0.000012146500         0.000012621933         0.000013064579         0.000013463945         0.000013810669         0.000014096717         0.000014315552         0.000014462224         0.000014533451         0.000014527641         0.000014444917         0.000014287077         0.000014057612         0.000013761700         0.000013406083         0.000012998954         0.000012549823         0.000012069326         0.000011569069         0.000011061463         0.000010559499
       -0.000010474897        -0.000010979241        -0.000011506999        -0.000012044302        -0.000012577561        -0.000013093692        -0.000013580369        -0.000014026195        -0.000014420872        -0.000014755379        -0.000015022136        -0.000015215178        -0.000015330214        -0.000015364706        -0.000015317919        -0.000015190891        -0.000014986403        -0.000014708944        -0.000014364689        -0.000013961371        -0.000013508164        -0.000013015519        -0.000012494970        -0.000011958974        -0.000011420692        -0.000010893758
        0.000011180061         0.000011732500         0.000012300443         0.000012869697         0.000013426492         0.000013957687         0.000014451009         0.000014895217         0.000015280312         0.000015597692         0.000015840321         0.000016002871         0.000016081781         0.000016075345         0.000015983727         0.000015808942         0.000015554801         0.000015226833         0.000014832240         0.000014379766         0.000013879564         0.000013343024         0.000012782589         0.000012211504         0.000011643611         0.000011093110
       -0.000011817175        -0.000012414559        -0.000013019031        -0.000013616159        -0.000014192061        -0.000014733604        -0.000015228627        -0.000015666146        -0.000016036541        -0.000016331719        -0.000016545264        -0.000016672561        -0.000016710867        -0.000016659364        -0.000016519173        -0.000016293339        -0.000015986737        -0.000015605974        -0.000015159295        -0.000014656464        -0.000014108619        -0.000013528105        -0.000012928196        -0.000012322861        -0.000011726556        -0.000011153952
        0.000012384269         0.000013022916         0.000013659788         0.000014280283         0.000014870471         0.000015417284         0.000015908768         0.000016334280         0.000016684670         0.000016952436         0.000017131858         0.000017219129         0.000017212388         0.000017111763         0.000016919397         0.000016639400         0.000016277752         0.000015842148         0.000015341893         0.000014787781         0.000014191956         0.000013567636         0.000012928865         0.000012290288         0.000011666895         0.000011073750
       -0.000012879849        -0.000013555591        -0.000014220291        -0.000014859238        -0.000015458512        -0.000016005204        -0.000016487650        -0.000016895633        -0.000017220562        -0.000017455607        -0.000017595842        -0.000017638335        -0.000017582169        -0.000017428493        -0.000017180515        -0.000016843456        -0.000016424409        -0.000015932177        -0.000015377139        -0.000014771144        -0.000014127259        -0.000013459523        -0.000012782715        -0.000012112091        -0.000011463117        -0.000010851222
        0.000013302833         0.000014011047         0.000014698579         0.000015350674         0.000015953508         0.000016494410         0.000016962097         0.000017346867         0.000017640772         0.000017837751         0.000017933746         0.000017926763         0.000017816911         0.000017606410         0.000017299590         0.000016902799         0.000016424264         0.000015873906         0.000015263209         0.000014604997         0.000013913221         0.000013202714         0.000012488944         0.000011787727         0.000011114975         0.000010486402
       -0.000013652497        -0.000014388121        -0.000015093092        -0.000015752686        -0.000016353260        -0.000016882468        -0.000017329498        -0.000017685254        -0.000017942522        -0.000018096094        -0.000018142843        -0.000018081799        -0.000017914151        -0.000017643256        -0.000017274593        -0.000016815666        -0.000016275848        -0.000015666208        -0.000014999261        -0.000014288778        -0.000013549572        -0.000012797244        -0.000012047905        -0.000011317898        -0.000010623495        -0.000009980586
        0.000013928421         0.000014685985         0.000015402638         0.000016063775         0.000016656016         0.000017167436         0.000017587782         0.000017908659         0.000018123674         0.000018228536         0.000018221140         0.000018101597         0.000017872248         0.000017537625         0.000017104389         0.000016581223         0.000015978675         0.000015308898         0.000014585415         0.000013822934         0.000013037116         0.000012244286         0.000011461162         0.000010704522         0.000009990884         0.000009336197
       -0.000014130472        -0.000014904125        -0.000015626380        -0.000016282833        -0.000016860462        -0.000017347854        -0.000017735411        -0.000018015525        -0.000018182701        -0.000018233651        -0.000018167354        -0.000017985079        -0.000017690360        -0.000017288948        -0.000016788721        -0.000016199567        -0.000015533161        -0.000014802721        -0.000014022780        -0.000013208971        -0.000012377764        -0.000011546172        -0.000010731421        -0.000009950611        -0.000009220385        -0.000008556639
        0.000014258780         0.000015042334         0.000015763822         0.000016409138         0.000016965715         0.000017422742         0.000017771370         0.000018004860         0.000018118697         0.000018110670         0.000017980915         0.000017731911         0.000017368437         0.000016897497         0.000016328217         0.000015671660         0.000014940619         0.000014149384         0.000013313487         0.000012449457         0.000011574530         0.000010706305         0.000009862406         0.000009060134         0.000008316151         0.000007646184
       -0.000014313744        -0.000015100702        -0.000015814812        -0.000016442361        -0.000016971326        -0.000017391600        -0.000017695166        -0.000017876241        -0.000017931368        -0.000017859489        -0.000017661956        -0.000017342510        -0.000016907216        -0.000016364369        -0.000015724326        -0.000014999327        -0.000014203292        -0.000013351578        -0.000012460691        -0.000011548008        -0.000010631432        -0.000009729039        -0.000008858737        -0.000008037920        -0.000007283164        -0.000006609911
        0.000014296023         0.000015079627         0.000015779548         0.000016382558         0.000016877282         0.000017254405         0.000017506833         0.000017629818         0.000017621043         0.000017480666         0.000017211314         0.000016818037         0.000016308224         0.000015691456         0.000014979336         0.000014185290         0.000013324368         0.000012412974         0.000011468537         0.000010509185         0.000009553385         0.000008619579         0.000007725853         0.000006889599         0.000006127193         0.000005453695
       -0.000014206544        -0.000014979817        -0.000015658577        -0.000016230186        -0.000016684012        -0.000017011622        -0.000017206935        -0.000017266320        -0.000017188671        -0.000016975424        -0.000016630534        -0.000016160399        -0.000015573744        -0.000014881455        -0.000014096390        -0.000013233176        -0.000012307975        -0.000011338183        -0.000010342066        -0.000009338403        -0.000008346118        -0.000007383922        -0.000006469984        -0.000005621588        -0.000004854818        -0.000004184216
        0.000014046502         0.000014802285         0.000015452800         0.000015986099         0.000016392387         0.000016664210         0.000016796578         0.000016787061         0.000016635829         0.000016345658         0.000015921869         0.000015372233         0.000014706835         0.000013937883         0.000013079505         0.000012147512         0.000011159130         0.000010132670         0.000009087139         0.000008041867         0.000007016141         0.000006028850         0.000005098146         0.000004241119         0.000003473420         0.000002809032
       -0.000013817354        -0.000014548354        -0.000015163474        -0.000015651553        -0.000016003732        -0.000016213621        -0.000016277410        -0.000016193944        -0.000015964731        -0.000015593929        -0.000015088266        -0.000014456919        -0.000013711348        -0.000012865098        -0.000011933556        -0.000010933675        -0.000009883675        -0.000008802694        -0.000007710388        -0.000006626550        -0.000005570742        -0.000004561933        -0.000003618182        -0.000002756231        -0.000001991288        -0.000001336473
        0.000013520825         0.000014219662         0.000014792216         0.000015228214         0.000015519824         0.000015661813         0.000015651632         0.000015489466         0.000015178212         0.000014723463         0.000014133389         0.000013418593         0.000012591928         0.000011668271         0.000010664225         0.000009597827         0.000008488213         0.000007355267         0.000006219207         0.000005100204         0.000004018002         0.000002991578         0.000002038736         0.000001175890         0.000000417440        -0.000000223833
       -0.000013158903        -0.000013818158        -0.000014341004        -0.000014718153        -0.000014942898        -0.000015011249        -0.000014921993        -0.000014676705        -0.000014279740        -0.000013738165        -0.000013061620        -0.000012262149        -0.000011354002        -0.000010353345        -0.000009277953        -0.000008146876        -0.000006980095        -0.000005798157        -0.000004621765        -0.000003471373        -0.000002366838        -0.000001326981        -0.000000369392         0.000000490261         0.000001237701         0.000001861966
        0.000012733837         0.000013346099         0.000013812170         0.000014123849         0.000014275648         0.000014264898         0.000014091778         0.000013759334         0.000013273426         0.000012642622         0.000011878055         0.000010993219         0.000010003723         0.000008926988         0.000007781901         0.000006588459         0.000005367414         0.000004139902         0.000002927015         0.000001749430         0.000000626943        -0.000000421716        -0.000001379638        -0.000002231067        -0.000002963678        -0.000003563897
       -0.000012248135        -0.000012806049        -0.000013208407        -0.000013448194        -0.000013521225        -0.000013426215        -0.000013164825        -0.000012741626        -0.000012164014        -0.000011442090        -0.000010588485        -0.000009618122        -0.000008547940        -0.000007396568        -0.000006183944        -0.000004930945        -0.000003659023        -0.000002389810        -0.000001144730         0.000000055498         0.000001191046         0.000002243800         0.000003196547         0.000004035606         0.000004745228         0.000005318936
        0.000011704552         0.000012200874         0.000012532762         0.000012694481         0.000012683213         0.000012499162         0.000012145526         0.000011628442         0.000010956873         0.000010142469         0.000009199347         0.000008143838         0.000006994178         0.000005770147         0.000004492674         0.000003183446         0.000001864526         0.000000557990        -0.000000714591        -0.000001932345        -0.000003075986        -0.000004126886        -0.000005070015        -0.000005887482        -0.000006571848        -0.000007095284
       -0.000011106092        -0.000011533740        -0.000011788632        -0.000011866383        -0.000011765656        -0.000011488204        -0.000011038812        -0.000010425215        -0.000009657968        -0.000008750264        -0.000007717702        -0.000006577993        -0.000005350627        -0.000004056480        -0.000002717400        -0.000001355802         0.000000005693         0.000001344752         0.000002639527         0.000003869609         0.000005014995         0.000006059327         0.000006982619         0.000007776435         0.000008407959         0.000008890849
        0.000010455999         0.000010808104         0.000010979737         0.000010967978         0.000010773046         0.000010398293         0.000009850129         0.000009137920         0.000008273818         0.000007272564         0.000006151222         0.000004928855         0.000003626149         0.000002265012         0.000000868131        -0.000000541402        -0.000001940596        -0.000003306717        -0.000004618290        -0.000005853994        -0.000006996170        -0.000008022789        -0.000008924395        -0.000009663335        -0.000010255486        -0.000010591136
       -0.000009757747        -0.000010027688        -0.000010110142        -0.000010003739        -0.000009710304        -0.000009234838        -0.000008585413        -0.000007773040        -0.000006811484        -0.000005717033        -0.000004508192        -0.000003205325        -0.000001830262        -0.000000405856         0.000001044412         0.000002496965         0.000003928279         0.000005315902         0.000006637255         0.000007873415         0.000009000381         0.000010007650         0.000010852915         0.000011554054         0.000011983924         0.000012304110
        0.000009015016         0.000009196501         0.000009184251         0.000008978506         0.000008582753         0.000008003682         0.000007251055         0.000006337554         0.000005278565         0.000004091908         0.000002797492         0.000001416929        -0.000000026891        -0.000001510207        -0.000003008940        -0.000004498854        -0.000005956602        -0.000007358442        -0.000008684226        -0.000009908066        -0.000011018395        -0.000011968458        -0.000012777898        -0.000013302935        -0.000013725568        -0.000013797792
       -0.000008231711        -0.000008318827        -0.000008206774        -0.000007897461        -0.000007396087        -0.000006711068        -0.000005853891        -0.000004838929        -0.000003683187        -0.000002405984        -0.000001028585         0.000000426227         0.000001934537         0.000003471873         0.000005013372         0.000006534871         0.000008011548         0.000009422103         0.000010738850         0.000011949144         0.000013002027         0.000013918649         0.000014539485         0.000015065503         0.000015191308         0.000013252058
        0.000007411950         0.000007399196         0.000007182700         0.000006766099         0.000006156348         0.000005363635         0.000004401204         0.000003285124         0.000002033994         0.000000668593        -0.000000788532        -0.000002313456        -0.000003881436        -0.000005467091        -0.000007045527        -0.000008590932        -0.000010080913        -0.000011486108        -0.000012792783        -0.000013946039        -0.000014968272        -0.000015685205        -0.000016315197        -0.000016498067        -0.000014595515
       -0.000006560032        -0.000006442353        -0.000006117272        -0.000005590203        -0.000004869918        -0.000003968416        -0.000002900714        -0.000001684561        -0.000000340116         0.000001110449         0.000002643330         0.000004233653         0.000005855643         0.000007483775         0.000009091345         0.000010654937         0.000012143631         0.000013542609         0.000014793319         0.000015919125         0.000016732089         0.000017466273         0.000017709628         0.000015856656
        0.000005680412         0.000005453238         0.000005015961         0.000004375845         0.000003543523         0.000002532835         0.000001360558         0.000000046100        -0.000001388882        -0.000002920846        -0.000004524917        -0.000006175060        -0.000007845241        -0.000009507973        -0.000011138895        -0.000012705661        -0.000014192369        -0.000015537140        -0.000016764004        -0.000017672546        -0.000018510746        -0.000018817909        -0.000017027164
       -0.000004777672        -0.000004436959        -0.000003884473        -0.000003129383        -0.000002184225        -0.000001064677         0.000000210740         0.000001621015         0.000003143010         0.000004751989         0.000006421795         0.000008126004         0.000009836477         0.000011527993         0.000013166926         0.000014736306         0.000016171261         0.000017496186         0.000018499455         0.000019441073         0.000019815233         0.000018099074
        0.000003856509         0.000003398799         0.000002728743         0.000001857462         0.000000799398        -0.000000427939        -0.000001804329        -0.000003307172        -0.000004912016        -0.000006592721        -0.000008322608        -0.000010073014        -0.000011817958        -0.000013522689        -0.000015169193        -0.000016689974        -0.000018109473        -0.000019206203        -0.000020250207        -0.000020694380        -0.000019064824
       -0.000002921737        -0.000002344222        -0.000001554938        -0.000000566977         0.000000603308         0.000001936620         0.000003411041         0.000005002545         0.000006685155         0.000008432072         0.000010214252         0.000012005060         0.000013768781         0.000015486381         0.000017088139         0.000018598231         0.000019786727         0.000020931636         0.000021448640         0.000019917303
        0.000001978288         0.000001278858         0.000000369422        -0.000000734949        -0.000002016023        -0.000003452709        -0.000005021549        -0.000006696876        -0.000008451914        -0.000010257387        -0.000012086122        -0.000013901613        -0.000015683832        -0.000017361239        -0.000018957436        -0.000020235555        -0.000021479425        -0.000022071845        -0.000020649901
       -0.000001031213        -0.000000208485         0.000000821273         0.000002041028         0.000003430665         0.000004967440         0.000006626144         0.000008380171         0.000010200167         0.000012058543         0.000013918193         0.000015758128         0.000017505403         0.000019182722         0.000020547854         0.000021888259         0.000022558414         0.000021256543
        0.000000085645        -0.000000861009        -0.000002010498        -0.000003343819        -0.000004839092        -0.000006471723        -0.000008215420        -0.000010040912        -0.000011920325        -0.000013816149        -0.000015706484        -0.000017517414        -0.000019270403        -0.000020719476        -0.000022153487        -0.000022903394        -0.000021731729
        0.000000853219         0.000001923669         0.000003191504         0.000004635856         0.000006232895         0.000007956797         0.000009778537         0.000011670094         0.000013593761         0.000015526782         0.000017394725         0.000019217481         0.000020746979         0.000022271171         0.000023102506         0.000022070563
       -0.000001780170        -0.000002973493        -0.000004357563        -0.000005909470        -0.000007604010        -0.000009412571        -0.000011307125        -0.000013249981        -0.000015217596        -0.000017135490        -0.000019021662        -0.000020627629        -0.000022238106        -0.000023152187        -0.000022268799
        0.000002690000         0.000004004538         0.000005501797         0.000007157351         0.000008943165         0.000010831353         0.000012784455         0.000014778220         0.000016738599         0.000018681386         0.000020359419         0.000022051818         0.000023049604         0.000022322893
       -0.000003577596        -0.000005010766        -0.000006617696        -0.000008371104        -0.000010243386        -0.000012197540        -0.000014208684        -0.000016203698        -0.000018195864        -0.000019941100        -0.000021710580        -0.000022792655        -0.000022230021
        0.000004437812         0.000005986516         0.000007697802         0.000009544508         0.000011490305         0.000013509772         0.000015531209         0.000017565101         0.000019372219         0.000021213452         0.000022379983         0.000021988078
       -0.000005265866        -0.000006925315        -0.000008736681        -0.000010664542        -0.000012683022        -0.000014722341        -0.000016789911        -0.000018653137        -0.000020560311        -0.000021811015        -0.000021595687
        0.000006056326         0.000007822545         0.000009722754         0.000011730728         0.000013779097         0.000015871930         0.000017785050         0.000019751873         0.000021085992         0.000021052227
       -0.000006805409        -0.000008668166        -0.000010655939        -0.000012704264        -0.000014813616        -0.000016769993        -0.000018789710        -0.000020205988        -0.000020357865
        0.000007504705         0.000009462452         0.000011501414         0.000013618244         0.000015610844         0.000017676259         0.000019172927         0.000019513576
       -0.000008154804        -0.000010174901        -0.000012289898        -0.000014311312        -0.000016414812        -0.000017989585        -0.000018521156
        0.000008729839         0.000010833472         0.000012875932         0.000015009516         0.000016659586         0.000017383238
       -0.000009254641        -0.000011310062        -0.000013465355        -0.000015187397        -0.000016103274
        0.000009619852         0.000011788152         0.000013578306         0.000014685538
       -0.000009984537        -0.000011838427        -0.000013135108
        0.000009974666         0.000011457864
       -0.000009660455
