       -0.017021004641        -0.017021004660        -0.017021004671        -0.017021004676        -0.017021004679        -0.017021004681        -0.017021004681        -0.017021004682        -0.017021004682        -0.017021004682        -0.017021004682        -0.017021004682        -0.017021004682        -0.017021004682        -0.017021004682        -0.017021004682        -0.017021004682        -0.017021004682        -0.017021004682        -0.017021004682        -0.017021004682        -0.017021004682        -0.017021004682        -0.017021004682        -0.017021004682        -0.017021004682
        0.011760264736         0.011760264764         0.011760264779         0.011760264787         0.011760264791         0.011760264793         0.011760264795         0.011760264795         0.011760264796         0.011760264796         0.011760264796         0.011760264796         0.011760264796         0.011760264796         0.011760264796         0.011760264796         0.011760264796         0.011760264796         0.011760264796         0.011760264796         0.011760264796         0.011760264796         0.011760264796         0.011760264796         0.011760264796         0.011760264796
       -0.008459860733        -0.008459860763        -0.008459860780        -0.008459860788        -0.008459860793        -0.008459860795        -0.008459860796        -0.008459860797        -0.008459860797        -0.008459860798        -0.008459860798        -0.008459860798        -0.008459860798        -0.008459860798        -0.008459860798        -0.008459860798        -0.008459860798        -0.008459860798        -0.008459860798        -0.008459860798        -0.008459860798        -0.008459860798        -0.008459860798        -0.008459860798        -0.008459860798        -0.008459860798
        0.006043137373         0.006043137403         0.006043137418         0.006043137427         0.006043137431         0.006043137434         0.006043137435         0.006043137436         0.006043137436         0.006043137436         0.006043137436         0.006043137436         0.006043137436         0.006043137436         0.006043137436         0.006043137436         0.006043137436         0.006043137436         0.006043137436         0.006043137436         0.006043137436         0.006043137436         0.006043137436         0.006043137436         0.006043137436         0.006043137436
       -0.004316217779        -0.004316217806        -0.004316217819        -0.004316217826        -0.004316217830        -0.004316217831        -0.004316217832        -0.004316217833        -0.004316217834        -0.004316217834        -0.004316217835        -0.004316217836        -0.004316217835        -0.004316217833        -0.004316217835        -0.004316217836        -0.004316217836        -0.004316217835        -0.004316217835        -0.004316217835        -0.004316217833        -0.004316217835        -0.004316217836        -0.004316217835        -0.004316217835        -0.004316217836
        0.003091580268         0.003091580291         0.003091580312         0.003091580309         0.003091580322         0.003091580323         0.003091580324         0.003091580325         0.003091580316         0.003091580326         0.003091580317         0.003091580317         0.003091580326         0.003091580326         0.003091580317         0.003091580317         0.003091580317         0.003091580326         0.003091580317         0.003091580326         0.003091580326         0.003091580317         0.003091580317         0.003091580326         0.003091580317         0.003091580317
       -0.002222262488        -0.002222262514        -0.002222262525        -0.002222262531        -0.002222262540        -0.002222262542        -0.002222262542        -0.002222262536        -0.002222262536        -0.002222262536        -0.002222262531        -0.002222262537        -0.002222262543        -0.002222262537        -0.002222262530        -0.002222262531        -0.002222262537        -0.002222262537        -0.002222262537        -0.002222262543        -0.002222262537        -0.002222262531        -0.002222262537        -0.002222262536        -0.002222262530        -0.002222262531
        0.001602761010         0.001602761031         0.001602761034         0.001602761044         0.001602761045         0.001602761046         0.001602761048         0.001602761043         0.001602761049         0.001602761045         0.001602761045         0.001602761048         0.001602761048         0.001602761045         0.001602761046         0.001602761044         0.001602761049         0.001602761044         0.001602761048         0.001602761048         0.001602761045         0.001602761045         0.001602761049         0.001602761044         0.001602761046         0.001602761045
       -0.001159328878        -0.001159328884        -0.001159328885        -0.001159328894        -0.001159328889        -0.001159328897        -0.001159328892        -0.001159328899        -0.001159328905        -0.001159328894        -0.001159328899        -0.001159328904        -0.001159328899        -0.001159328901        -0.001159328901        -0.001159328906        -0.001159328899        -0.001159328893        -0.001159328905        -0.001159328899        -0.001159328894        -0.001159328906        -0.001159328905        -0.001159328901        -0.001159328901        -0.001159328899
        0.000840627144         0.000840627146         0.000840627147         0.000840627155         0.000840627156         0.000840627152         0.000840627158         0.000840627167         0.000840627162         0.000840627153         0.000840627172         0.000840627171         0.000840627162         0.000840627158         0.000840627172         0.000840627166         0.000840627158         0.000840627163         0.000840627171         0.000840627153         0.000840627163         0.000840627176         0.000840627171         0.000840627157         0.000840627162         0.000840627162
       -0.000610768809        -0.000610768812        -0.000610768814        -0.000610768831        -0.000610768818        -0.000610768822        -0.000610768828        -0.000610768824        -0.000610768821        -0.000610768828        -0.000610768845        -0.000610768837        -0.000610768817        -0.000610768828        -0.000610768834        -0.000610768828        -0.000610768832        -0.000610768835        -0.000610768828        -0.000610768822        -0.000610768835        -0.000610768844        -0.000610768826        -0.000610768817        -0.000610768828        -0.000610768839
        0.000444503905         0.000444503910         0.000444503923         0.000444503924         0.000444503918         0.000444503921         0.000444503913         0.000444503910         0.000444503923         0.000444503931         0.000444503940         0.000444503919         0.000444503911         0.000444503916         0.000444503923         0.000444503930         0.000444503934         0.000444503921         0.000444503923         0.000444503920         0.000444503929         0.000444503925         0.000444503910         0.000444503910         0.000444503935         0.000444503942
       -0.000323949003        -0.000323949018        -0.000323949018        -0.000323949023        -0.000323949015        -0.000323949005        -0.000323948997        -0.000323949008        -0.000323949022        -0.000323949025        -0.000323949019        -0.000323949008        -0.000323948997        -0.000323949003        -0.000323949022        -0.000323949030        -0.000323949019        -0.000323949014        -0.000323949017        -0.000323949012        -0.000323949008        -0.000323949005        -0.000323949000        -0.000323949014        -0.000323949036        -0.000323949035
        0.000236363670         0.000236363674         0.000236363677         0.000236363679         0.000236363660         0.000236363650         0.000236363655         0.000236363668         0.000236363676         0.000236363666         0.000236363667         0.000236363653         0.000236363645         0.000236363663         0.000236363681         0.000236363675         0.000236363671         0.000236363667         0.000236363667         0.000236363653         0.000236363650         0.000236363653         0.000236363662         0.000236363676         0.000236363690         0.000236363683
       -0.000172626452        -0.000172626457        -0.000172626458        -0.000172626449        -0.000172626431        -0.000172626432        -0.000172626439        -0.000172626446        -0.000172626443        -0.000172626440        -0.000172626436        -0.000172626425        -0.000172626430        -0.000172626447        -0.000172626452        -0.000172626451        -0.000172626448        -0.000172626443        -0.000172626433        -0.000172626421        -0.000172626424        -0.000172626438        -0.000172626448        -0.000172626456        -0.000172626462        -0.000172626452
        0.000126180166         0.000126180169         0.000126180160         0.000126180150         0.000126180143         0.000126180146         0.000126180149         0.000126180147         0.000126180148         0.000126180142         0.000126180139         0.000126180139         0.000126180145         0.000126180152         0.000126180159         0.000126180159         0.000126180154         0.000126180142         0.000126180133         0.000126180128         0.000126180140         0.000126180154         0.000126180159         0.000126180162         0.000126180163         0.000126180152
       -0.000092295067        -0.000092295062        -0.000092295052        -0.000092295050        -0.000092295046        -0.000092295046        -0.000092295043        -0.000092295043        -0.000092295041        -0.000092295036        -0.000092295041        -0.000092295043        -0.000092295043        -0.000092295051        -0.000092295057        -0.000092295054        -0.000092295044        -0.000092295034        -0.000092295030        -0.000092295033        -0.000092295046        -0.000092295055        -0.000092295056        -0.000092295055        -0.000092295053        -0.000092295043
        0.000067550042         0.000067550036         0.000067550033         0.000067550032         0.000067550027         0.000067550022         0.000067550021         0.000067550020         0.000067550018         0.000067550020         0.000067550025         0.000067550023         0.000067550024         0.000067550031         0.000067550034         0.000067550027         0.000067550018         0.000067550012         0.000067550015         0.000067550020         0.000067550029         0.000067550034         0.000067550032         0.000067550030         0.000067550026         0.000067550016
       -0.000049464817        -0.000049464816        -0.000049464814        -0.000049464812        -0.000049464804        -0.000049464801        -0.000049464799        -0.000049464798        -0.000049464801        -0.000049464803        -0.000049464804        -0.000049464804        -0.000049464806        -0.000049464810        -0.000049464808        -0.000049464802        -0.000049464796        -0.000049464796        -0.000049464801        -0.000049464804        -0.000049464809        -0.000049464811        -0.000049464808        -0.000049464804        -0.000049464801        -0.000049464792
        0.000036237738         0.000036237737         0.000036237735         0.000036237730         0.000036237725         0.000036237722         0.000036237720         0.000036237722         0.000036237725         0.000036237725         0.000036237727         0.000036237727         0.000036237727         0.000036237727         0.000036237725         0.000036237722         0.000036237721         0.000036237723         0.000036237726         0.000036237727         0.000036237729         0.000036237729         0.000036237726         0.000036237722         0.000036237718         0.000036237711
       -0.000026557976        -0.000026557974        -0.000026557970        -0.000026557967        -0.000026557962        -0.000026557959        -0.000026557960        -0.000026557963        -0.000026557963        -0.000026557964        -0.000026557966        -0.000026557965        -0.000026557963        -0.000026557962        -0.000026557962        -0.000026557962        -0.000026557962        -0.000026557963        -0.000026557965        -0.000026557964        -0.000026557965        -0.000026557964        -0.000026557961        -0.000026557957        -0.000026557954        -0.000026557947
        0.000019470522         0.000019470519         0.000019470516         0.000019470512         0.000019470508         0.000019470508         0.000019470510         0.000019470511         0.000019470512         0.000019470512         0.000019470513         0.000019470511         0.000019470509         0.000019470509         0.000019470511         0.000019470512         0.000019470512         0.000019470512         0.000019470512         0.000019470511         0.000019470511         0.000019470509         0.000019470506         0.000019470503         0.000019470499         0.000019470495
       -0.000014278806        -0.000014278804        -0.000014278801        -0.000014278798        -0.000014278797        -0.000014278797        -0.000014278797        -0.000014278798        -0.000014278799        -0.000014278800        -0.000014278799        -0.000014278797        -0.000014278796        -0.000014278797        -0.000014278799        -0.000014278800        -0.000014278799        -0.000014278799        -0.000014278798        -0.000014278797        -0.000014278796        -0.000014278795        -0.000014278792        -0.000014278788        -0.000014278786        -0.000014278784
        0.000010474269         0.000010474267         0.000010474264         0.000010474263         0.000010474262         0.000010474262         0.000010474262         0.000010474263         0.000010474264         0.000010474263         0.000010474262         0.000010474261         0.000010474261         0.000010474263         0.000010474264         0.000010474264         0.000010474264         0.000010474262         0.000010474262         0.000010474260         0.000010474259         0.000010474258         0.000010474255         0.000010474253         0.000010474252         0.000010474251
       -0.000007685305        -0.000007685303        -0.000007685302        -0.000007685301        -0.000007685300        -0.000007685300        -0.000007685301        -0.000007685301        -0.000007685301        -0.000007685300        -0.000007685299        -0.000007685299        -0.000007685300        -0.000007685301        -0.000007685302        -0.000007685302        -0.000007685301        -0.000007685299        -0.000007685298        -0.000007685297        -0.000007685296        -0.000007685295        -0.000007685293        -0.000007685292        -0.000007685291        -0.000007685290
        0.000005640193         0.000005640193         0.000005640192         0.000005640191         0.000005640190         0.000005640190         0.000005640191         0.000005640190         0.000005640190         0.000005640189         0.000005640190         0.000005640190         0.000005640191         0.000005640191         0.000005640192         0.000005640191         0.000005640190         0.000005640189         0.000005640188         0.000005640187         0.000005640186         0.000005640185         0.000005640184         0.000005640183         0.000005640183         0.000005640182
       -0.000004140130        -0.000004140129        -0.000004140129        -0.000004140128        -0.000004140128        -0.000004140128        -0.000004140127        -0.000004140127        -0.000004140127        -0.000004140127        -0.000004140127        -0.000004140128        -0.000004140128        -0.000004140128        -0.000004140128        -0.000004140127        -0.000004140126        -0.000004140125        -0.000004140125        -0.000004140123        -0.000004140123        -0.000004140122        -0.000004140122        -0.000004140121        -0.000004140121        -0.000004140121
        0.000003039581         0.000003039580         0.000003039580         0.000003039580         0.000003039579         0.000003039579         0.000003039578         0.000003039578         0.000003039578         0.000003039579         0.000003039579         0.000003039579         0.000003039579         0.000003039579         0.000003039579         0.000003039578         0.000003039577         0.000003039577         0.000003039576         0.000003039575         0.000003039575         0.000003039574         0.000003039574         0.000003039574         0.000003039574         0.000003039574
       -0.000002231963        -0.000002231963        -0.000002231962        -0.000002231962        -0.000002231961        -0.000002231961        -0.000002231961        -0.000002231961        -0.000002231961        -0.000002231962        -0.000002231962        -0.000002231962        -0.000002231961        -0.000002231961        -0.000002231961        -0.000002231961        -0.000002231960        -0.000002231959        -0.000002231958        -0.000002231958        -0.000002231958        -0.000002231958        -0.000002231957        -0.000002231957        -0.000002231958        -0.000002231959
        0.000001639187         0.000001639187         0.000001639186         0.000001639186         0.000001639185         0.000001639185         0.000001639185         0.000001639185         0.000001639186         0.000001639186         0.000001639186         0.000001639186         0.000001639185         0.000001639185         0.000001639185         0.000001639185         0.000001639184         0.000001639183         0.000001639183         0.000001639183         0.000001639183         0.000001639182         0.000001639182         0.000001639183         0.000001639184         0.000001639185
       -0.000001204019        -0.000001204019        -0.000001204019        -0.000001204018        -0.000001204018        -0.000001204018        -0.000001204018        -0.000001204018        -0.000001204019        -0.000001204019        -0.000001204018        -0.000001204018        -0.000001204018        -0.000001204018        -0.000001204018        -0.000001204017        -0.000001204017        -0.000001204016        -0.000001204016        -0.000001204016        -0.000001204016        -0.000001204016        -0.000001204016        -0.000001204017        -0.000001204018        -0.000001204021
        0.000000884500         0.000000884500         0.000000884500         0.000000884499         0.000000884499         0.000000884499         0.000000884499         0.000000884500         0.000000884500         0.000000884499         0.000000884499         0.000000884499         0.000000884499         0.000000884499         0.000000884499         0.000000884498         0.000000884498         0.000000884498         0.000000884498         0.000000884497         0.000000884497         0.000000884498         0.000000884498         0.000000884499         0.000000884501         0.000000884506
       -0.000000649858        -0.000000649857        -0.000000649857        -0.000000649857        -0.000000649857        -0.000000649857        -0.000000649857        -0.000000649857        -0.000000649857        -0.000000649857        -0.000000649857        -0.000000649857        -0.000000649857        -0.000000649856        -0.000000649856        -0.000000649856        -0.000000649856        -0.000000649856        -0.000000649856        -0.000000649856        -0.000000649856        -0.000000649856        -0.000000649857        -0.000000649858        -0.000000649862        -0.000000649868
        0.000000477520         0.000000477520         0.000000477519         0.000000477519         0.000000477519         0.000000477519         0.000000477519         0.000000477519         0.000000477519         0.000000477519         0.000000477519         0.000000477519         0.000000477519         0.000000477519         0.000000477519         0.000000477518         0.000000477518         0.000000477518         0.000000477518         0.000000477518         0.000000477518         0.000000477519         0.000000477520         0.000000477523         0.000000477527         0.000000477535
       -0.000000350925        -0.000000350925        -0.000000350925        -0.000000350925        -0.000000350925        -0.000000350925        -0.000000350925        -0.000000350925        -0.000000350925        -0.000000350925        -0.000000350924        -0.000000350924        -0.000000350924        -0.000000350924        -0.000000350924        -0.000000350924        -0.000000350924        -0.000000350924        -0.000000350924        -0.000000350924        -0.000000350924        -0.000000350925        -0.000000350927        -0.000000350930        -0.000000350937        -0.000000350948
        0.000000257920         0.000000257920         0.000000257920         0.000000257920         0.000000257920         0.000000257920         0.000000257920         0.000000257920         0.000000257919         0.000000257919         0.000000257919         0.000000257919         0.000000257919         0.000000257919         0.000000257919         0.000000257919         0.000000257919         0.000000257919         0.000000257919         0.000000257919         0.000000257920         0.000000257921         0.000000257924         0.000000257928         0.000000257937         0.000000257953
       -0.000000189583        -0.000000189583        -0.000000189583        -0.000000189583        -0.000000189583        -0.000000189583        -0.000000189583        -0.000000189583        -0.000000189583        -0.000000189583        -0.000000189583        -0.000000189583        -0.000000189583        -0.000000189583        -0.000000189583        -0.000000189583        -0.000000189583        -0.000000189583        -0.000000189583        -0.000000189583        -0.000000189584        -0.000000189586        -0.000000189590        -0.000000189596        -0.000000189608        -0.000000189631
        0.000000139367         0.000000139367         0.000000139367         0.000000139367         0.000000139366         0.000000139366         0.000000139366         0.000000139366         0.000000139366         0.000000139366         0.000000139366         0.000000139366         0.000000139366         0.000000139366         0.000000139366         0.000000139366         0.000000139366         0.000000139366         0.000000139367         0.000000139367         0.000000139369         0.000000139371         0.000000139376         0.000000139385         0.000000139402         0.000000139433
       -0.000000102461        -0.000000102461        -0.000000102461        -0.000000102461        -0.000000102461        -0.000000102461        -0.000000102461        -0.000000102461        -0.000000102461        -0.000000102461        -0.000000102461        -0.000000102461        -0.000000102461        -0.000000102461        -0.000000102461        -0.000000102461        -0.000000102461        -0.000000102461        -0.000000102462        -0.000000102463        -0.000000102464        -0.000000102468        -0.000000102474        -0.000000102487        -0.000000102510        -0.000000102554
        0.000000075335         0.000000075335         0.000000075335         0.000000075335         0.000000075335         0.000000075335         0.000000075335         0.000000075335         0.000000075335         0.000000075335         0.000000075335         0.000000075335         0.000000075335         0.000000075335         0.000000075335         0.000000075335         0.000000075335         0.000000075336         0.000000075336         0.000000075338         0.000000075340         0.000000075345         0.000000075354         0.000000075371         0.000000075404         0.000000075464
       -0.000000055396        -0.000000055396        -0.000000055396        -0.000000055396        -0.000000055396        -0.000000055395        -0.000000055395        -0.000000055395        -0.000000055395        -0.000000055395        -0.000000055395        -0.000000055395        -0.000000055395        -0.000000055395        -0.000000055395        -0.000000055396        -0.000000055396        -0.000000055396        -0.000000055397        -0.000000055399        -0.000000055403        -0.000000055410        -0.000000055422        -0.000000055446        -0.000000055491        -0.000000055575
        0.000000040737         0.000000040737         0.000000040737         0.000000040737         0.000000040737         0.000000040737         0.000000040737         0.000000040737         0.000000040737         0.000000040737         0.000000040737         0.000000040737         0.000000040737         0.000000040737         0.000000040737         0.000000040737         0.000000040738         0.000000040738         0.000000040740         0.000000040742         0.000000040747         0.000000040757         0.000000040774         0.000000040807         0.000000040869         0.000000040986
       -0.000000029960        -0.000000029960        -0.000000029960        -0.000000029960        -0.000000029960        -0.000000029960        -0.000000029960        -0.000000029960        -0.000000029960        -0.000000029960        -0.000000029960        -0.000000029960        -0.000000029960        -0.000000029960        -0.000000029960        -0.000000029960        -0.000000029961        -0.000000029962        -0.000000029964        -0.000000029967        -0.000000029974        -0.000000029987        -0.000000030011        -0.000000030057        -0.000000030143        -0.000000030305
        0.000000022035         0.000000022035         0.000000022035         0.000000022035         0.000000022035         0.000000022035         0.000000022035         0.000000022035         0.000000022035         0.000000022035         0.000000022035         0.000000022035         0.000000022035         0.000000022036         0.000000022036         0.000000022036         0.000000022037         0.000000022038         0.000000022041         0.000000022046         0.000000022056         0.000000022074         0.000000022107         0.000000022170         0.000000022290         0.000000022514
       -0.000000016208        -0.000000016208        -0.000000016208        -0.000000016208        -0.000000016208        -0.000000016208        -0.000000016208        -0.000000016208        -0.000000016208        -0.000000016208        -0.000000016208        -0.000000016208        -0.000000016208        -0.000000016209        -0.000000016209        -0.000000016209        -0.000000016210        -0.000000016212        -0.000000016216        -0.000000016223        -0.000000016236        -0.000000016261        -0.000000016308        -0.000000016396        -0.000000016561        -0.000000016876
        0.000000011923         0.000000011923         0.000000011923         0.000000011923         0.000000011923         0.000000011923         0.000000011923         0.000000011923         0.000000011923         0.000000011923         0.000000011923         0.000000011923         0.000000011923         0.000000011923         0.000000011924         0.000000011925         0.000000011926         0.000000011929         0.000000011934         0.000000011944         0.000000011962         0.000000011996         0.000000012061         0.000000012183         0.000000012414         0.000000012858
       -0.000000008771        -0.000000008771        -0.000000008771        -0.000000008771        -0.000000008771        -0.000000008771        -0.000000008771        -0.000000008771        -0.000000008771        -0.000000008771        -0.000000008771        -0.000000008771        -0.000000008772        -0.000000008772        -0.000000008773        -0.000000008774        -0.000000008776        -0.000000008779        -0.000000008787        -0.000000008800        -0.000000008825        -0.000000008873        -0.000000008963        -0.000000009133        -0.000000009460        -0.000000010090
        0.000000006453         0.000000006453         0.000000006453         0.000000006453         0.000000006453         0.000000006453         0.000000006453         0.000000006453         0.000000006453         0.000000006453         0.000000006453         0.000000006453         0.000000006454         0.000000006454         0.000000006455         0.000000006456         0.000000006459         0.000000006464         0.000000006474         0.000000006493         0.000000006528         0.000000006594         0.000000006720         0.000000006960         0.000000007424         0.000000008321
       -0.000000004748        -0.000000004748        -0.000000004748        -0.000000004748        -0.000000004748        -0.000000004748        -0.000000004748        -0.000000004748        -0.000000004748        -0.000000004748        -0.000000004748        -0.000000004748        -0.000000004749        -0.000000004749        -0.000000004750        -0.000000004752        -0.000000004756        -0.000000004764        -0.000000004777        -0.000000004803        -0.000000004852        -0.000000004944        -0.000000005121        -0.000000005463        -0.000000006123        -0.000000007388
        0.000000003494         0.000000003494         0.000000003494         0.000000003494         0.000000003494         0.000000003494         0.000000003494         0.000000003494         0.000000003494         0.000000003494         0.000000003494         0.000000003494         0.000000003495         0.000000003495         0.000000003497         0.000000003500         0.000000003505         0.000000003515         0.000000003534         0.000000003570         0.000000003638         0.000000003768         0.000000004020         0.000000004506         0.000000005437
       -0.000000002571        -0.000000002571        -0.000000002571        -0.000000002571        -0.000000002571        -0.000000002571        -0.000000002571        -0.000000002571        -0.000000002571        -0.000000002571        -0.000000002571        -0.000000002572        -0.000000002572        -0.000000002573        -0.000000002575        -0.000000002579        -0.000000002587        -0.000000002601        -0.000000002627        -0.000000002677        -0.000000002773        -0.000000002958        -0.000000003316        -0.000000004001
        0.000000001892         0.000000001892         0.000000001892         0.000000001892         0.000000001892         0.000000001892         0.000000001892         0.000000001892         0.000000001892         0.000000001892         0.000000001892         0.000000001893         0.000000001894         0.000000001895         0.000000001898         0.000000001904         0.000000001914         0.000000001933         0.000000001970         0.000000002041         0.000000002177         0.000000002440         0.000000002945
       -0.000000001392        -0.000000001392        -0.000000001392        -0.000000001392        -0.000000001392        -0.000000001392        -0.000000001392        -0.000000001392        -0.000000001393        -0.000000001393        -0.000000001393        -0.000000001394        -0.000000001395        -0.000000001397        -0.000000001401        -0.000000001408        -0.000000001423        -0.000000001450        -0.000000001502        -0.000000001602        -0.000000001796        -0.000000002167
        0.000000001025         0.000000001025         0.000000001025         0.000000001025         0.000000001025         0.000000001025         0.000000001025         0.000000001025         0.000000001025         0.000000001025         0.000000001026         0.000000001027         0.000000001028         0.000000001031         0.000000001037         0.000000001047         0.000000001067         0.000000001105         0.000000001179         0.000000001322         0.000000001595
       -0.000000000754        -0.000000000754        -0.000000000754        -0.000000000754        -0.000000000754        -0.000000000754        -0.000000000754        -0.000000000754        -0.000000000755        -0.000000000755        -0.000000000756        -0.000000000757        -0.000000000759        -0.000000000763        -0.000000000771        -0.000000000785        -0.000000000814        -0.000000000868        -0.000000000973        -0.000000001174
        0.000000000555         0.000000000555         0.000000000555         0.000000000555         0.000000000555         0.000000000555         0.000000000555         0.000000000555         0.000000000556         0.000000000556         0.000000000557         0.000000000559         0.000000000562         0.000000000567         0.000000000578         0.000000000599         0.000000000639         0.000000000716         0.000000000864
       -0.000000000409        -0.000000000409        -0.000000000409        -0.000000000409        -0.000000000409        -0.000000000409        -0.000000000409        -0.000000000409        -0.000000000409        -0.000000000410        -0.000000000411        -0.000000000413        -0.000000000418        -0.000000000426        -0.000000000441        -0.000000000470        -0.000000000527        -0.000000000636
        0.000000000301         0.000000000301         0.000000000301         0.000000000301         0.000000000301         0.000000000301         0.000000000301         0.000000000301         0.000000000302         0.000000000303         0.000000000304         0.000000000307         0.000000000313         0.000000000325         0.000000000346         0.000000000388         0.000000000468
       -0.000000000222        -0.000000000222        -0.000000000222        -0.000000000222        -0.000000000222        -0.000000000222        -0.000000000222        -0.000000000222        -0.000000000223        -0.000000000224        -0.000000000226        -0.000000000231        -0.000000000239        -0.000000000255        -0.000000000286        -0.000000000345
        0.000000000163         0.000000000163         0.000000000163         0.000000000163         0.000000000163         0.000000000163         0.000000000164         0.000000000164         0.000000000165         0.000000000167         0.000000000170         0.000000000176         0.000000000188         0.000000000210         0.000000000254
       -0.000000000120        -0.000000000120        -0.000000000120        -0.000000000120        -0.000000000120        -0.000000000120        -0.000000000121        -0.000000000121        -0.000000000123        -0.000000000125        -0.000000000129        -0.000000000138        -0.000000000155        -0.000000000187
        0.000000000088         0.000000000088         0.000000000088         0.000000000089         0.000000000089         0.000000000089         0.000000000089         0.000000000090         0.000000000092         0.000000000095         0.000000000102         0.000000000114         0.000000000138
       -0.000000000065        -0.000000000065        -0.000000000065        -0.000000000065        -0.000000000065        -0.000000000066        -0.000000000067        -0.000000000068        -0.000000000070        -0.000000000075        -0.000000000084        -0.000000000101
        0.000000000048         0.000000000048         0.000000000048         0.000000000048         0.000000000048         0.000000000049         0.000000000050         0.000000000052         0.000000000055         0.000000000062         0.000000000075
       -0.000000000035        -0.000000000035        -0.000000000036        -0.000000000036        -0.000000000036        -0.000000000037        -0.000000000038        -0.000000000041        -0.000000000045        -0.000000000055
        0.000000000026         0.000000000026         0.000000000026         0.000000000027         0.000000000027         0.000000000028         0.000000000030         0.000000000034         0.000000000040
       -0.000000000019        -0.000000000019        -0.000000000020        -0.000000000020        -0.000000000021        -0.000000000022        -0.000000000025        -0.000000000030
        0.000000000014         0.000000000014         0.000000000015         0.000000000015         0.000000000016         0.000000000018         0.000000000022
       -0.000000000011        -0.000000000011        -0.000000000011        -0.000000000012        -0.000000000013        -0.000000000016
        0.000000000008         0.000000000008         0.000000000009         0.000000000010         0.000000000012
       -0.000000000006        -0.000000000006        -0.000000000007        -0.000000000009
        0.000000000005         0.000000000005         0.000000000006
       -0.000000000004        -0.000000000005
        0.000000000004
