       -0.011013338343
       -0.002415732672
       -0.000958342220
       -0.000390767488
       -0.000160166877
       -0.000065552804
       -0.000026674284
       -0.000010779494
       -0.000004322496
       -0.000001719264
       -0.000000678105
       -0.000000265162
       -0.000000102779
       -0.000000039482
       -0.000000015028
       -0.000000005667
       -0.000000002117
       -0.000000000783
       -0.000000000287
       -0.000000000104
       -0.000000000037
       -0.000000000013
       -0.000000000004
       -0.000000000001
       -0.000000000000
