0.000203152
-0.00120589
0.00351325
-0.00396209
0.00348946
-0.00178156
-0.000441977
0.00254056
-0.00382287
0.00389809
-0.00273943
0.000714098
0.00153707
-0.00330021
0.00401998
-0.00347128
0.00182614
0.000397901
-0.00249855
0.00381294
-0.00392752
0.0028047
-0.000794214
-0.00147323
0.00328373
-0.00406665
0.00357309
-0.00195221
-0.000292867
0.00245938
-0.00386574
0.00406626
-0.00298987
0.000963594
0.0013849
-0.00332078
0.00423282
-0.00382512
0.00221029
0.000120859
-0.00244633
0.0040364
-0.00438263
0.0033577
-0.00125928
-0.00127425
0.00345611
-0.00459565
0.0043153
-0.00267187
0.000148088
0.0024859
-0.00440636
0.00499295
-0.0040253
0.00176025
0.0011324
-0.00376425
0.00530028
-0.00522098
0.00349139
-0.000589121
-0.00262123
0.00514219
-0.00615135
0.00526256
-0.00266177
-0.000920706
0.00440686
-0.00669176
0.00698745
-0.00507957
0.00142596
0.00293685
-0.00667718
0.00856817
-0.00787195
0.00459403
0.000455899
-0.00583718
0.0098748
-0.0111605
0.00899203
-0.00364464
-0.00358833
0.0106614
-0.0153256
0.0157623
-0.0111082
0.00182818
0.0101503
-0.0217376
0.0293623
-0.0295342
0.0191923
0.00388924
-0.0405811
0.0910686
-0.158236
0.247918
