0.825104
0.773045
0.7813
0.789273
0.831379
0.881105
0.941511
1.00367
1.06437
1.11874
1.16377
1.19725
1.2184
1.22761
1.22637
1.21702
1.20238
1.18553
1.16941
1.15659
1.14902
1.14789
1.15357
1.16564
1.18297
1.20389
1.22642
1.24846
1.26804
1.28352
1.29377
1.29822
1.29698
1.29071
1.28061
1.26823
1.25532
1.24358
1.23456
1.22942
1.22886
1.23304
1.24155
1.2535
1.26761
1.28236
1.29612
1.30741
1.31498
1.31799
1.31611
1.30953
1.29896
1.28553
1.2707
1.25605
1.24317
1.23342
1.22783
1.22694
1.23075
1.23871
1.24976
1.26244
1.27506
1.28584
1.29315
1.29566
1.29254
1.28351
1.26895
1.24987
1.22778
1.20462
1.18249
1.16347
1.14937
1.14151
1.14053
1.14629
1.1578
1.17328
1.19028
1.20585
1.21687
1.22031
1.21356
1.19476
1.16307
1.11886
1.06384
1.00103
0.934528
0.869206
0.8098
0.759785
0.719068
0.681682
0.630904
0.517809
