0.809203
0.747908
0.733585
0.717843
0.723205
0.732358
0.747764
0.76652
0.788929
0.814373
0.8426
0.873147
0.905561
0.939339
0.973971
1.00894
1.04375
1.07791
1.11097
1.14249
1.17209
1.19944
1.22424
1.24625
1.26529
1.28122
1.29399
1.30357
1.31002
1.31341
1.31391
1.3117
1.30701
1.30011
1.29131
1.28094
1.26933
1.25683
1.24383
1.23066
1.21768
1.20522
1.19361
1.18312
1.17401
1.1665
1.16077
1.15696
1.15514
1.15538
1.15765
1.16191
1.16805
1.17593
1.18536
1.1961
1.20791
1.22048
1.23349
1.2466
1.25947
1.27173
1.28302
1.29299
1.3013
1.30762
1.31167
1.31318
1.31192
1.30772
1.30043
1.28997
1.27631
1.25948
1.23955
1.21667
1.19103
1.16289
1.13254
1.10035
1.06671
1.03205
0.996851
0.961602
0.926813
0.893005
0.860692
0.830375
0.802527
0.77757
0.755849
0.737565
0.722659
0.710569
0.699801
0.687148
0.666281
0.623631
0.513918
