0.722352
0.820466
0.805363
0.796603
0.836558
0.907101
0.967531
0.993071
0.990136
0.984222
0.995909
1.02573
1.05786
1.07617
1.07777
1.07349
1.07695
1.09273
1.11373
1.12867
1.13224
1.12907
1.12874
1.13711
1.15157
1.16409
1.16865
1.16637
1.16402
1.16769
1.17753
1.18799
1.19304
1.19156
1.18806
1.18841
1.19462
1.20317
1.20842
1.20767
1.20352
1.20135
1.20447
1.21115
1.21635
1.21627
1.21181
1.20761
1.20791
1.21265
1.21759
1.21815
1.21359
1.20767
1.20525
1.20786
1.21228
1.21343
1.20896
1.20149
1.19627
1.19643
1.20002
1.20169
1.19747
1.18854
1.18025
1.1774
1.1797
1.1818
1.17802
1.16761
1.15572
1.14894
1.14919
1.15158
1.14848
1.13648
1.11995
1.10757
1.10444
1.10682
1.10474
1.09082
1.06754
1.0461
1.03663
1.03814
1.03761
1.02061
0.984955
0.944885
0.919897
0.915959
0.915651
0.888526
0.815386
0.700603
0.530453
