0.587544
0.699389
0.717166
0.720218
0.720718
0.720735
0.720669
0.720606
0.720561
0.720533
0.720517
0.720509
0.720504
0.720502
0.720501
0.720501
0.7205
0.7205
0.7205
0.7205
0.7205
0.7205
0.7205
0.7205
0.7205
0.7205
0.7205
0.7205
0.7205
0.7205
0.7205
0.7205
0.7205
0.7205
0.7205
0.7205
0.7205
0.7205
0.7205
0.7205
0.7205
0.7205
0.7205
0.7205
0.7205
0.7205
0.7205
0.7205
0.7205
0.7205
0.7205
0.7205
0.7205
0.7205
0.7205
0.7205
0.7205
0.7205
0.7205
0.7205
0.7205
0.7205
0.7205
0.7205
0.7205
0.7205
0.7205
0.7205
0.7205
0.7205
0.7205
0.7205
0.7205
0.7205
0.7205
0.7205
0.7205
0.7205
0.7205
0.7205
0.7205
0.7205
0.7205
0.7205
0.7205
0.720499
0.720497
0.720493
0.720486
0.720473
0.72045
0.720401
0.720269
0.719876
0.718697
0.7154
0.707758
0.70111
0.778957
