0.851611
0.814798
0.835801
0.860935
0.929662
0.999914
1.06507
1.10761
1.12473
1.11964
1.10244
1.08501
1.07733
1.0846
1.10623
1.13669
1.16789
1.19205
1.20423
1.20374
1.194
1.18115
1.17178
1.17078
1.17979
1.19688
1.21742
1.23573
1.2471
1.24928
1.24315
1.23231
1.22175
1.21608
1.21805
1.22762
1.24212
1.25717
1.26825
1.27225
1.26849
1.25889
1.2473
1.23815
1.23489
1.23887
1.24885
1.26149
1.27247
1.27802
1.27618
1.26751
1.25488
1.24249
1.23443
1.23326
1.23909
1.24955
1.26055
1.26769
1.26777
1.25993
1.24603
1.22999
1.21655
1.2096
1.21078
1.21884
1.23
1.23914
1.24156
1.23462
1.21882
1.19769
1.17678
1.16174
1.15636
1.16108
1.17264
1.18493
1.19091
1.18509
1.16554
1.13492
1.09996
1.06942
1.05114
1.04911
1.06143
1.08017
1.09314
1.08746
1.05399
0.99124
0.907342
0.817067
0.734216
0.654911
0.529618
