0.845438
0.82299
0.874197
0.918585
0.992967
1.05585
1.10382
1.12622
1.12623
1.1115
1.09346
1.08253
1.08522
1.10263
1.13066
1.16196
1.18861
1.20469
1.20813
1.201
1.18858
1.1774
1.17301
1.17828
1.19257
1.2122
1.23179
1.24617
1.25204
1.24903
1.23966
1.22842
1.2202
1.21863
1.22491
1.23752
1.25275
1.26607
1.2736
1.27348
1.26637
1.25528
1.24444
1.23787
1.23808
1.24514
1.25678
1.26909
1.27792
1.28024
1.27519
1.26441
1.25141
1.24045
1.23506
1.23682
1.24484
1.25598
1.26592
1.27064
1.26777
1.25745
1.24234
1.22676
1.21525
1.21098
1.21466
1.22417
1.23521
1.2427
1.24248
1.23283
1.21513
1.19358
1.17384
1.16116
1.1585
1.16535
1.17768
1.18907
1.19276
1.18399
1.16182
1.12982
1.09521
1.06667
1.05138
1.05229
1.06644
1.08514
1.09602
1.0867
1.04915
0.983168
0.897989
0.808564
0.727758
0.650016
0.524316
