0.519841
0.551142
0.552695
0.551299
0.550904
0.550573
0.550274
0.550091
0.549998
0.549957
0.549939
0.549931
0.549928
0.549927
0.549926
0.549926
0.549926
0.549926
0.549926
0.549926
0.549926
0.549926
0.549926
0.549926
0.549926
0.549926
0.549926
0.549926
0.549926
0.549926
0.549926
0.549926
0.549926
0.549926
0.549926
0.549926
0.549926
0.549926
0.549926
0.549926
0.549926
0.549926
0.549926
0.549926
0.549926
0.549926
0.549926
0.549926
0.549926
0.549926
0.549926
0.549926
0.549926
0.549926
0.549926
0.549926
0.549926
0.549926
0.549926
0.549926
0.549926
0.549926
0.549926
0.549926
0.549926
0.549926
0.549926
0.549926
0.549926
0.549926
0.549926
0.549926
0.549926
0.549926
0.549926
0.549926
0.549926
0.549926
0.549926
0.549926
0.549926
0.549926
0.549926
0.549926
0.549925
0.549925
0.549925
0.549923
0.549921
0.549914
0.549899
0.549864
0.549788
0.549631
0.549319
0.548646
0.546876
0.541049
0.518709
0.437972
