0.516926
0.563728
0.584831
0.587629
0.586504
0.585603
0.585176
0.585001
0.584918
0.584877
0.584859
0.584851
0.584848
0.584846
0.584846
0.584845
0.584845
0.584845
0.584845
0.584845
0.584845
0.584845
0.584845
0.584845
0.584845
0.584845
0.584845
0.584845
0.584845
0.584845
0.584845
0.584845
0.584845
0.584845
0.584845
0.584845
0.584845
0.584845
0.584845
0.584845
0.584845
0.584845
0.584845
0.584845
0.584845
0.584845
0.584845
0.584845
0.584845
0.584845
0.584845
0.584845
0.584845
0.584845
0.584845
0.584845
0.584845
0.584845
0.584845
0.584845
0.584845
0.584845
0.584845
0.584845
0.584845
0.584845
0.584845
0.584845
0.584845
0.584845
0.584845
0.584845
0.584845
0.584845
0.584845
0.584845
0.584845
0.584845
0.584845
0.584845
0.584845
0.584845
0.584845
0.584845
0.584844
0.584844
0.584842
0.584838
0.584828
0.584806
0.584754
0.58464
0.584383
0.583789
0.582366
0.57934
0.573978
0.556601
0.51486
