0.559263
0.602624
0.640658
0.63244
0.628608
0.626568
0.626321
0.625981
0.625802
0.625728
0.625704
0.625689
0.625682
0.625679
0.625678
0.625678
0.625677
0.625677
0.625677
0.625677
0.625677
0.625677
0.625677
0.625677
0.625677
0.625677
0.625677
0.625677
0.625677
0.625677
0.625677
0.625677
0.625677
0.625677
0.625677
0.625677
0.625677
0.625677
0.625677
0.625677
0.625677
0.625677
0.625677
0.625677
0.625677
0.625677
0.625677
0.625677
0.625677
0.625677
0.625677
0.625677
0.625677
0.625677
0.625677
0.625677
0.625677
0.625677
0.625677
0.625677
0.625677
0.625677
0.625677
0.625677
0.625677
0.625677
0.625677
0.625677
0.625677
0.625677
0.625677
0.625677
0.625677
0.625677
0.625677
0.625677
0.625677
0.625677
0.625677
0.625677
0.625677
0.625677
0.625677
0.625677
0.625677
0.625676
0.625675
0.625672
0.625665
0.625651
0.625619
0.625546
0.625377
0.62512
0.6244
0.622959
0.61895
0.618894
0.598544
0.572168
