0.72069
0.424418
0.76192
0.499727
0.714404
0.51624
0.68373
0.523617
0.669833
0.527706
0.664005
0.529844
0.661584
0.530887
0.660569
0.531373
0.660138
0.531594
0.659954
0.531692
0.659874
0.531736
0.65984
0.531755
0.659825
0.531764
0.659818
0.531767
0.659815
0.531769
0.659814
0.53177
0.659814
0.53177
0.659813
0.53177
0.659813
0.53177
0.659813
0.53177
0.659813
0.53177
0.659813
0.53177
0.659813
0.53177
0.659813
0.53177
0.659813
0.53177
0.659813
0.53177
0.659813
0.53177
0.659813
0.53177
0.659813
0.53177
0.659813
0.53177
0.659813
0.53177
0.659813
0.53177
0.659813
0.53177
0.659813
0.531771
0.659812
0.531771
0.659811
0.531772
0.659808
0.531775
0.659802
0.531781
0.659787
0.531794
0.659753
0.531825
0.659677
0.5319
0.659503
0.532077
0.659117
0.532518
0.658278
0.533661
0.656577
0.53683
0.653776
0.54632
0.652686
0.576199
0.672993
0.668332
0.785786
0.769326
1.08665
