0.810534
0.74679
0.727576
0.705226
0.701576
0.698781
0.698916
0.698919
0.699169
0.699293
0.699402
0.699469
0.699522
0.699562
0.699597
0.699627
0.699653
0.699675
0.699695
0.699712
0.699727
0.69974
0.699751
0.699761
0.699769
0.699776
0.699782
0.699787
0.699792
0.699795
0.699799
0.699801
0.699803
0.699805
0.699807
0.699808
0.699809
0.69981
0.699811
0.699812
0.699812
0.699813
0.699813
0.699813
0.699814
0.699814
0.699814
0.699814
0.699814
0.699814
0.699814
0.699814
0.699814
0.699814
0.699814
0.699813
0.699813
0.699813
0.699812
0.699812
0.699811
0.69981
0.699809
0.699808
0.699807
0.699805
0.699803
0.699801
0.699798
0.699795
0.699791
0.699787
0.699781
0.699775
0.699768
0.699759
0.699749
0.699738
0.699724
0.699709
0.699691
0.69967
0.699646
0.699619
0.699589
0.699555
0.699517
0.699475
0.699428
0.699373
0.699296
0.699163
0.698877
0.698197
0.69656
0.692728
0.68408
0.665136
0.623222
0.513741
