0.839571
0.812798
0.795244
0.784393
0.824375
0.88389
0.960939
1.03463
1.09418
1.13069
1.14322
1.13625
1.11839
1.09945
1.08795
1.08914
1.10407
1.12988
1.16087
1.19036
1.21247
1.22368
1.22355
1.21464
1.20159
1.18978
1.18384
1.18642
1.19765
1.21519
1.23501
1.25258
1.26408
1.26748
1.26298
1.25291
1.24097
1.23126
1.22706
1.22998
1.23958
1.25352
1.26823
1.27996
1.28578
1.28441
1.27655
1.26465
1.25224
1.24292
1.23936
1.24257
1.2516
1.26382
1.27564
1.28353
1.28496
1.27919
1.26743
1.25257
1.23838
1.22843
1.22512
1.22896
1.2384
1.25016
1.26019
1.26472
1.26136
1.24984
1.23214
1.21203
1.19407
1.18232
1.17921
1.18469
1.19616
1.20902
1.21789
1.21801
1.20674
1.18439
1.1544
1.1226
1.09573
1.07957
1.07715
1.08757
1.10571
1.12313
1.12992
1.1173
1.08022
1.01955
0.942573
0.861744
0.789134
0.729384
0.669563
0.556694
