0.613564
0.672791
0.68156
0.681396
0.680309
0.679549
0.679128
0.678914
0.678809
0.678759
0.678735
0.678724
0.678719
0.678717
0.678716
0.678715
0.678715
0.678715
0.678715
0.678715
0.678715
0.678715
0.678715
0.678715
0.678715
0.678715
0.678715
0.678715
0.678715
0.678715
0.678715
0.678715
0.678715
0.678715
0.678715
0.678715
0.678715
0.678715
0.678715
0.678715
0.678715
0.678715
0.678715
0.678715
0.678715
0.678715
0.678715
0.678715
0.678715
0.678715
0.678715
0.678715
0.678715
0.678715
0.678715
0.678715
0.678715
0.678715
0.678715
0.678715
0.678715
0.678715
0.678715
0.678715
0.678715
0.678715
0.678715
0.678715
0.678715
0.678715
0.678715
0.678715
0.678715
0.678715
0.678715
0.678715
0.678715
0.678715
0.678715
0.678715
0.678715
0.678715
0.678715
0.678714
0.678714
0.678713
0.678711
0.678707
0.678698
0.678678
0.678635
0.67854
0.678331
0.677874
0.676865
0.674627
0.669589
0.657909
0.629039
0.548411
