0.59815
0.659021
0.666944
0.666562
0.665459
0.66472
0.664318
0.664116
0.664018
0.663971
0.663949
0.663939
0.663934
0.663932
0.663931
0.663931
0.66393
0.66393
0.66393
0.66393
0.66393
0.66393
0.66393
0.66393
0.66393
0.66393
0.66393
0.66393
0.66393
0.66393
0.66393
0.66393
0.66393
0.66393
0.66393
0.66393
0.66393
0.66393
0.66393
0.66393
0.66393
0.66393
0.66393
0.66393
0.66393
0.66393
0.66393
0.66393
0.66393
0.66393
0.66393
0.66393
0.66393
0.66393
0.66393
0.66393
0.66393
0.66393
0.66393
0.66393
0.66393
0.66393
0.66393
0.66393
0.66393
0.66393
0.66393
0.66393
0.66393
0.66393
0.66393
0.66393
0.66393
0.66393
0.66393
0.66393
0.66393
0.66393
0.66393
0.66393
0.66393
0.66393
0.66393
0.66393
0.663929
0.663929
0.663927
0.663923
0.663914
0.663895
0.663852
0.663759
0.663554
0.6631
0.662095
0.659849
0.654758
0.642863
0.613057
0.525361
