0.53987
0.591686
0.616925
0.613319
0.609133
0.607147
0.606499
0.606171
0.606
0.605926
0.605895
0.605881
0.605875
0.605872
0.605871
0.60587
0.60587
0.60587
0.60587
0.60587
0.60587
0.60587
0.60587
0.60587
0.60587
0.60587
0.60587
0.60587
0.60587
0.60587
0.60587
0.60587
0.60587
0.60587
0.60587
0.60587
0.60587
0.60587
0.60587
0.60587
0.60587
0.60587
0.60587
0.60587
0.60587
0.60587
0.60587
0.60587
0.60587
0.60587
0.60587
0.60587
0.60587
0.60587
0.60587
0.60587
0.60587
0.60587
0.60587
0.60587
0.60587
0.60587
0.60587
0.60587
0.60587
0.60587
0.60587
0.60587
0.60587
0.60587
0.60587
0.60587
0.60587
0.60587
0.60587
0.60587
0.60587
0.60587
0.60587
0.60587
0.60587
0.60587
0.60587
0.60587
0.60587
0.605869
0.605868
0.605865
0.60586
0.605847
0.605817
0.605749
0.605604
0.605304
0.604588
0.602786
0.599863
0.59537
0.580113
0.509981
