0.845772
0.793389
0.892997
0.942486
1.0252
1.02585
1.01108
1.03276
1.07622
1.09581
1.08545
1.0837
1.10933
1.13632
1.13836
1.12873
1.13626
1.16015
1.17388
1.16791
1.16304
1.17629
1.19507
1.1985
1.19017
1.19124
1.20672
1.21857
1.21481
1.20794
1.21441
1.22885
1.23328
1.22565
1.22256
1.23269
1.2434
1.24116
1.23284
1.23445
1.24576
1.25095
1.24383
1.2375
1.24338
1.25317
1.25217
1.24263
1.2401
1.24866
1.2545
1.24785
1.23858
1.2405
1.24937
1.24954
1.23887
1.23225
1.23801
1.24446
1.23831
1.22598
1.22366
1.23146
1.23289
1.22095
1.2097
1.21216
1.21924
1.21367
1.19764
1.19001
1.19636
1.19933
1.18572
1.16822
1.16604
1.17387
1.16902
1.14745
1.13169
1.13557
1.14074
1.12412
1.09574
1.08506
1.09372
1.08957
1.05632
1.02281
1.01996
1.02844
1.00224
0.942109
0.901516
0.902844
0.893306
0.798208
0.600534
