0.601171
0.704027
0.710928
0.695772
0.686479
0.681923
0.679909
0.679062
0.678718
0.678581
0.678529
0.678509
0.678502
0.678499
0.678498
0.678498
0.678498
0.678498
0.678498
0.678498
0.678498
0.678498
0.678498
0.678498
0.678498
0.678498
0.678498
0.678498
0.678498
0.678498
0.678498
0.678498
0.678498
0.678498
0.678498
0.678498
0.678498
0.678498
0.678498
0.678498
0.678498
0.678498
0.678498
0.678498
0.678498
0.678498
0.678498
0.678498
0.678498
0.678498
0.678498
0.678498
0.678498
0.678498
0.678498
0.678498
0.678498
0.678498
0.678498
0.678498
0.678498
0.678498
0.678498
0.678498
0.678498
0.678498
0.678498
0.678498
0.678498
0.678498
0.678498
0.678498
0.678498
0.678498
0.678498
0.678498
0.678498
0.678498
0.678498
0.678498
0.678498
0.678498
0.678498
0.678498
0.678498
0.678497
0.678496
0.678494
0.678487
0.67847
0.678428
0.678325
0.678077
0.677499
0.67619
0.673257
0.667012
0.652806
0.620599
0.54148
