0.113176
-0.0550129
0.0559732
-0.0377863
0.0331996
-0.0255662
0.0203411
-0.0168278
0.011797
-0.0102478
0.00568954
-0.00516829
0.00122522
-0.00125497
-0.00199027
0.00167926
-0.00418627
0.00375652
-0.0055214
0.0050736
-0.00612529
0.00572122
-0.00611762
0.00579276
-0.0056161
0.00538722
-0.00473865
0.00460883
-0.00360237
0.0035647
-0.00232085
0.00236145
-0.00100075
0.00110139
0.000261819
-0.000121416
0.0013846
-0.00122474
0.00230196
-0.00214138
0.00296692
-0.00282159
0.00335235
-0.00323465
0.00345119
-0.00336952
0.0032757
-0.00323432
0.00285567
-0.00285486
0.00223574
-0.00227216
0.00147194
-0.00153925
0.000627655
-0.000717255
-0.000230765
0.00012881
-0.00103844
0.000934432
-0.00173622
0.00163994
-0.00227464
0.00219453
-0.00261716
0.00255975
-0.00274258
0.00271206
-0.00264635
0.00264434
-0.00234078
0.00236632
-0.00185433
0.00190425
-0.00123086
0.00130062
-0.000529831
0.000615048
0.00017109
-7.25392e-05
0.000773862
-0.000662167
0.00117373
-0.00105671
0.00131183
-0.00122322
0.00124908
-0.00124706
0.00116113
-0.00127604
0.00119386
-0.00137344
0.00133285
-0.00147326
0.00146021
-0.00148564
0.00148664
-0.00136
