       -0.024231872111        -0.024231872111        -0.024231872111        -0.024231872111        -0.024231872111        -0.024231872111        -0.024231872111        -0.024231872111        -0.024231872111        -0.024231872111        -0.024231872111        -0.024231872111        -0.024231872111        -0.024231872111        -0.024231872111        -0.024231872111        -0.024231872111        -0.024231872111        -0.024231872111        -0.024231872111        -0.024231872111        -0.024231872111        -0.024231872111        -0.024231872111        -0.024231872111        -0.024231872111
        0.008974133864         0.008974133864         0.008974133864         0.008974133864         0.008974133864         0.008974133864         0.008974133864         0.008974133864         0.008974133864         0.008974133864         0.008974133864         0.008974133864         0.008974133864         0.008974133864         0.008974133864         0.008974133864         0.008974133864         0.008974133864         0.008974133864         0.008974133864         0.008974133864         0.008974133864         0.008974133864         0.008974133864         0.008974133864         0.008974133864
       -0.003838276273        -0.003838276273        -0.003838276273        -0.003838276273        -0.003838276273        -0.003838276273        -0.003838276273        -0.003838276273        -0.003838276273        -0.003838276273        -0.003838276273        -0.003838276273        -0.003838276273        -0.003838276273        -0.003838276273        -0.003838276273        -0.003838276273        -0.003838276273        -0.003838276273        -0.003838276273        -0.003838276273        -0.003838276273        -0.003838276273        -0.003838276273        -0.003838276273        -0.003838276273
        0.004068990675         0.004068990675         0.004068990675         0.004068990675         0.004068990675         0.004068990675         0.004068990675         0.004068990675         0.004068990675         0.004068990675         0.004068990675         0.004068990675         0.004068990675         0.004068990675         0.004068990675         0.004068990675         0.004068990675         0.004068990675         0.004068990675         0.004068990675         0.004068990675         0.004068990675         0.004068990675         0.004068990675         0.004068990675         0.004068990675
       -0.002607469738        -0.002607469738        -0.002607469738        -0.002607469738        -0.002607469738        -0.002607469738        -0.002607469738        -0.002607469738        -0.002607469738        -0.002607469738        -0.002607469738        -0.002607469738        -0.002607469738        -0.002607469738        -0.002607469738        -0.002607469738        -0.002607469738        -0.002607469738        -0.002607469738        -0.002607469738        -0.002607469738        -0.002607469738        -0.002607469738        -0.002607469738        -0.002607469738        -0.002607469738
        0.001315340725         0.001315340725         0.001315340725         0.001315340725         0.001315340725         0.001315340725         0.001315340725         0.001315340725         0.001315340725         0.001315340725         0.001315340725         0.001315340725         0.001315340725         0.001315340725         0.001315340725         0.001315340725         0.001315340725         0.001315340725         0.001315340725         0.001315340725         0.001315340725         0.001315340725         0.001315340725         0.001315340725         0.001315340725         0.001315340725
       -0.000990331205        -0.000990331205        -0.000990331205        -0.000990331205        -0.000990331204        -0.000990331204        -0.000990331204        -0.000990331204        -0.000990331204        -0.000990331204        -0.000990331204        -0.000990331204        -0.000990331204        -0.000990331204        -0.000990331204        -0.000990331204        -0.000990331204        -0.000990331204        -0.000990331204        -0.000990331204        -0.000990331204        -0.000990331204        -0.000990331204        -0.000990331204        -0.000990331204        -0.000990331204
        0.000719155863         0.000719155863         0.000719155863         0.000719155863         0.000719155863         0.000719155863         0.000719155863         0.000719155863         0.000719155863         0.000719155863         0.000719155863         0.000719155863         0.000719155863         0.000719155863         0.000719155863         0.000719155863         0.000719155863         0.000719155863         0.000719155863         0.000719155863         0.000719155863         0.000719155863         0.000719155863         0.000719155863         0.000719155863         0.000719155863
       -0.000420240980        -0.000420240980        -0.000420240980        -0.000420240980        -0.000420240980        -0.000420240980        -0.000420240980        -0.000420240980        -0.000420240980        -0.000420240980        -0.000420240980        -0.000420240980        -0.000420240980        -0.000420240980        -0.000420240980        -0.000420240980        -0.000420240980        -0.000420240980        -0.000420240980        -0.000420240980        -0.000420240980        -0.000420240980        -0.000420240980        -0.000420240980        -0.000420240980        -0.000420240980
        0.000275520985         0.000275520985         0.000275520985         0.000275520985         0.000275520985         0.000275520985         0.000275520985         0.000275520985         0.000275520985         0.000275520985         0.000275520985         0.000275520985         0.000275520985         0.000275520985         0.000275520985         0.000275520985         0.000275520985         0.000275520985         0.000275520985         0.000275520985         0.000275520985         0.000275520985         0.000275520985         0.000275520985         0.000275520985         0.000275520985
       -0.000198071035        -0.000198071035        -0.000198071035        -0.000198071035        -0.000198071035        -0.000198071035        -0.000198071035        -0.000198071035        -0.000198071035        -0.000198071035        -0.000198071035        -0.000198071035        -0.000198071035        -0.000198071035        -0.000198071035        -0.000198071035        -0.000198071035        -0.000198071035        -0.000198071035        -0.000198071035        -0.000198071035        -0.000198071035        -0.000198071035        -0.000198071035        -0.000198071035        -0.000198071035
        0.000126986313         0.000126986313         0.000126986313         0.000126986313         0.000126986313         0.000126986313         0.000126986313         0.000126986313         0.000126986313         0.000126986313         0.000126986313         0.000126986313         0.000126986313         0.000126986313         0.000126986313         0.000126986313         0.000126986313         0.000126986313         0.000126986313         0.000126986313         0.000126986313         0.000126986313         0.000126986313         0.000126986313         0.000126986313         0.000126986313
       -0.000080941290        -0.000080941290        -0.000080941290        -0.000080941290        -0.000080941290        -0.000080941290        -0.000080941290        -0.000080941290        -0.000080941290        -0.000080941290        -0.000080941290        -0.000080941290        -0.000080941290        -0.000080941290        -0.000080941290        -0.000080941290        -0.000080941290        -0.000080941290        -0.000080941290        -0.000080941290        -0.000080941290        -0.000080941290        -0.000080941290        -0.000080941290        -0.000080941290        -0.000080941290
        0.000055822310         0.000055822310         0.000055822310         0.000055822310         0.000055822310         0.000055822310         0.000055822310         0.000055822310         0.000055822310         0.000055822310         0.000055822310         0.000055822310         0.000055822310         0.000055822310         0.000055822310         0.000055822310         0.000055822310         0.000055822310         0.000055822310         0.000055822310         0.000055822310         0.000055822310         0.000055822310         0.000055822310         0.000055822310         0.000055822310
       -0.000037291012        -0.000037291012        -0.000037291012        -0.000037291012        -0.000037291012        -0.000037291012        -0.000037291012        -0.000037291012        -0.000037291012        -0.000037291012        -0.000037291012        -0.000037291012        -0.000037291012        -0.000037291012        -0.000037291012        -0.000037291012        -0.000037291012        -0.000037291012        -0.000037291012        -0.000037291012        -0.000037291012        -0.000037291012        -0.000037291012        -0.000037291012        -0.000037291012        -0.000037291012
        0.000024059642         0.000024059642         0.000024059642         0.000024059642         0.000024059642         0.000024059642         0.000024059642         0.000024059642         0.000024059642         0.000024059642         0.000024059642         0.000024059642         0.000024059642         0.000024059642         0.000024059642         0.000024059642         0.000024059642         0.000024059642         0.000024059642         0.000024059642         0.000024059642         0.000024059642         0.000024059642         0.000024059642         0.000024059642         0.000024059642
       -0.000016111352        -0.000016111352        -0.000016111352        -0.000016111352        -0.000016111352        -0.000016111352        -0.000016111352        -0.000016111352        -0.000016111352        -0.000016111352        -0.000016111352        -0.000016111352        -0.000016111352        -0.000016111352        -0.000016111352        -0.000016111352        -0.000016111352        -0.000016111352        -0.000016111352        -0.000016111352        -0.000016111352        -0.000016111352        -0.000016111352        -0.000016111352        -0.000016111352        -0.000016111352
        0.000010856020         0.000010856020         0.000010856020         0.000010856020         0.000010856020         0.000010856020         0.000010856020         0.000010856020         0.000010856020         0.000010856020         0.000010856020         0.000010856020         0.000010856020         0.000010856020         0.000010856020         0.000010856020         0.000010856020         0.000010856020         0.000010856020         0.000010856020         0.000010856020         0.000010856020         0.000010856020         0.000010856020         0.000010856020         0.000010856020
       -0.000007125916        -0.000007125916        -0.000007125916        -0.000007125916        -0.000007125916        -0.000007125916        -0.000007125916        -0.000007125916        -0.000007125916        -0.000007125916        -0.000007125916        -0.000007125916        -0.000007125916        -0.000007125916        -0.000007125916        -0.000007125916        -0.000007125916        -0.000007125916        -0.000007125916        -0.000007125916        -0.000007125916        -0.000007125916        -0.000007125916        -0.000007125916        -0.000007125916        -0.000007125916
        0.000004716994         0.000004716994         0.000004716994         0.000004716994         0.000004716994         0.000004716994         0.000004716994         0.000004716994         0.000004716994         0.000004716994         0.000004716994         0.000004716994         0.000004716994         0.000004716994         0.000004716994         0.000004716994         0.000004716994         0.000004716994         0.000004716994         0.000004716994         0.000004716994         0.000004716994         0.000004716994         0.000004716994         0.000004716994         0.000004716994
       -0.000003165011        -0.000003165011        -0.000003165011        -0.000003165011        -0.000003165011        -0.000003165011        -0.000003165011        -0.000003165011        -0.000003165011        -0.000003165011        -0.000003165011        -0.000003165011        -0.000003165011        -0.000003165011        -0.000003165011        -0.000003165011        -0.000003165011        -0.000003165011        -0.000003165011        -0.000003165011        -0.000003165011        -0.000003165011        -0.000003165011        -0.000003165011        -0.000003165011        -0.000003165011
        0.000002099810         0.000002099810         0.000002099810         0.000002099810         0.000002099810         0.000002099810         0.000002099810         0.000002099810         0.000002099810         0.000002099810         0.000002099810         0.000002099810         0.000002099810         0.000002099810         0.000002099810         0.000002099810         0.000002099810         0.000002099810         0.000002099810         0.000002099810         0.000002099810         0.000002099810         0.000002099810         0.000002099810         0.000002099810         0.000002099810
       -0.000001388572        -0.000001388572        -0.000001388572        -0.000001388572        -0.000001388572        -0.000001388572        -0.000001388572        -0.000001388572        -0.000001388572        -0.000001388572        -0.000001388572        -0.000001388572        -0.000001388572        -0.000001388572        -0.000001388572        -0.000001388572        -0.000001388572        -0.000001388572        -0.000001388572        -0.000001388572        -0.000001388572        -0.000001388572        -0.000001388572        -0.000001388572        -0.000001388572        -0.000001388572
        0.000000926575         0.000000926575         0.000000926575         0.000000926575         0.000000926575         0.000000926575         0.000000926575         0.000000926575         0.000000926575         0.000000926575         0.000000926575         0.000000926575         0.000000926575         0.000000926575         0.000000926575         0.000000926575         0.000000926575         0.000000926575         0.000000926575         0.000000926575         0.000000926575         0.000000926575         0.000000926575         0.000000926575         0.000000926575         0.000000926575
       -0.000000617163        -0.000000617163        -0.000000617163        -0.000000617163        -0.000000617163        -0.000000617163        -0.000000617163        -0.000000617163        -0.000000617163        -0.000000617163        -0.000000617163        -0.000000617163        -0.000000617163        -0.000000617163        -0.000000617163        -0.000000617163        -0.000000617163        -0.000000617163        -0.000000617163        -0.000000617163        -0.000000617163        -0.000000617163        -0.000000617163        -0.000000617163        -0.000000617163        -0.000000617163
        0.000000409102         0.000000409102         0.000000409102         0.000000409102         0.000000409102         0.000000409102         0.000000409102         0.000000409102         0.000000409102         0.000000409102         0.000000409102         0.000000409102         0.000000409102         0.000000409102         0.000000409102         0.000000409102         0.000000409102         0.000000409102         0.000000409102         0.000000409102         0.000000409102         0.000000409102         0.000000409102         0.000000409102         0.000000409102         0.000000409102
       -0.000000272139        -0.000000272139        -0.000000272139        -0.000000272139        -0.000000272139        -0.000000272139        -0.000000272139        -0.000000272139        -0.000000272139        -0.000000272139        -0.000000272139        -0.000000272139        -0.000000272139        -0.000000272139        -0.000000272139        -0.000000272139        -0.000000272139        -0.000000272139        -0.000000272139        -0.000000272139        -0.000000272139        -0.000000272139        -0.000000272139        -0.000000272139        -0.000000272139        -0.000000272139
        0.000000181321         0.000000181321         0.000000181321         0.000000181321         0.000000181321         0.000000181321         0.000000181321         0.000000181321         0.000000181321         0.000000181321         0.000000181321         0.000000181321         0.000000181321         0.000000181321         0.000000181321         0.000000181321         0.000000181321         0.000000181321         0.000000181321         0.000000181321         0.000000181321         0.000000181321         0.000000181321         0.000000181321         0.000000181321         0.000000181321
       -0.000000120461        -0.000000120461        -0.000000120461        -0.000000120461        -0.000000120461        -0.000000120461        -0.000000120461        -0.000000120461        -0.000000120461        -0.000000120461        -0.000000120461        -0.000000120461        -0.000000120461        -0.000000120461        -0.000000120461        -0.000000120461        -0.000000120461        -0.000000120461        -0.000000120461        -0.000000120461        -0.000000120461        -0.000000120461        -0.000000120461        -0.000000120461        -0.000000120461        -0.000000120461
        0.000000080058         0.000000080058         0.000000080058         0.000000080058         0.000000080058         0.000000080058         0.000000080058         0.000000080058         0.000000080058         0.000000080058         0.000000080058         0.000000080058         0.000000080058         0.000000080058         0.000000080058         0.000000080058         0.000000080058         0.000000080058         0.000000080058         0.000000080058         0.000000080058         0.000000080058         0.000000080058         0.000000080058         0.000000080058         0.000000080058
       -0.000000053300        -0.000000053300        -0.000000053300        -0.000000053300        -0.000000053300        -0.000000053300        -0.000000053300        -0.000000053300        -0.000000053300        -0.000000053300        -0.000000053300        -0.000000053300        -0.000000053300        -0.000000053300        -0.000000053300        -0.000000053300        -0.000000053300        -0.000000053300        -0.000000053300        -0.000000053300        -0.000000053300        -0.000000053300        -0.000000053300        -0.000000053300        -0.000000053300        -0.000000053300
        0.000000035450         0.000000035450         0.000000035450         0.000000035450         0.000000035450         0.000000035450         0.000000035450         0.000000035450         0.000000035450         0.000000035450         0.000000035450         0.000000035450         0.000000035450         0.000000035450         0.000000035450         0.000000035450         0.000000035450         0.000000035450         0.000000035450         0.000000035450         0.000000035450         0.000000035450         0.000000035450         0.000000035450         0.000000035450         0.000000035450
       -0.000000023563        -0.000000023563        -0.000000023563        -0.000000023563        -0.000000023563        -0.000000023563        -0.000000023563        -0.000000023563        -0.000000023563        -0.000000023563        -0.000000023563        -0.000000023563        -0.000000023563        -0.000000023563        -0.000000023563        -0.000000023563        -0.000000023563        -0.000000023563        -0.000000023563        -0.000000023563        -0.000000023563        -0.000000023563        -0.000000023563        -0.000000023563        -0.000000023563        -0.000000023563
        0.000000015677         0.000000015677         0.000000015677         0.000000015677         0.000000015677         0.000000015677         0.000000015677         0.000000015677         0.000000015677         0.000000015677         0.000000015677         0.000000015677         0.000000015677         0.000000015677         0.000000015677         0.000000015677         0.000000015677         0.000000015677         0.000000015677         0.000000015677         0.000000015677         0.000000015677         0.000000015677         0.000000015677         0.000000015677         0.000000015677
       -0.000000010430        -0.000000010430        -0.000000010430        -0.000000010430        -0.000000010430        -0.000000010430        -0.000000010430        -0.000000010430        -0.000000010430        -0.000000010430        -0.000000010430        -0.000000010430        -0.000000010430        -0.000000010430        -0.000000010430        -0.000000010430        -0.000000010430        -0.000000010430        -0.000000010430        -0.000000010430        -0.000000010430        -0.000000010430        -0.000000010430        -0.000000010430        -0.000000010430        -0.000000010430
        0.000000006935         0.000000006935         0.000000006935         0.000000006935         0.000000006935         0.000000006935         0.000000006935         0.000000006935         0.000000006935         0.000000006935         0.000000006935         0.000000006935         0.000000006935         0.000000006935         0.000000006935         0.000000006935         0.000000006935         0.000000006935         0.000000006935         0.000000006935         0.000000006935         0.000000006935         0.000000006935         0.000000006935         0.000000006935         0.000000006935
       -0.000000004613        -0.000000004613        -0.000000004613        -0.000000004613        -0.000000004613        -0.000000004613        -0.000000004613        -0.000000004613        -0.000000004613        -0.000000004613        -0.000000004613        -0.000000004613        -0.000000004613        -0.000000004613        -0.000000004613        -0.000000004613        -0.000000004613        -0.000000004613        -0.000000004613        -0.000000004613        -0.000000004613        -0.000000004613        -0.000000004613        -0.000000004613        -0.000000004613        -0.000000004613
        0.000000003069         0.000000003069         0.000000003069         0.000000003069         0.000000003069         0.000000003069         0.000000003069         0.000000003069         0.000000003069         0.000000003069         0.000000003069         0.000000003069         0.000000003069         0.000000003069         0.000000003069         0.000000003069         0.000000003069         0.000000003069         0.000000003069         0.000000003069         0.000000003069         0.000000003069         0.000000003069         0.000000003069         0.000000003069         0.000000003069
       -0.000000002041        -0.000000002041        -0.000000002041        -0.000000002041        -0.000000002041        -0.000000002041        -0.000000002041        -0.000000002041        -0.000000002041        -0.000000002041        -0.000000002041        -0.000000002041        -0.000000002041        -0.000000002041        -0.000000002041        -0.000000002041        -0.000000002041        -0.000000002041        -0.000000002041        -0.000000002041        -0.000000002041        -0.000000002041        -0.000000002041        -0.000000002041        -0.000000002041        -0.000000002041
        0.000000001357         0.000000001357         0.000000001357         0.000000001357         0.000000001357         0.000000001357         0.000000001357         0.000000001357         0.000000001357         0.000000001357         0.000000001357         0.000000001357         0.000000001357         0.000000001357         0.000000001357         0.000000001357         0.000000001357         0.000000001357         0.000000001357         0.000000001357         0.000000001357         0.000000001357         0.000000001357         0.000000001357         0.000000001357         0.000000001357
       -0.000000000903        -0.000000000903        -0.000000000903        -0.000000000903        -0.000000000903        -0.000000000903        -0.000000000903        -0.000000000903        -0.000000000903        -0.000000000903        -0.000000000903        -0.000000000903        -0.000000000903        -0.000000000903        -0.000000000903        -0.000000000903        -0.000000000903        -0.000000000903        -0.000000000903        -0.000000000903        -0.000000000903        -0.000000000903        -0.000000000903        -0.000000000903        -0.000000000903        -0.000000000903
        0.000000000600         0.000000000600         0.000000000600         0.000000000600         0.000000000600         0.000000000600         0.000000000600         0.000000000600         0.000000000600         0.000000000600         0.000000000600         0.000000000600         0.000000000600         0.000000000600         0.000000000600         0.000000000600         0.000000000600         0.000000000600         0.000000000600         0.000000000600         0.000000000600         0.000000000600         0.000000000600         0.000000000601         0.000000000601         0.000000000601
       -0.000000000399        -0.000000000399        -0.000000000399        -0.000000000399        -0.000000000399        -0.000000000399        -0.000000000399        -0.000000000399        -0.000000000399        -0.000000000399        -0.000000000399        -0.000000000399        -0.000000000399        -0.000000000399        -0.000000000399        -0.000000000399        -0.000000000399        -0.000000000399        -0.000000000399        -0.000000000399        -0.000000000399        -0.000000000399        -0.000000000399        -0.000000000399        -0.000000000399        -0.000000000400
        0.000000000266         0.000000000266         0.000000000266         0.000000000266         0.000000000266         0.000000000266         0.000000000266         0.000000000266         0.000000000266         0.000000000266         0.000000000266         0.000000000266         0.000000000266         0.000000000266         0.000000000266         0.000000000266         0.000000000266         0.000000000266         0.000000000266         0.000000000266         0.000000000266         0.000000000266         0.000000000266         0.000000000266         0.000000000266         0.000000000266
       -0.000000000177        -0.000000000177        -0.000000000177        -0.000000000177        -0.000000000177        -0.000000000177        -0.000000000177        -0.000000000177        -0.000000000177        -0.000000000177        -0.000000000177        -0.000000000177        -0.000000000177        -0.000000000177        -0.000000000177        -0.000000000177        -0.000000000177        -0.000000000177        -0.000000000177        -0.000000000177        -0.000000000177        -0.000000000177        -0.000000000177        -0.000000000177        -0.000000000177        -0.000000000177
        0.000000000117         0.000000000117         0.000000000117         0.000000000117         0.000000000117         0.000000000117         0.000000000117         0.000000000117         0.000000000117         0.000000000117         0.000000000117         0.000000000117         0.000000000117         0.000000000117         0.000000000117         0.000000000117         0.000000000117         0.000000000117         0.000000000117         0.000000000117         0.000000000117         0.000000000118         0.000000000118         0.000000000118         0.000000000118         0.000000000119
       -0.000000000078        -0.000000000078        -0.000000000078        -0.000000000078        -0.000000000078        -0.000000000078        -0.000000000078        -0.000000000078        -0.000000000078        -0.000000000078        -0.000000000078        -0.000000000078        -0.000000000078        -0.000000000078        -0.000000000078        -0.000000000078        -0.000000000078        -0.000000000078        -0.000000000078        -0.000000000078        -0.000000000078        -0.000000000078        -0.000000000078        -0.000000000078        -0.000000000079        -0.000000000080
        0.000000000052         0.000000000052         0.000000000052         0.000000000052         0.000000000052         0.000000000052         0.000000000052         0.000000000052         0.000000000052         0.000000000052         0.000000000052         0.000000000052         0.000000000052         0.000000000052         0.000000000052         0.000000000052         0.000000000052         0.000000000052         0.000000000052         0.000000000052         0.000000000052         0.000000000052         0.000000000052         0.000000000053         0.000000000053         0.000000000055
       -0.000000000035        -0.000000000035        -0.000000000035        -0.000000000035        -0.000000000035        -0.000000000035        -0.000000000035        -0.000000000035        -0.000000000035        -0.000000000035        -0.000000000035        -0.000000000035        -0.000000000035        -0.000000000035        -0.000000000035        -0.000000000035        -0.000000000035        -0.000000000035        -0.000000000035        -0.000000000035        -0.000000000035        -0.000000000035        -0.000000000035        -0.000000000036        -0.000000000036        -0.000000000038
        0.000000000023         0.000000000023         0.000000000023         0.000000000023         0.000000000023         0.000000000023         0.000000000023         0.000000000023         0.000000000023         0.000000000023         0.000000000023         0.000000000023         0.000000000023         0.000000000023         0.000000000023         0.000000000023         0.000000000023         0.000000000023         0.000000000023         0.000000000023         0.000000000023         0.000000000023         0.000000000024         0.000000000024         0.000000000025
       -0.000000000015        -0.000000000015        -0.000000000015        -0.000000000015        -0.000000000015        -0.000000000015        -0.000000000015        -0.000000000015        -0.000000000015        -0.000000000015        -0.000000000015        -0.000000000015        -0.000000000015        -0.000000000015        -0.000000000015        -0.000000000015        -0.000000000015        -0.000000000015        -0.000000000015        -0.000000000015        -0.000000000015        -0.000000000016        -0.000000000016        -0.000000000017
        0.000000000010         0.000000000010         0.000000000010         0.000000000010         0.000000000010         0.000000000010         0.000000000010         0.000000000010         0.000000000010         0.000000000010         0.000000000010         0.000000000010         0.000000000010         0.000000000010         0.000000000010         0.000000000010         0.000000000010         0.000000000010         0.000000000010         0.000000000010         0.000000000010         0.000000000011         0.000000000011
       -0.000000000007        -0.000000000007        -0.000000000007        -0.000000000007        -0.000000000007        -0.000000000007        -0.000000000007        -0.000000000007        -0.000000000007        -0.000000000007        -0.000000000007        -0.000000000007        -0.000000000007        -0.000000000007        -0.000000000007        -0.000000000007        -0.000000000007        -0.000000000007        -0.000000000007        -0.000000000007        -0.000000000007        -0.000000000008
        0.000000000004         0.000000000004         0.000000000004         0.000000000004         0.000000000004         0.000000000004         0.000000000004         0.000000000004         0.000000000004         0.000000000004         0.000000000004         0.000000000004         0.000000000004         0.000000000004         0.000000000004         0.000000000005         0.000000000005         0.000000000005         0.000000000005         0.000000000005         0.000000000005
       -0.000000000003        -0.000000000003        -0.000000000003        -0.000000000003        -0.000000000003        -0.000000000003        -0.000000000003        -0.000000000003        -0.000000000003        -0.000000000003        -0.000000000003        -0.000000000003        -0.000000000003        -0.000000000003        -0.000000000003        -0.000000000003        -0.000000000003        -0.000000000003        -0.000000000003        -0.000000000003
        0.000000000002         0.000000000002         0.000000000002         0.000000000002         0.000000000002         0.000000000002         0.000000000002         0.000000000002         0.000000000002         0.000000000002         0.000000000002         0.000000000002         0.000000000002         0.000000000002         0.000000000002         0.000000000002         0.000000000002         0.000000000002         0.000000000002
       -0.000000000001        -0.000000000001        -0.000000000001        -0.000000000001        -0.000000000001        -0.000000000001        -0.000000000001        -0.000000000001        -0.000000000001        -0.000000000001        -0.000000000001        -0.000000000001        -0.000000000001        -0.000000000001        -0.000000000001        -0.000000000001        -0.000000000001        -0.000000000001
        0.000000000001         0.000000000001         0.000000000001         0.000000000001         0.000000000001         0.000000000001         0.000000000001         0.000000000001         0.000000000001         0.000000000001         0.000000000001         0.000000000001         0.000000000001         0.000000000001         0.000000000001         0.000000000001         0.000000000001
       -0.000000000001        -0.000000000001        -0.000000000001        -0.000000000001        -0.000000000001        -0.000000000001        -0.000000000001        -0.000000000001        -0.000000000001        -0.000000000001        -0.000000000001        -0.000000000001        -0.000000000001        -0.000000000001        -0.000000000001        -0.000000000001
        0.000000000000         0.000000000000         0.000000000000         0.000000000000         0.000000000000         0.000000000000         0.000000000000         0.000000000000         0.000000000000         0.000000000000         0.000000000000         0.000000000000         0.000000000000         0.000000000000         0.000000000000
       -0.000000000000        -0.000000000000        -0.000000000000        -0.000000000000        -0.000000000000        -0.000000000000        -0.000000000000        -0.000000000000        -0.000000000000        -0.000000000000        -0.000000000000        -0.000000000000        -0.000000000000        -0.000000000000
        0.000000000000         0.000000000000         0.000000000000         0.000000000000         0.000000000000         0.000000000000         0.000000000000         0.000000000000         0.000000000000         0.000000000000         0.000000000000         0.000000000000         0.000000000000
       -0.000000000000        -0.000000000000        -0.000000000000        -0.000000000000        -0.000000000000        -0.000000000000        -0.000000000000        -0.000000000000        -0.000000000000        -0.000000000000        -0.000000000000        -0.000000000000
        0.000000000000         0.000000000000         0.000000000000         0.000000000000         0.000000000000         0.000000000000         0.000000000000         0.000000000000         0.000000000000         0.000000000000         0.000000000000
       -0.000000000000        -0.000000000000        -0.000000000000        -0.000000000000        -0.000000000000        -0.000000000000        -0.000000000000        -0.000000000000        -0.000000000000        -0.000000000000
        0.000000000000         0.000000000000         0.000000000000         0.000000000000         0.000000000000         0.000000000000         0.000000000000         0.000000000000         0.000000000000
       -0.000000000000        -0.000000000000        -0.000000000000        -0.000000000000        -0.000000000000        -0.000000000000        -0.000000000000        -0.000000000000
        0.000000000000         0.000000000000         0.000000000000         0.000000000000         0.000000000000         0.000000000000         0.000000000000
       -0.000000000000        -0.000000000000        -0.000000000000        -0.000000000000        -0.000000000000        -0.000000000000
        0.000000000000         0.000000000000         0.000000000000         0.000000000000         0.000000000000
       -0.000000000000        -0.000000000000        -0.000000000000        -0.000000000000
        0.000000000000         0.000000000000         0.000000000000
       -0.000000000000        -0.000000000000
        0.000000000000
