       -0.075358309668        -0.075373173460        -0.075379019192        -0.075376965110        -0.075379184892        -0.075378779276        -0.075378961315        -0.075379044034
       -0.045653750073        -0.045653306886        -0.045657524180        -0.045658451277        -0.045658678355        -0.045659095078        -0.045659065301        -0.045659088477
       -0.019112012723        -0.019114839982        -0.019116795856        -0.019115930348        -0.019116646349        -0.019116561831        -0.019116540576        -0.019116475310
       -0.005675774597        -0.005669968556        -0.005669762528        -0.005669966852        -0.005669483250        -0.005669620614        -0.005669476361        -0.005669318395
        0.002197913474         0.002199123374         0.002199912962         0.002200347928         0.002200400720         0.002200510407         0.002200583206         0.002200753710
        0.003173855643         0.003176709101         0.003177573462         0.003177441650         0.003177778764         0.003177752697         0.003177795437         0.003177814588
        0.002997680879         0.002997487769         0.002997951933         0.002998065799         0.002998032501         0.002998011243         0.002997847635         0.002997453546
        0.001348423640         0.001348848022         0.001349078263         0.001348950259         0.001348960563         0.001348775414         0.001348428070         0.001347616457
        0.000538737871         0.000538087898         0.000538048302         0.000538038597         0.000537872715         0.000537636121         0.000537218798         0.000536129061
       -0.000192568698        -0.000192642636        -0.000192724000        -0.000192822878        -0.000192868436        -0.000192966294        -0.000193111221        -0.000193747293
       -0.000255499100        -0.000255844470        -0.000255946197        -0.000255936185        -0.000255891773        -0.000255673967        -0.000255508324        -0.000254656891
       -0.000287844713        -0.000287825984        -0.000287821996        -0.000287746421        -0.000287397513        -0.000286545406        -0.000284904858        -0.000280616053
       -0.000124052623        -0.000124095817        -0.000124054907        -0.000123833245        -0.000123284097        -0.000121889192        -0.000119057187        -0.000112212922
       -0.000060364958        -0.000060263208        -0.000060138523        -0.000059704238        -0.000058895862        -0.000057149512        -0.000053995963        -0.000047599086
        0.000019744672         0.000019760303         0.000019871441         0.000020186979         0.000020480539         0.000020897331         0.000021005159
        0.000022748712         0.000022814376         0.000022841372         0.000022741672         0.000021983638         0.000020501755
        0.000030358599         0.000030250925         0.000029854932         0.000028821179         0.000026676571
        0.000012161320         0.000011932372         0.000011204554         0.000009968488
        0.000006980150         0.000006575977         0.000005784653
       -0.000002175118        -0.000002326712
       -0.000001918381
