       -0.012341374701        -0.012341374686        -0.012341374693        -0.012341374689        -0.012341374691        -0.012341374690        -0.012341374690        -0.012341374690        -0.012341374690        -0.012341374690        -0.012341374690        -0.012341374690        -0.012341374690        -0.012341374690        -0.012341374690        -0.012341374690        -0.012341374690        -0.012341374690        -0.012341374690        -0.012341374690        -0.012341374690        -0.012341374690        -0.012341374690        -0.012341374690        -0.012341374690        -0.012341374690
        0.002851398136         0.002851398135         0.002851398136         0.002851398135         0.002851398136         0.002851398136         0.002851398136         0.002851398136         0.002851398136         0.002851398136         0.002851398136         0.002851398136         0.002851398135         0.002851398135         0.002851398136         0.002851398136         0.002851398136         0.002851398136         0.002851398136         0.002851398136         0.002851398136         0.002851398136         0.002851398135         0.002851398136         0.002851398136         0.002851398136
       -0.003534187817        -0.003534187811        -0.003534187814        -0.003534187812        -0.003534187813        -0.003534187813        -0.003534187813        -0.003534187813        -0.003534187813        -0.003534187813        -0.003534187813        -0.003534187813        -0.003534187813        -0.003534187813        -0.003534187813        -0.003534187813        -0.003534187813        -0.003534187813        -0.003534187813        -0.003534187813        -0.003534187813        -0.003534187813        -0.003534187813        -0.003534187813        -0.003534187813        -0.003534187813
        0.001128638421         0.001128638421         0.001128638421         0.001128638421         0.001128638421         0.001128638421         0.001128638421         0.001128638421         0.001128638421         0.001128638421         0.001128638421         0.001128638421         0.001128638421         0.001128638421         0.001128638421         0.001128638421         0.001128638421         0.001128638421         0.001128638421         0.001128638421         0.001128638421         0.001128638421         0.001128638421         0.001128638421         0.001128638421         0.001128638421
       -0.001346140890        -0.001346140887        -0.001346140888        -0.001346140887        -0.001346140888        -0.001346140887        -0.001346140887        -0.001346140887        -0.001346140887        -0.001346140887        -0.001346140887        -0.001346140887        -0.001346140887        -0.001346140887        -0.001346140887        -0.001346140887        -0.001346140887        -0.001346140887        -0.001346140887        -0.001346140887        -0.001346140887        -0.001346140887        -0.001346140887        -0.001346140887        -0.001346140887        -0.001346140887
        0.000448112918         0.000448112919         0.000448112919         0.000448112919         0.000448112919         0.000448112919         0.000448112919         0.000448112919         0.000448112919         0.000448112919         0.000448112919         0.000448112919         0.000448112919         0.000448112919         0.000448112919         0.000448112919         0.000448112919         0.000448112919         0.000448112919         0.000448112919         0.000448112919         0.000448112919         0.000448112919         0.000448112919         0.000448112919         0.000448112919
       -0.000541241855        -0.000541241853        -0.000541241854        -0.000541241854        -0.000541241854        -0.000541241854        -0.000541241854        -0.000541241854        -0.000541241854        -0.000541241854        -0.000541241854        -0.000541241854        -0.000541241854        -0.000541241854        -0.000541241854        -0.000541241854        -0.000541241854        -0.000541241854        -0.000541241854        -0.000541241854        -0.000541241854        -0.000541241854        -0.000541241854        -0.000541241854        -0.000541241854        -0.000541241854
        0.000173592806         0.000173592806         0.000173592806         0.000173592806         0.000173592806         0.000173592806         0.000173592806         0.000173592806         0.000173592806         0.000173592806         0.000173592806         0.000173592806         0.000173592806         0.000173592806         0.000173592806         0.000173592806         0.000173592806         0.000173592806         0.000173592806         0.000173592806         0.000173592806         0.000173592806         0.000173592806         0.000173592806         0.000173592806         0.000173592806
       -0.000222312365        -0.000222312364        -0.000222312365        -0.000222312365        -0.000222312365        -0.000222312365        -0.000222312365        -0.000222312365        -0.000222312365        -0.000222312365        -0.000222312365        -0.000222312365        -0.000222312365        -0.000222312365        -0.000222312365        -0.000222312365        -0.000222312365        -0.000222312365        -0.000222312365        -0.000222312365        -0.000222312365        -0.000222312365        -0.000222312365        -0.000222312365        -0.000222312365        -0.000222312365
        0.000065307049         0.000065307049         0.000065307049         0.000065307049         0.000065307049         0.000065307049         0.000065307049         0.000065307049         0.000065307049         0.000065307049         0.000065307049         0.000065307049         0.000065307049         0.000065307049         0.000065307049         0.000065307049         0.000065307049         0.000065307049         0.000065307049         0.000065307049         0.000065307049         0.000065307049         0.000065307049         0.000065307049         0.000065307049         0.000065307049
       -0.000092359216        -0.000092359216        -0.000092359216        -0.000092359216        -0.000092359216        -0.000092359216        -0.000092359216        -0.000092359216        -0.000092359216        -0.000092359216        -0.000092359216        -0.000092359216        -0.000092359216        -0.000092359216        -0.000092359216        -0.000092359216        -0.000092359216        -0.000092359216        -0.000092359216        -0.000092359216        -0.000092359216        -0.000092359216        -0.000092359216        -0.000092359216        -0.000092359216        -0.000092359216
        0.000023642818         0.000023642818         0.000023642818         0.000023642818         0.000023642818         0.000023642818         0.000023642818         0.000023642818         0.000023642818         0.000023642818         0.000023642818         0.000023642818         0.000023642818         0.000023642818         0.000023642818         0.000023642818         0.000023642818         0.000023642818         0.000023642818         0.000023642818         0.000023642818         0.000023642818         0.000023642818         0.000023642818         0.000023642818         0.000023642818
       -0.000038666430        -0.000038666430        -0.000038666430        -0.000038666430        -0.000038666429        -0.000038666429        -0.000038666429        -0.000038666429        -0.000038666429        -0.000038666429        -0.000038666429        -0.000038666429        -0.000038666429        -0.000038666429        -0.000038666429        -0.000038666429        -0.000038666429        -0.000038666429        -0.000038666429        -0.000038666429        -0.000038666429        -0.000038666429        -0.000038666429        -0.000038666429        -0.000038666429        -0.000038666429
        0.000008088856         0.000008088856         0.000008088856         0.000008088856         0.000008088856         0.000008088856         0.000008088856         0.000008088856         0.000008088856         0.000008088856         0.000008088856         0.000008088856         0.000008088856         0.000008088856         0.000008088856         0.000008088856         0.000008088856         0.000008088856         0.000008088856         0.000008088856         0.000008088856         0.000008088856         0.000008088856         0.000008088856         0.000008088856         0.000008088856
       -0.000016292159        -0.000016292158        -0.000016292159        -0.000016292158        -0.000016292158        -0.000016292158        -0.000016292158        -0.000016292158        -0.000016292158        -0.000016292158        -0.000016292158        -0.000016292158        -0.000016292158        -0.000016292158        -0.000016292158        -0.000016292158        -0.000016292158        -0.000016292158        -0.000016292158        -0.000016292158        -0.000016292158        -0.000016292158        -0.000016292158        -0.000016292158        -0.000016292158        -0.000016292158
        0.000002514205         0.000002514205         0.000002514205         0.000002514205         0.000002514205         0.000002514205         0.000002514205         0.000002514205         0.000002514205         0.000002514205         0.000002514205         0.000002514205         0.000002514205         0.000002514205         0.000002514205         0.000002514205         0.000002514205         0.000002514205         0.000002514205         0.000002514205         0.000002514205         0.000002514205         0.000002514205         0.000002514205         0.000002514205         0.000002514205
       -0.000006908559        -0.000006908559        -0.000006908559        -0.000006908559        -0.000006908559        -0.000006908559        -0.000006908559        -0.000006908559        -0.000006908559        -0.000006908559        -0.000006908559        -0.000006908559        -0.000006908559        -0.000006908559        -0.000006908559        -0.000006908559        -0.000006908559        -0.000006908559        -0.000006908559        -0.000006908559        -0.000006908559        -0.000006908559        -0.000006908559        -0.000006908559        -0.000006908559        -0.000006908559
        0.000000636071         0.000000636071         0.000000636071         0.000000636071         0.000000636071         0.000000636071         0.000000636071         0.000000636071         0.000000636071         0.000000636071         0.000000636071         0.000000636071         0.000000636071         0.000000636071         0.000000636071         0.000000636071         0.000000636071         0.000000636071         0.000000636071         0.000000636071         0.000000636071         0.000000636071         0.000000636071         0.000000636071         0.000000636071         0.000000636071
       -0.000002949990        -0.000002949990        -0.000002949990        -0.000002949990        -0.000002949990        -0.000002949990        -0.000002949990        -0.000002949990        -0.000002949990        -0.000002949990        -0.000002949990        -0.000002949990        -0.000002949990        -0.000002949990        -0.000002949990        -0.000002949990        -0.000002949990        -0.000002949990        -0.000002949990        -0.000002949990        -0.000002949990        -0.000002949990        -0.000002949990        -0.000002949990        -0.000002949990        -0.000002949990
        0.000000068692         0.000000068692         0.000000068692         0.000000068692         0.000000068692         0.000000068692         0.000000068692         0.000000068692         0.000000068692         0.000000068692         0.000000068692         0.000000068692         0.000000068692         0.000000068692         0.000000068692         0.000000068692         0.000000068692         0.000000068692         0.000000068693         0.000000068693         0.000000068693         0.000000068693         0.000000068693         0.000000068693         0.000000068693         0.000000068693
       -0.000001269649        -0.000001269649        -0.000001269649        -0.000001269649        -0.000001269649        -0.000001269649        -0.000001269649        -0.000001269649        -0.000001269649        -0.000001269649        -0.000001269649        -0.000001269649        -0.000001269649        -0.000001269649        -0.000001269649        -0.000001269649        -0.000001269649        -0.000001269649        -0.000001269649        -0.000001269649        -0.000001269649        -0.000001269649        -0.000001269649        -0.000001269649        -0.000001269649        -0.000001269649
       -0.000000064592        -0.000000064592        -0.000000064592        -0.000000064592        -0.000000064592        -0.000000064592        -0.000000064592        -0.000000064592        -0.000000064592        -0.000000064592        -0.000000064592        -0.000000064592        -0.000000064592        -0.000000064592        -0.000000064592        -0.000000064592        -0.000000064592        -0.000000064592        -0.000000064592        -0.000000064592        -0.000000064592        -0.000000064592        -0.000000064592        -0.000000064592        -0.000000064592        -0.000000064592
       -0.000000551342        -0.000000551342        -0.000000551342        -0.000000551342        -0.000000551342        -0.000000551342        -0.000000551342        -0.000000551342        -0.000000551342        -0.000000551342        -0.000000551342        -0.000000551342        -0.000000551342        -0.000000551342        -0.000000551342        -0.000000551342        -0.000000551342        -0.000000551342        -0.000000551342        -0.000000551342        -0.000000551342        -0.000000551342        -0.000000551342        -0.000000551342        -0.000000551342        -0.000000551342
       -0.000000071047        -0.000000071047        -0.000000071047        -0.000000071047        -0.000000071047        -0.000000071047        -0.000000071047        -0.000000071047        -0.000000071047        -0.000000071047        -0.000000071047        -0.000000071047        -0.000000071047        -0.000000071047        -0.000000071047        -0.000000071047        -0.000000071047        -0.000000071047        -0.000000071047        -0.000000071047        -0.000000071047        -0.000000071047        -0.000000071047        -0.000000071047        -0.000000071047        -0.000000071047
       -0.000000241785        -0.000000241785        -0.000000241785        -0.000000241785        -0.000000241785        -0.000000241785        -0.000000241785        -0.000000241785        -0.000000241785        -0.000000241785        -0.000000241785        -0.000000241785        -0.000000241785        -0.000000241785        -0.000000241785        -0.000000241785        -0.000000241785        -0.000000241785        -0.000000241785        -0.000000241785        -0.000000241785        -0.000000241785        -0.000000241785        -0.000000241785        -0.000000241785        -0.000000241785
       -0.000000050481        -0.000000050481        -0.000000050481        -0.000000050481        -0.000000050481        -0.000000050481        -0.000000050481        -0.000000050481        -0.000000050481        -0.000000050481        -0.000000050481        -0.000000050481        -0.000000050481        -0.000000050481        -0.000000050481        -0.000000050481        -0.000000050481        -0.000000050481        -0.000000050481        -0.000000050481        -0.000000050481        -0.000000050481        -0.000000050481        -0.000000050481        -0.000000050481        -0.000000050481
       -0.000000107151        -0.000000107151        -0.000000107151        -0.000000107151        -0.000000107151        -0.000000107151        -0.000000107151        -0.000000107151        -0.000000107151        -0.000000107151        -0.000000107151        -0.000000107151        -0.000000107151        -0.000000107151        -0.000000107151        -0.000000107151        -0.000000107151        -0.000000107151        -0.000000107151        -0.000000107151        -0.000000107151        -0.000000107151        -0.000000107151        -0.000000107151        -0.000000107151        -0.000000107151
       -0.000000030917        -0.000000030917        -0.000000030917        -0.000000030917        -0.000000030917        -0.000000030917        -0.000000030917        -0.000000030917        -0.000000030917        -0.000000030917        -0.000000030917        -0.000000030917        -0.000000030917        -0.000000030917        -0.000000030917        -0.000000030917        -0.000000030917        -0.000000030917        -0.000000030917        -0.000000030917        -0.000000030917        -0.000000030917        -0.000000030917        -0.000000030917        -0.000000030917        -0.000000030917
       -0.000000048003        -0.000000048003        -0.000000048003        -0.000000048003        -0.000000048003        -0.000000048003        -0.000000048003        -0.000000048003        -0.000000048003        -0.000000048003        -0.000000048003        -0.000000048003        -0.000000048003        -0.000000048003        -0.000000048003        -0.000000048003        -0.000000048003        -0.000000048003        -0.000000048003        -0.000000048003        -0.000000048003        -0.000000048003        -0.000000048003        -0.000000048003        -0.000000048003        -0.000000048003
       -0.000000017569        -0.000000017569        -0.000000017569        -0.000000017569        -0.000000017569        -0.000000017569        -0.000000017569        -0.000000017569        -0.000000017569        -0.000000017569        -0.000000017569        -0.000000017569        -0.000000017569        -0.000000017569        -0.000000017569        -0.000000017569        -0.000000017569        -0.000000017569        -0.000000017569        -0.000000017569        -0.000000017569        -0.000000017569        -0.000000017569        -0.000000017569        -0.000000017569        -0.000000017569
       -0.000000021739        -0.000000021739        -0.000000021739        -0.000000021739        -0.000000021739        -0.000000021739        -0.000000021739        -0.000000021739        -0.000000021739        -0.000000021739        -0.000000021739        -0.000000021739        -0.000000021739        -0.000000021739        -0.000000021739        -0.000000021739        -0.000000021739        -0.000000021739        -0.000000021739        -0.000000021739        -0.000000021739        -0.000000021739        -0.000000021739        -0.000000021739        -0.000000021739        -0.000000021739
       -0.000000009548        -0.000000009548        -0.000000009548        -0.000000009548        -0.000000009548        -0.000000009548        -0.000000009548        -0.000000009548        -0.000000009548        -0.000000009548        -0.000000009548        -0.000000009548        -0.000000009548        -0.000000009548        -0.000000009548        -0.000000009548        -0.000000009548        -0.000000009548        -0.000000009548        -0.000000009548        -0.000000009548        -0.000000009548        -0.000000009548        -0.000000009548        -0.000000009548        -0.000000009548
       -0.000000009948        -0.000000009948        -0.000000009948        -0.000000009948        -0.000000009948        -0.000000009948        -0.000000009948        -0.000000009948        -0.000000009948        -0.000000009948        -0.000000009948        -0.000000009948        -0.000000009948        -0.000000009948        -0.000000009948        -0.000000009948        -0.000000009948        -0.000000009948        -0.000000009948        -0.000000009948        -0.000000009948        -0.000000009948        -0.000000009948        -0.000000009948        -0.000000009948        -0.000000009948
       -0.000000005040        -0.000000005040        -0.000000005040        -0.000000005040        -0.000000005040        -0.000000005040        -0.000000005040        -0.000000005040        -0.000000005040        -0.000000005040        -0.000000005040        -0.000000005040        -0.000000005040        -0.000000005040        -0.000000005040        -0.000000005040        -0.000000005040        -0.000000005040        -0.000000005040        -0.000000005040        -0.000000005040        -0.000000005040        -0.000000005040        -0.000000005040        -0.000000005040        -0.000000005040
       -0.000000004597        -0.000000004597        -0.000000004597        -0.000000004597        -0.000000004597        -0.000000004597        -0.000000004597        -0.000000004597        -0.000000004597        -0.000000004597        -0.000000004597        -0.000000004597        -0.000000004597        -0.000000004597        -0.000000004597        -0.000000004597        -0.000000004597        -0.000000004597        -0.000000004597        -0.000000004597        -0.000000004597        -0.000000004597        -0.000000004597        -0.000000004597        -0.000000004597        -0.000000004597
       -0.000000002608        -0.000000002608        -0.000000002608        -0.000000002608        -0.000000002608        -0.000000002608        -0.000000002608        -0.000000002608        -0.000000002608        -0.000000002608        -0.000000002608        -0.000000002608        -0.000000002608        -0.000000002608        -0.000000002608        -0.000000002608        -0.000000002608        -0.000000002608        -0.000000002608        -0.000000002608        -0.000000002608        -0.000000002608        -0.000000002608        -0.000000002608        -0.000000002608        -0.000000002608
       -0.000000002144        -0.000000002144        -0.000000002144        -0.000000002144        -0.000000002144        -0.000000002144        -0.000000002144        -0.000000002144        -0.000000002144        -0.000000002144        -0.000000002144        -0.000000002144        -0.000000002144        -0.000000002144        -0.000000002144        -0.000000002144        -0.000000002144        -0.000000002144        -0.000000002144        -0.000000002144        -0.000000002144        -0.000000002144        -0.000000002144        -0.000000002144        -0.000000002144        -0.000000002144
       -0.000000001330        -0.000000001330        -0.000000001330        -0.000000001330        -0.000000001330        -0.000000001330        -0.000000001330        -0.000000001330        -0.000000001330        -0.000000001330        -0.000000001330        -0.000000001330        -0.000000001330        -0.000000001330        -0.000000001330        -0.000000001330        -0.000000001330        -0.000000001330        -0.000000001330        -0.000000001330        -0.000000001330        -0.000000001330        -0.000000001330        -0.000000001330        -0.000000001330        -0.000000001330
       -0.000000001008        -0.000000001008        -0.000000001008        -0.000000001008        -0.000000001008        -0.000000001008        -0.000000001008        -0.000000001008        -0.000000001008        -0.000000001008        -0.000000001008        -0.000000001008        -0.000000001008        -0.000000001008        -0.000000001008        -0.000000001008        -0.000000001008        -0.000000001008        -0.000000001008        -0.000000001008        -0.000000001008        -0.000000001008        -0.000000001008        -0.000000001008        -0.000000001008        -0.000000001008
       -0.000000000671        -0.000000000671        -0.000000000671        -0.000000000671        -0.000000000671        -0.000000000671        -0.000000000671        -0.000000000671        -0.000000000671        -0.000000000671        -0.000000000671        -0.000000000671        -0.000000000671        -0.000000000671        -0.000000000671        -0.000000000671        -0.000000000671        -0.000000000671        -0.000000000671        -0.000000000671        -0.000000000671        -0.000000000671        -0.000000000671        -0.000000000671        -0.000000000671        -0.000000000671
       -0.000000000477        -0.000000000477        -0.000000000477        -0.000000000477        -0.000000000477        -0.000000000477        -0.000000000477        -0.000000000477        -0.000000000477        -0.000000000477        -0.000000000477        -0.000000000477        -0.000000000477        -0.000000000477        -0.000000000477        -0.000000000477        -0.000000000477        -0.000000000477        -0.000000000477        -0.000000000477        -0.000000000477        -0.000000000477        -0.000000000477        -0.000000000477        -0.000000000477        -0.000000000477
       -0.000000000336        -0.000000000336        -0.000000000336        -0.000000000336        -0.000000000336        -0.000000000336        -0.000000000336        -0.000000000336        -0.000000000336        -0.000000000336        -0.000000000336        -0.000000000336        -0.000000000336        -0.000000000336        -0.000000000336        -0.000000000336        -0.000000000336        -0.000000000336        -0.000000000336        -0.000000000336        -0.000000000336        -0.000000000336        -0.000000000336        -0.000000000336        -0.000000000336        -0.000000000336
       -0.000000000227        -0.000000000227        -0.000000000227        -0.000000000227        -0.000000000227        -0.000000000227        -0.000000000227        -0.000000000227        -0.000000000227        -0.000000000227        -0.000000000227        -0.000000000227        -0.000000000227        -0.000000000227        -0.000000000227        -0.000000000227        -0.000000000227        -0.000000000227        -0.000000000227        -0.000000000227        -0.000000000227        -0.000000000227        -0.000000000227        -0.000000000227        -0.000000000227        -0.000000000228
       -0.000000000167        -0.000000000167        -0.000000000167        -0.000000000167        -0.000000000167        -0.000000000167        -0.000000000167        -0.000000000167        -0.000000000167        -0.000000000167        -0.000000000167        -0.000000000167        -0.000000000167        -0.000000000167        -0.000000000167        -0.000000000167        -0.000000000167        -0.000000000167        -0.000000000167        -0.000000000167        -0.000000000167        -0.000000000167        -0.000000000167        -0.000000000167        -0.000000000167        -0.000000000167
       -0.000000000109        -0.000000000109        -0.000000000109        -0.000000000109        -0.000000000109        -0.000000000109        -0.000000000109        -0.000000000109        -0.000000000109        -0.000000000109        -0.000000000109        -0.000000000109        -0.000000000109        -0.000000000109        -0.000000000109        -0.000000000109        -0.000000000109        -0.000000000109        -0.000000000109        -0.000000000109        -0.000000000109        -0.000000000109        -0.000000000109        -0.000000000109        -0.000000000109        -0.000000000110
       -0.000000000083        -0.000000000083        -0.000000000083        -0.000000000083        -0.000000000083        -0.000000000083        -0.000000000083        -0.000000000083        -0.000000000083        -0.000000000083        -0.000000000083        -0.000000000083        -0.000000000083        -0.000000000083        -0.000000000083        -0.000000000083        -0.000000000083        -0.000000000083        -0.000000000083        -0.000000000083        -0.000000000083        -0.000000000083        -0.000000000083        -0.000000000083        -0.000000000084        -0.000000000085
       -0.000000000052        -0.000000000052        -0.000000000052        -0.000000000052        -0.000000000052        -0.000000000052        -0.000000000052        -0.000000000052        -0.000000000052        -0.000000000052        -0.000000000052        -0.000000000052        -0.000000000052        -0.000000000052        -0.000000000052        -0.000000000052        -0.000000000052        -0.000000000052        -0.000000000052        -0.000000000052        -0.000000000052        -0.000000000052        -0.000000000053        -0.000000000053        -0.000000000054        -0.000000000057
       -0.000000000041        -0.000000000041        -0.000000000041        -0.000000000041        -0.000000000041        -0.000000000041        -0.000000000041        -0.000000000041        -0.000000000041        -0.000000000041        -0.000000000041        -0.000000000041        -0.000000000041        -0.000000000041        -0.000000000041        -0.000000000041        -0.000000000041        -0.000000000041        -0.000000000041        -0.000000000041        -0.000000000041        -0.000000000041        -0.000000000041        -0.000000000042        -0.000000000044        -0.000000000052
       -0.000000000025        -0.000000000025        -0.000000000025        -0.000000000025        -0.000000000025        -0.000000000025        -0.000000000025        -0.000000000025        -0.000000000025        -0.000000000025        -0.000000000025        -0.000000000025        -0.000000000025        -0.000000000025        -0.000000000025        -0.000000000025        -0.000000000025        -0.000000000025        -0.000000000025        -0.000000000025        -0.000000000025        -0.000000000026        -0.000000000026        -0.000000000028        -0.000000000033        -0.000000000051
       -0.000000000020        -0.000000000020        -0.000000000020        -0.000000000020        -0.000000000020        -0.000000000020        -0.000000000020        -0.000000000020        -0.000000000020        -0.000000000020        -0.000000000020        -0.000000000020        -0.000000000020        -0.000000000020        -0.000000000020        -0.000000000020        -0.000000000020        -0.000000000020        -0.000000000020        -0.000000000020        -0.000000000020        -0.000000000021        -0.000000000022        -0.000000000025        -0.000000000038
       -0.000000000012        -0.000000000012        -0.000000000012        -0.000000000012        -0.000000000012        -0.000000000012        -0.000000000012        -0.000000000012        -0.000000000012        -0.000000000012        -0.000000000012        -0.000000000012        -0.000000000012        -0.000000000012        -0.000000000012        -0.000000000012        -0.000000000012        -0.000000000012        -0.000000000012        -0.000000000012        -0.000000000013        -0.000000000013        -0.000000000016        -0.000000000025
       -0.000000000010        -0.000000000010        -0.000000000010        -0.000000000010        -0.000000000010        -0.000000000010        -0.000000000010        -0.000000000010        -0.000000000010        -0.000000000010        -0.000000000010        -0.000000000010        -0.000000000010        -0.000000000010        -0.000000000010        -0.000000000010        -0.000000000010        -0.000000000010        -0.000000000010        -0.000000000010        -0.000000000011        -0.000000000012        -0.000000000019
       -0.000000000006        -0.000000000006        -0.000000000006        -0.000000000006        -0.000000000006        -0.000000000006        -0.000000000006        -0.000000000006        -0.000000000006        -0.000000000006        -0.000000000006        -0.000000000006        -0.000000000006        -0.000000000006        -0.000000000006        -0.000000000006        -0.000000000006        -0.000000000006        -0.000000000006        -0.000000000007        -0.000000000008        -0.000000000012
       -0.000000000005        -0.000000000005        -0.000000000005        -0.000000000005        -0.000000000005        -0.000000000005        -0.000000000005        -0.000000000005        -0.000000000005        -0.000000000005        -0.000000000005        -0.000000000005        -0.000000000005        -0.000000000005        -0.000000000005        -0.000000000005        -0.000000000005        -0.000000000005        -0.000000000005        -0.000000000006        -0.000000000009
       -0.000000000003        -0.000000000003        -0.000000000003        -0.000000000003        -0.000000000003        -0.000000000003        -0.000000000003        -0.000000000003        -0.000000000003        -0.000000000003        -0.000000000003        -0.000000000003        -0.000000000003        -0.000000000003        -0.000000000003        -0.000000000003        -0.000000000003        -0.000000000003        -0.000000000004        -0.000000000006
       -0.000000000002        -0.000000000002        -0.000000000002        -0.000000000002        -0.000000000002        -0.000000000002        -0.000000000002        -0.000000000002        -0.000000000002        -0.000000000002        -0.000000000002        -0.000000000002        -0.000000000002        -0.000000000002        -0.000000000002        -0.000000000002        -0.000000000003        -0.000000000003        -0.000000000004
       -0.000000000001        -0.000000000001        -0.000000000001        -0.000000000001        -0.000000000001        -0.000000000001        -0.000000000001        -0.000000000001        -0.000000000001        -0.000000000001        -0.000000000001        -0.000000000001        -0.000000000001        -0.000000000001        -0.000000000001        -0.000000000002        -0.000000000002        -0.000000000003
       -0.000000000001        -0.000000000001        -0.000000000001        -0.000000000001        -0.000000000001        -0.000000000001        -0.000000000001        -0.000000000001        -0.000000000001        -0.000000000001        -0.000000000001        -0.000000000001        -0.000000000001        -0.000000000001        -0.000000000001        -0.000000000001        -0.000000000002
       -0.000000000001        -0.000000000001        -0.000000000001        -0.000000000001        -0.000000000001        -0.000000000001        -0.000000000001        -0.000000000001        -0.000000000001        -0.000000000001        -0.000000000001        -0.000000000001        -0.000000000001        -0.000000000001        -0.000000000001        -0.000000000001
       -0.000000000001        -0.000000000001        -0.000000000001        -0.000000000001        -0.000000000001        -0.000000000001        -0.000000000001        -0.000000000001        -0.000000000001        -0.000000000001        -0.000000000001        -0.000000000001        -0.000000000001        -0.000000000001        -0.000000000001
       -0.000000000000        -0.000000000000        -0.000000000000        -0.000000000000        -0.000000000000        -0.000000000000        -0.000000000000        -0.000000000000        -0.000000000000        -0.000000000000        -0.000000000000        -0.000000000000        -0.000000000000        -0.000000000001
       -0.000000000000        -0.000000000000        -0.000000000000        -0.000000000000        -0.000000000000        -0.000000000000        -0.000000000000        -0.000000000000        -0.000000000000        -0.000000000000        -0.000000000000        -0.000000000000        -0.000000000001
       -0.000000000000        -0.000000000000        -0.000000000000        -0.000000000000        -0.000000000000        -0.000000000000        -0.000000000000        -0.000000000000        -0.000000000000        -0.000000000000        -0.000000000000        -0.000000000000
       -0.000000000000        -0.000000000000        -0.000000000000        -0.000000000000        -0.000000000000        -0.000000000000        -0.000000000000        -0.000000000000        -0.000000000000        -0.000000000000        -0.000000000000
       -0.000000000000        -0.000000000000        -0.000000000000        -0.000000000000        -0.000000000000        -0.000000000000        -0.000000000000        -0.000000000000        -0.000000000000        -0.000000000000
       -0.000000000000        -0.000000000000        -0.000000000000        -0.000000000000        -0.000000000000        -0.000000000000        -0.000000000000        -0.000000000000        -0.000000000000
       -0.000000000000        -0.000000000000        -0.000000000000        -0.000000000000        -0.000000000000        -0.000000000000        -0.000000000000        -0.000000000000
       -0.000000000000        -0.000000000000        -0.000000000000        -0.000000000000        -0.000000000000        -0.000000000000        -0.000000000000
       -0.000000000000        -0.000000000000        -0.000000000000        -0.000000000000        -0.000000000000        -0.000000000000
       -0.000000000000        -0.000000000000        -0.000000000000        -0.000000000000        -0.000000000000
       -0.000000000000        -0.000000000000        -0.000000000000        -0.000000000000
       -0.000000000000        -0.000000000000        -0.000000000000
       -0.000000000000        -0.000000000000
       -0.000000000000
