0.06911
-0.0533296
0.0343655
-0.0237006
0.0154946
-0.0103672
0.00678455
-0.00447144
0.00291528
-0.0019027
0.00123402
-0.000799322
0.000515475
-0.000331702
0.000212692
-0.000136025
8.67121e-05
-5.51187e-05
3.49254e-05
-2.20626e-05
1.38918e-05
-8.71837e-06
5.45274e-06
-3.39819e-06
2.10984e-06
-1.30478e-06
8.03513e-07
-4.92596e-07
3.00516e-07
-1.8236e-07
1.10011e-07
-6.59312e-08
3.92209e-08
-2.31333e-08
1.35091e-08
-7.79562e-09
4.43369e-09
-2.47592e-09
1.34995e-09
-7.12181e-10
3.5786e-10
-1.65939e-10
6.55438e-11
-1.56855e-11
-7.04034e-12
1.57031e-11
-1.75051e-11
1.543e-11
