0.0599561
-0.0523172
0.0303383
-0.0232043
0.0138649
-0.0101371
0.00616297
-0.00438398
0.00269209
-0.0018786
0.00116038
-0.000798082
0.000494587
-0.000336247
0.000208721
-0.000140532
8.72976e-05
-5.82782e-05
3.61974e-05
-2.39767e-05
1.48798e-05
-9.78527e-06
6.06401e-06
-3.96096e-06
2.44981e-06
-1.58992e-06
9.80881e-07
-6.32618e-07
3.89082e-07
-2.49382e-07
1.52807e-07
-9.73236e-08
5.93678e-08
-3.75623e-08
2.27896e-08
-1.43168e-08
8.6292e-09
-5.37822e-09
3.21527e-09
-1.98569e-09
1.17485e-09
-7.17593e-10
4.18814e-10
-2.52236e-10
1.44468e-10
-8.53548e-11
4.75472e-11
-2.72973e-11
1.45298e-11
-7.93932e-12
3.86606e-12
-1.89199e-12
7.11354e-13
-2.08853e-13
-7.05866e-14
1.48342e-13
-1.77995e-13
1.56683e-13
-1.33856e-13
1.03229e-13
-7.95599e-14
5.8063e-14
-4.25479e-14
3.0111e-14
-2.14074e-14
1.48511e-14
-1.03455e-14
7.07612e-15
-4.85698e-15
3.28655e-15
-2.23039e-15
1.49637e-15
-1.00631e-15
6.70371e-16
-4.4744e-16
2.96278e-16
-1.96486e-16
1.29421e-16
-8.53491e-17
5.59528e-17
-3.6715e-17
2.3966e-17
-1.56545e-17
1.01778e-17
-6.62017e-18
4.28792e-18
-2.77807e-18
1.7929e-18
-1.15724e-18
7.44334e-19
-4.78834e-19
3.07176e-19
-1.97301e-19
1.26774e-19
-8.21477e-20
5.4157e-20
-3.7376e-20
2.81739e-20
