0.0522354
-0.0237529
0.019623
-0.0148482
0.00802442
-0.00606304
0.00419882
-0.00247343
0.0018025
-0.00120713
0.000745403
-0.000530392
0.000349809
-0.000222452
0.000155408
-0.000101861
6.61449e-05
-4.54664e-05
2.9817e-05
-1.96432e-05
1.33135e-05
-8.76396e-06
5.81494e-06
-3.90337e-06
2.57825e-06
-1.71485e-06
1.14545e-06
-7.59005e-07
5.05522e-07
-3.37142e-07
2.24038e-07
-1.49386e-07
9.96355e-08
-6.636e-08
4.42908e-08
-2.95603e-08
1.9721e-08
-1.31736e-08
8.79994e-09
-5.87932e-09
3.93257e-09
-2.63278e-09
1.76644e-09
-1.19184e-09
8.13041e-10
-5.65202e-10
4.13195e-10
-3.31267e-10
