0.0502605
-0.0233604
0.0176194
-0.0142741
0.0078428
-0.00546678
0.00402274
-0.00239355
0.0016292
-0.0011518
0.000713804
-0.000480419
0.000332172
-0.000210854
0.000141074
-9.61433e-05
6.20833e-05
-4.14371e-05
2.79402e-05
-1.82835e-05
1.21868e-05
-8.15971e-06
5.3784e-06
-3.57776e-06
2.38451e-06
-1.57738e-06
1.04856e-06
-6.97891e-07
4.6302e-07
-3.08065e-07
2.05166e-07
-1.36481e-07
9.09477e-08
-6.06517e-08
4.04373e-08
-2.69897e-08
1.80246e-08
-1.20383e-08
8.04582e-09
-5.37968e-09
3.5976e-09
-2.4069e-09
1.61074e-09
-1.07808e-09
7.21756e-10
-4.8328e-10
3.23626e-10
-2.16741e-10
1.45167e-10
-9.72311e-11
6.5126e-11
-4.36214e-11
2.92166e-11
-1.95678e-11
1.31047e-11
-8.77556e-12
5.87603e-12
-3.93411e-12
2.63365e-12
-1.76284e-12
1.1798e-12
-7.89483e-13
5.28214e-13
-3.53352e-13
2.36339e-13
-1.58048e-13
1.05674e-13
-7.06427e-14
4.72161e-14
-3.15525e-14
2.10813e-14
-1.40825e-14
9.40548e-15
-6.28058e-15
4.1931e-15
-2.79891e-15
1.86792e-15
-1.24637e-15
8.31478e-16
-5.5459e-16
3.69837e-16
-2.46585e-16
1.64376e-16
-1.09555e-16
7.30033e-17
-4.8638e-17
3.23992e-17
-2.1579e-17
1.43709e-17
-9.57064e-18
6.37566e-18
-4.25072e-18
2.83936e-18
-1.90615e-18
1.29323e-18
-8.94739e-19
6.51197e-19
-5.21082e-19
