       -0.003509512912        -0.003508672304        -0.003507989852        -0.003507576911        -0.003507495113        -0.003507743544        -0.003508258022        -0.003508922872        -0.003509593062        -0.003510122484        -0.003510392817        -0.003510337200        -0.003509953886        -0.003509307013        -0.003508514211        -0.003507723440        -0.003507083652        -0.003506715121        -0.003506685392        -0.003506995659        -0.003507580342        -0.003508319975        -0.003509064899        -0.003509665033        -0.003509999804        -0.003510002221
        0.001365513614         0.001366260685         0.001367098526         0.001368033804         0.001369047867         0.001370100008         0.001371134157         0.001372088180         0.001372904508         0.001373540306         0.001373975474         0.001374216916         0.001374298188         0.001374274366         0.001374212913         0.001374182044         0.001374238702         0.001374418294         0.001374728195         0.001375146283         0.001375624849         0.001376099281         0.001376499905         0.001376764831         0.001376851370         0.001376743937
       -0.000750262718        -0.000748943250        -0.000748293237        -0.000748656592        -0.000750146942        -0.000752629728        -0.000755754461        -0.000759030432        -0.000761929501        -0.000763995449        -0.000764937342        -0.000764687910        -0.000763415900        -0.000761489479        -0.000759399498        -0.000757657902        -0.000756692637        -0.000756760500        -0.000757895379        -0.000759902375        -0.000762398943        -0.000764894330        -0.000766890877        -0.000767986852        -0.000767959165        -0.000766809427
        0.000467586585         0.000466337895         0.000466182694         0.000467434758         0.000470090213         0.000473835634         0.000478118652         0.000482266009         0.000485624569         0.000487695824         0.000488237325         0.000487310422         0.000485265251         0.000482666387         0.000480175163         0.000478412988         0.000477834066         0.000478632886         0.000480705957         0.000483674612         0.000486964083         0.000489923318         0.000491959596         0.000492661098         0.000491882004         0.000489772639
       -0.000295723663        -0.000294865093        -0.000295513406        -0.000297845564        -0.000301664672        -0.000306447602        -0.000311458377        -0.000315902423        -0.000319091883        -0.000320586587        -0.000320282781        -0.000318432467        -0.000315588229        -0.000312488954        -0.000309906107        -0.000308485603        -0.000308615637        -0.000310348232        -0.000313390540        -0.000317166713        -0.000320937337        -0.000323952297        -0.000325605801        -0.000325561531        -0.000323822046        -0.000320728395
        0.000191046957         0.000190948390         0.000192657285         0.000196154153         0.000201025944         0.000206556964         0.000211880521         0.000216160093         0.000218760508         0.000219379027         0.000218104416         0.000215397124         0.000211992542         0.000208748484         0.000206468628         0.000205738173         0.000206804629         0.000209528799         0.000213415191         0.000217714618         0.000221579063         0.000224237680         0.000225155401         0.000224141888         0.000221392975         0.000217447489
       -0.000117621422        -0.000118425497        -0.000121260768        -0.000125874570        -0.000131625008        -0.000137618651        -0.000142896495        -0.000146633217        -0.000148305535        -0.000147798624        -0.000145428332        -0.000141873298        -0.000138035526        -0.000134853419        -0.000133110302        -0.000133273869        -0.000135402295        -0.000139133464        -0.000143760149        -0.000148377794        -0.000152069571        -0.000154095766        -0.000154046139        -0.000151923479        -0.000148143033        -0.000143449482
        0.000064957546         0.000066808457         0.000070801404         0.000076428359         0.000082825591         0.000088955002         0.000093818301         0.000096663925         0.000097139003         0.000095361327         0.000091892733         0.000087622038         0.000083582813         0.000080740668         0.000079795887         0.000081040947         0.000084302409         0.000088977026         0.000094157865         0.000098820343         0.000102032279         0.000103146391         0.000101934361         0.000098629862         0.000093886267         0.000088637450
       -0.000023857808        -0.000026854592        -0.000031979935        -0.000038458995        -0.000045222685        -0.000051130315        -0.000055203501        -0.000056827208        -0.000055874396        -0.000052729884        -0.000048211286        -0.000043398327        -0.000039413048        -0.000037189324        -0.000037281656        -0.000039753939        -0.000044167152        -0.000049671202        -0.000055179690        -0.000059591488        -0.000062020307        -0.000061973012        -0.000059452396        -0.000054957742        -0.000049379024        -0.000043819531
       -0.000008691672        -0.000004486784         0.000001681095         0.000008776379         0.000015561532         0.000020852298         0.000023760688         0.000023874709         0.000021343333         0.000016841603         0.000011433437         0.000006351232         0.000002744487         0.000001444810         0.000002795825         0.000006584993         0.000012088358         0.000018219115         0.000023751482         0.000027572096         0.000028907483         0.000027484813         0.000023583105         0.000017981756         0.000011796519         0.000006253904
        0.000034797331         0.000029385036         0.000022342949         0.000014942040         0.000008533576         0.000004272100         0.000002879647         0.000004499549         0.000008669255         0.000014416256         0.000020458604         0.000025467762         0.000028339433         0.000028420032         0.000025638277         0.000020519649         0.000014076211         0.000007600305         0.000002398768        -0.000000474672        -0.000000435252         0.000002513649         0.000007780353         0.000014307532         0.000020785795         0.000025924442
       -0.000054991685        -0.000048456574        -0.000040797881        -0.000033473962        -0.000027876842        -0.000025046633        -0.000025462004        -0.000028942720        -0.000034689740        -0.000041449255        -0.000047770724        -0.000052303400        -0.000054072122        -0.000052676210        -0.000048370157        -0.000042010066        -0.000034877615        -0.000028418551        -0.000023944741        -0.000022368007        -0.000024011247        -0.000028544247        -0.000035049440        -0.000042211690        -0.000048584186        -0.000052888626
        0.000069569997         0.000062092926         0.000054160018         0.000047349005         0.000043003967         0.000041963220         0.000044389629         0.000049739609         0.000056876926         0.000064304976         0.000070475053         0.000074101713         0.000074425606         0.000071367779         0.000065544120         0.000058138832         0.000050661743         0.000044638051         0.000041298605         0.000041325793         0.000044716237         0.000050779653         0.000058280522         0.000065691250         0.000071503126         0.000074536752
       -0.000078601351        -0.000070462874        -0.000062671539        -0.000056836287        -0.000054157895        -0.000055185677        -0.000059708659        -0.000066801120        -0.000075013103        -0.000082668552        -0.000088207851        -0.000090506474        -0.000089104206        -0.000084298075        -0.000077080772        -0.000068936342        -0.000061536301        -0.000056397952        -0.000054573862        -0.000056438506        -0.000061609297        -0.000069026923        -0.000077170371        -0.000084367243        -0.000089136748        -0.000090492066
        0.000082281753         0.000073854306         0.000066670334         0.000062269612         0.000061610553         0.000064877558         0.000071447020         0.000080016808         0.000088874075         0.000096246336         0.000100663400         0.000101257622         0.000097940707         0.000091420645         0.000083055199         0.000074574444         0.000067726036         0.000063918023         0.000063932555         0.000067764943         0.000074625098         0.000083099523         0.000091437948         0.000097911310         0.000101167120         0.000100504336
       -0.000080963582        -0.000072694231        -0.000066604613        -0.000064057727        -0.000065676822        -0.000071222071        -0.000079642834        -0.000089294658        -0.000098276341        -0.000104819520        -0.000107649154        -0.000106244459        -0.000100944335        -0.000092875831        -0.000083724343        -0.000075387064        -0.000069586138        -0.000067516445        -0.000069602196        -0.000075409782        -0.000083736955        -0.000092857277        -0.000100872483        -0.000106100578        -0.000107421369        -0.000104504296
        0.000075219771         0.000067603935         0.000063082920         0.000062735832         0.000066771106         0.000074488217         0.000084423282         0.000094650680         0.000103177006         0.000108349369         0.000109192435         0.000105607773         0.000098391801         0.000089072910         0.000079597260         0.000071931761         0.000067660778         0.000067664485         0.000071937612         0.000079591294         0.000089034443         0.000098297302         0.000105434931         0.000108924514         0.000107977962         0.000102703181
       -0.000065817375        -0.000059367750        -0.000056841844        -0.000058936514        -0.000065385965        -0.000075019482        -0.000086003316        -0.000096217072        -0.000103687633        -0.000106992889        -0.000105551675        -0.000099741774        -0.000090821556        -0.000080671252        -0.000071409101        -0.000064956460        -0.000062647273        -0.000064955008        -0.000071395577        -0.000080627110        -0.000090722741        -0.000099563382        -0.000105272484        -0.000106599207        -0.000103175380        -0.000095592510
        0.000053684248         0.000048895915         0.000048710511         0.000053360667         0.000062071895         0.000073224582         0.000084686652         0.000094250900         0.000100086234         0.000101112089         0.000097218802         0.000089288811         0.000079014793         0.000068553581         0.000060083396         0.000055360004         0.000055357753         0.000060070817         0.000068514728         0.000078926857         0.000089125310         0.000096954798         0.000100728669         0.000099573868         0.000093610753         0.000083930788
       -0.000039849110        -0.000037164518        -0.000039555050        -0.000046729095        -0.000057399509        -0.000069549444        -0.000080846157        -0.000089118426        -0.000092800559        -0.000091252692        -0.000084890164        -0.000075097758        -0.000063945393        -0.000053763964        -0.000046668845        -0.000044127894        -0.000046661588        -0.000053737624        -0.000063879080        -0.000074964992        -0.000084663358        -0.000090908228        -0.000092323268        -0.000088504075        -0.000080101949        -0.000068693086
        0.000025377941         0.000025154199         0.000030222807         0.000039736489         0.000051923036         0.000064449868         0.000074901596         0.000081274058         0.000082384839         0.000078113268         0.000069425038         0.000058172836         0.000046717049         0.000037442483         0.000032271049         0.000032269286         0.000037430842         0.000046677994         0.000058080994         0.000069251413         0.000077830579         0.000081972485         0.000080721969         0.000074211678         0.000063635733         0.000051007438
       -0.000011307612        -0.000013787502        -0.000021487825        -0.000033005723        -0.000046143907        -0.000058361206        -0.000067292573        -0.000071233127        -0.000069485697        -0.000062502815        -0.000051792600        -0.000039610169        -0.000028495133        -0.000020752809        -0.000017982954        -0.000020753177        -0.000028483173        -0.000039562987        -0.000051681324        -0.000062297367        -0.000069160894        -0.000070772949        -0.000066692989        -0.000057631011        -0.000045302789        -0.000032080609
       -0.000001415999         0.000003872987         0.000014002866         0.000027048936         0.000040479001         0.000051671835         0.000058453752         0.000059541781         0.000054806040         0.000045293775         0.000033016041         0.000020534488         0.000010437966         0.000004813326         0.000004818740         0.000010447494         0.000020529264         0.000032968644         0.000045173140         0.000054582886         0.000059194681         0.000057972363         0.000051059238         0.000039750783         0.000026230288         0.000013123642
        0.000011992603         0.000003942656        -0.000008259963        -0.000022236125        -0.000035236079        -0.000044702047        -0.000048790653        -0.000046748993        -0.000039066808        -0.000027376262        -0.000014116993        -0.000002037131         0.000006368380         0.000009368092         0.000006347559        -0.000002065275        -0.000014128037        -0.000027339453        -0.000038950593        -0.000046526688        -0.000048445829        -0.000044231384        -0.000034649945        -0.000021556620        -0.000007516667         0.000004718715
       -0.000019811964        -0.000009211566         0.000004562095         0.000018774929         0.000030598628         0.000037688580         0.000038662470         0.000033380613         0.000022974595         0.000009614272        -0.000003935676        -0.000014881104        -0.000020969745        -0.000020951358        -0.000014833007        -0.000003877828         0.000009652921         0.000022961458         0.000033285360         0.000038462514         0.000037374015         0.000030173644         0.000018257199         0.000003979324        -0.000009827052        -0.000020429461
        0.000024486722         0.000011708705        -0.000003008195        -0.000016702193        -0.000026620147        -0.000030779140        -0.000028370066        -0.000019921785        -0.000007192054         0.000007192261         0.000020271977         0.000029360800         0.000032594034         0.000029309702         0.000020183936         0.000007092910        -0.000007270496        -0.000019946483        -0.000028313506        -0.000030624544        -0.000026364923        -0.000016358378        -0.000002600126         0.000012149110         0.000024925807         0.000033169728
       -0.000025871126        -0.000011441087         0.000003491833         0.000015888374         0.000023230702         0.000024035230         0.000018153974         0.000006803359        -0.000007684853        -0.000022340067        -0.000034160095        -0.000040724537        -0.000040689338        -0.000034061942        -0.000022199761        -0.000007532734         0.000006933236         0.000018230164         0.000024034784         0.000023143775         0.000015720353         0.000003262282        -0.000011702224        -0.000026128970        -0.000037078450        -0.000042317835
        0.000024064716         0.000008642404        -0.000005715042        -0.000016055464        -0.000020254202        -0.000017445417        -0.000008197409         0.000005604816         0.000021144514         0.000035248617         0.000045036072         0.000048506524         0.000044949566         0.000035090424         0.000020941475         0.000005390739        -0.000008388274        -0.000017584729        -0.000020324962        -0.000016055740        -0.000005658275         0.000008729784         0.000024148219         0.000037417122         0.000045785873         0.000047497570
       -0.000019401191        -0.000003751188         0.000009216207         0.000016807339         0.000017435843         0.000010944566        -0.000001364419        -0.000016996076        -0.000032771763        -0.000045478262        -0.000052524479        -0.000052471339        -0.000045326626        -0.000032543596        -0.000016723290        -0.000001082716         0.000011202384         0.000017646114         0.000016960302         0.000009318308        -0.000003678652        -0.000019325758        -0.000034363750        -0.000045643560        -0.000050770108        -0.000048595245
        0.000012420672        -0.000002624885        -0.000013411183        -0.000017669475        -0.000014476109        -0.000004438202         0.000010431444         0.000027125198         0.000042254557         0.000052741991         0.000056450438         0.000052620871         0.000042028063         0.000026821789         0.000010086689        -0.000004788249        -0.000014801802        -0.000017953352        -0.000013651641        -0.000002836982         0.000012208321         0.000028322543         0.000042107197         0.000050621263         0.000051984092         0.000045764262
       -0.000003828865         0.000009757904         0.000017642709         0.000018135390         0.000011068422        -0.000002170858        -0.000018924064        -0.000035804264        -0.000049387293        -0.000056911237        -0.000056842124        -0.000049188320        -0.000035498861        -0.000018546019        -0.000001757997         0.000011481468         0.000018523839         0.000017996624         0.000010084574        -0.000003506027        -0.000019892313        -0.000035599924        -0.000047270451        -0.000052349182        -0.000049610789        -0.000039414629
       -0.000005556124        -0.000016855680        -0.000021236207        -0.000017715076        -0.000006937511         0.000008956457         0.000026769334         0.000042898369         0.000054071162         0.000058014941         0.000053922614         0.000042618149         0.000026387727         0.000008511374        -0.000007407764        -0.000018179136        -0.000021675823        -0.000017269628        -0.000005960728         0.000009823437         0.000026719828         0.000041113584         0.000049875992         0.000051007132         0.000044049481         0.000030185601
        0.000014862756         0.000023123300         0.000023555939         0.000015982485         0.000001874726        -0.000015947136        -0.000033890153        -0.000048321482        -0.000056310909        -0.000056230842        -0.000048090242        -0.000033532723        -0.000015499691         0.000002371848         0.000016492419         0.000024052535         0.000023596414         0.000015320436         0.000001035617        -0.000016198316        -0.000032693863        -0.000044887406        -0.000050068955        -0.000046940784        -0.000035887767        -0.000018901165
       -0.000023229452        -0.000027823558        -0.000024058577        -0.000012617658         0.000004233601         0.000023110089         0.000040197734         0.000052032071         0.000056207121         0.000051868419         0.000039888438         0.000022687584         0.000003738421        -0.000013144672        -0.000024584151        -0.000028328643        -0.000023712984        -0.000011796422         0.000004850085         0.000022664831         0.000037819999         0.000047004158         0.000048102765         0.000040635705         0.000025859265         0.000006509665
        0.000029865657         0.000030333331         0.000022339449         0.000007439523        -0.000011386314        -0.000030341379        -0.000045587208        -0.000054027832        -0.000053943768        -0.000045344590        -0.000029966973        -0.000010918736         0.000007957226         0.000022868188         0.000030845553         0.000030350779         0.000021590993         0.000006480209        -0.000011747421        -0.000029194843        -0.000042097129        -0.000047593589        -0.000044317702        -0.000032680570        -0.000014789278         0.000005985821
       -0.000034107708        -0.000030191208        -0.000018167778        -0.000000428095         0.000019456481         0.000037462512         0.000049935977         0.000054339460         0.000049772007         0.000037153846         0.000019037719        -0.000000913828        -0.000018677182        -0.000030689223        -0.000034574230        -0.000029629685        -0.000016972487         0.000000684930         0.000019584812         0.000035689901         0.000045509513         0.000046817613         0.000039112521         0.000023722594         0.000003533636        -0.000017602129
        0.000035465178         0.000027133187         0.000011509841        -0.000008264388        -0.000028189710        -0.000044223235        -0.000053104881        -0.000053024276        -0.000043991584        -0.000027835486        -0.000007828616         0.000011981674         0.000027599865         0.000035897691         0.000035252893         0.000025882488         0.000009802246        -0.000009580909        -0.000028162284        -0.000041978370        -0.000048020158        -0.000044852622        -0.000032912695        -0.000014418538         0.000007082553         0.000027442440
       -0.000033655181        -0.000021115523        -0.000002539488         0.000018313991         0.000037211775         0.000050310675         0.000054942663         0.000050160537         0.000036931823         0.000017940852        -0.000002960298        -0.000021538444        -0.000034043326        -0.000037973183        -0.000032586821        -0.000019058206        -0.000000240877         0.000019911920         0.000037154281         0.000047817927         0.000049565355         0.000041872761         0.000026136527         0.000005390275        -0.000016320925        -0.000034758654
        0.000028623828         0.000012324071        -0.000008364721        -0.000029237438        -0.000046045653        -0.000055364892        -0.000055293986        -0.000045843616        -0.000028934171        -0.000008003403         0.000012695583         0.000028962276         0.000037506117         0.000036619186         0.000026527563         0.000009349158        -0.000011335367        -0.000031212987        -0.000046121476        -0.000052902983        -0.000050054222        -0.000038033121        -0.000019169929         0.000002818164         0.000023571503         0.000038984641
       -0.000020554104        -0.000001169317         0.000020635999         0.000040416313         0.000054137607         0.000059000484         0.000054011283         0.000040184961         0.000020337946        -0.000001486247        -0.000020842117        -0.000033789130        -0.000037696828        -0.000031784076        -0.000017282328         0.000002812141         0.000024348398         0.000042870556         0.000054530843         0.000056880681         0.000049369900         0.000033465026         0.000012338401        -0.000009759526        -0.000028387422        -0.000039782639
        0.000009859358        -0.000011733164        -0.000033549333        -0.000051132312        -0.000060891329        -0.000060833581        -0.000050970238        -0.000033314213        -0.000011470210         0.000010100000         0.000026987541         0.000035736560         0.000034551752         0.000023668447         0.000005308509        -0.000016771044        -0.000038046414        -0.000054154088        -0.000061787222        -0.000059369920        -0.000047385442        -0.000028263917        -0.000005911553         0.000015118951         0.000030491976         0.000037014046
        0.000002837823         0.000025596590         0.000046263825         0.000060612006         0.000065708584         0.000060512953         0.000046088010         0.000025384176         0.000002638801        -0.000017487035        -0.000030859575        -0.000034717726        -0.000028240378        -0.000012718136         0.000008707177         0.000031684530         0.000051545032         0.000064261279         0.000067268909         0.000059996752         0.000043967692         0.000022516841         0.000000067125        -0.000018680629        -0.000029800065        -0.000030843441
       -0.000016741021        -0.000039509726        -0.000057875396        -0.000068078749        -0.000068034087        -0.000057753132        -0.000039342685        -0.000016576477         0.000005872506         0.000023384395         0.000032336354         0.000030845521         0.000019158037        -0.000000397648        -0.000023885711        -0.000046569216        -0.000063883375        -0.000072367942        -0.000070380347        -0.000058413461        -0.000039026031        -0.000016266629         0.000005036188         0.000020402643         0.000026402481         0.000021511985
        0.000030928054         0.000052494242         0.000067476811         0.000072808619         0.000067401446         0.000052366926         0.000030790824         0.000007106349        -0.000013807965        -0.000027623869        -0.000031449806        -0.000024426091        -0.000007905029         0.000014823847         0.000039207419         0.000060364761         0.000074085108         0.000077694818         0.000070584812         0.000054365755         0.000032477257         0.000009621316        -0.000009387219        -0.000020276173        -0.000020558498        -0.000009849736
       -0.000044409285        -0.000063569146        -0.000074221299        -0.000074186361        -0.000063476615        -0.000044293482        -0.000020581060         0.000002775167         0.000020943714         0.000030135338         0.000028381360         0.000015941044        -0.000004748500        -0.000029571311        -0.000053578670        -0.000072002262        -0.000081235375        -0.000079551557        -0.000067486274        -0.000047658947        -0.000024386843        -0.000002574534         0.000012857092         0.000018552737         0.000012781823        -0.000003842320
        0.000056192413         0.000071818209         0.000077385115         0.000071757086         0.000056094553         0.000033619454         0.000008961698        -0.000012782651        -0.000027091832        -0.000030945915        -0.000023449228        -0.000006017612         0.000017910736         0.000043582438         0.000065903353         0.000080486757         0.000084533245         0.000077428741         0.000060797589         0.000038324642         0.000014743577        -0.000004611768        -0.000015665153        -0.000015371150        -0.000003504780         0.000017475727
       -0.000065349580        -0.000076455393        -0.000076424344        -0.000065269187        -0.000045286392        -0.000020591024         0.000003718920         0.000022601704         0.000032103956         0.000030174040         0.000017086508        -0.000004612402        -0.000030628459        -0.000055801284        -0.000075166095        -0.000084954920        -0.000083388863        -0.000070968879        -0.000050524769        -0.000026357720        -0.000003946452         0.000012103561         0.000017536901         0.000011277227        -0.000006037869        -0.000031723620
        0.000071081733         0.000076883401         0.000071021510         0.000054705708         0.000031294755         0.000005615406        -0.000017019687        -0.000031897820        -0.000035873542        -0.000028017770        -0.000009810453         0.000015163423         0.000041951385         0.000065252601         0.000080491794         0.000084772075         0.000077398166         0.000060159412         0.000036676976         0.000012288138        -0.000008100628        -0.000019198199        -0.000019109848        -0.000006528663         0.000015872153         0.000041758929
       -0.000072775524        -0.000072741246        -0.000061119173        -0.000040301761        -0.000014575795         0.000010748596         0.000030421217         0.000040327657         0.000038336011         0.000024736992         0.000002184709        -0.000024850593        -0.000051002346        -0.000071099777        -0.000081237257        -0.000079511628        -0.000066535128        -0.000045028473        -0.000019898648         0.000003899703         0.000020277806         0.000026599831         0.000019593008         0.000001799899        -0.000023197013        -0.000051062721
        0.000070049151         0.000063938150         0.000046938309         0.000022546642        -0.000004212425        -0.000027810619        -0.000043346388        -0.000047551959        -0.000039465765        -0.000020631545         0.000005221807         0.000032946946         0.000057030414         0.000072726193         0.000076976394         0.000069136898         0.000050847638         0.000026308487         0.000000258680        -0.000020706056        -0.000033328329        -0.000032455463        -0.000020380466         0.000002402317         0.000029700041
       -0.000062784691        -0.000050671791        -0.000028980170        -0.000002170275         0.000024234994         0.000044778155         0.000055186152         0.000053248370         0.000039272105         0.000016016193        -0.000011875644        -0.000038828817        -0.000059477620        -0.000069727168        -0.000067662283        -0.000053712351        -0.000031120719        -0.000004149930         0.000020426018         0.000038884156         0.000044385507         0.000038859992         0.000019537396        -0.000005740547
        0.000051145285         0.000033429776         0.000008011352        -0.000019885863        -0.000044517354        -0.000060794498        -0.000065328124        -0.000057125983        -0.000037792108        -0.000011198817         0.000017314150         0.000042024360         0.000057978549         0.000062043721         0.000053369127         0.000034033130         0.000007576804        -0.000019398677        -0.000042888963        -0.000054663332        -0.000056186450        -0.000041424347        -0.000019553374
       -0.000035576276        -0.000012974149         0.000014967883         0.000042512050         0.000063993800         0.000074982080         0.000073189498         0.000058936860         0.000035089136         0.000006456917        -0.000021173195        -0.000042221545        -0.000052458506        -0.000049749910        -0.000034855004        -0.000010377956         0.000017608236         0.000045021844         0.000062622784         0.000071325058         0.000062015940         0.000044799099
        0.000016790184        -0.000009691114        -0.000038770765        -0.000064486988        -0.000081563555        -0.000086492348        -0.000078246820        -0.000058495103        -0.000031242223        -0.000002032134         0.000023204053         0.000039325048         0.000042979339         0.000033517658         0.000012434272        -0.000015067538        -0.000045042088        -0.000067692962        -0.000083319110        -0.000080094992        -0.000068568882
        0.000004264610         0.000033368452         0.000062085823         0.000084543727         0.000096155097         0.000094552285         0.000080074677         0.000055679408         0.000026363107        -0.000001895674        -0.000023285339        -0.000033371342        -0.000030078916        -0.000013672733         0.000011822199         0.000042808923         0.000069435970         0.000091348470         0.000094540470         0.000089470179
       -0.000026450449        -0.000056730131        -0.000083549035        -0.000101444990        -0.000106786937        -0.000098520653        -0.000078360947        -0.000050471657        -0.000020561491         0.000005173914         0.000021415074         0.000024720690         0.000014068264        -0.000007953170        -0.000038296114        -0.000067578673        -0.000094781986        -0.000104394931        -0.000106225831
        0.000048501595         0.000078392450         0.000101825942         0.000114054822         0.000112638303         0.000097914760         0.000072964863         0.000042914037         0.000014025164        -0.000007750421        -0.000017739786        -0.000013643118         0.000003577087         0.000031600667         0.000062035834         0.000093220801         0.000108924308         0.000117749949
       -0.000069096037        -0.000096999920        -0.000115690065        -0.000121419750        -0.000113085618        -0.000092484838        -0.000063867095        -0.000033231570        -0.000006865689         0.000009532021         0.000012463962         0.000001155595        -0.000022944782        -0.000052923499        -0.000086529432        -0.000107666568        -0.000123214530
        0.000086936728         0.000111305878         0.000124109964         0.000122812656         0.000107789174         0.000082158679         0.000051329279         0.000021600833        -0.000000570532        -0.000010636630        -0.000006064839         0.000012670682         0.000040561694         0.000074853199         0.000100466057         0.000122103033
       -0.000100829626        -0.000120260479        -0.000126297808        -0.000117827068        -0.000096634325        -0.000067230741        -0.000035594172        -0.000008620921         0.000008298898         0.000010947439        -0.000001228135        -0.000025465716        -0.000058620976        -0.000087492009        -0.000114247569
        0.000109767558         0.000123061066         0.000121806197         0.000106317287         0.000079941099         0.000048006108         0.000017498132        -0.000005611483        -0.000015585411        -0.000010844903         0.000008325896         0.000038532266         0.000069240271         0.000099848152
       -0.000112979412        -0.000119246273        -0.000110469867        -0.000088618182        -0.000058067815        -0.000025528107         0.000002747795         0.000019755874         0.000022947707         0.000010023544        -0.000015528560        -0.000046517150        -0.000079473108
        0.000110016444         0.000108642131         0.000092624630         0.000065127149         0.000032220544         0.000000116678        -0.000023241928        -0.000034447045        -0.000028645150        -0.000009250187         0.000020405419         0.000054039466
       -0.000100705602        -0.000091568925        -0.000068688283        -0.000037156669        -0.000002814952         0.000025844128         0.000044710627         0.000046546528         0.000034521965         0.000007786509        -0.000024773499
        0.000085333456         0.000068442567         0.000040013918         0.000005197816        -0.000027391707        -0.000053142014        -0.000062733587        -0.000058929428        -0.000036589916        -0.000006847447
       -0.000064289384        -0.000040584834        -0.000007141583         0.000027753508         0.000059214772         0.000076265791         0.000081113175         0.000064452612         0.000039169145
        0.000038789627         0.000008553651        -0.000026847541        -0.000062504431        -0.000086310053        -0.000099787441        -0.000089822970        -0.000070447298
       -0.000009376006         0.000024648867         0.000062715895         0.000092190583         0.000113813642         0.000111236263         0.000098942072
       -0.000021195019        -0.000059704948        -0.000093431265        -0.000122267843        -0.000127398179        -0.000123014793
        0.000053492537         0.000089788404         0.000124497729         0.000137260884         0.000141221065
       -0.000081272066        -0.000120166105        -0.000140086785        -0.000152395062
        0.000109278797         0.000135496687         0.000155719728
       -0.000123500139        -0.000150779278
        0.000137591730
