       -0.003931214161        -0.004089842667        -0.003930666096        -0.004089760429        -0.003930336947        -0.004089732207        -0.003930129438        -0.004089721017        -0.003929995716        -0.004089711113        -0.003929911422        -0.004089696000        -0.003929863519        -0.004089673054        -0.003929844581        -0.004089641309        -0.003929850152        -0.004089600326        -0.003929877453        -0.004089549868        -0.003929924682        -0.004089489747        -0.003929990700        -0.004089419717        -0.003930074864        -0.004089339469
        0.001507019299         0.001506373010         0.001506282059         0.001505873337         0.001505861190         0.001505587703         0.001505601309         0.001505414005         0.001505428930         0.001505303581         0.001505308459         0.001505232538         0.001505221850         0.001505188563         0.001505159409         0.001505164938         0.001505115430         0.001505157756         0.001505086437         0.001505164765         0.001505070063         0.001505184566         0.001505064691         0.001505216330         0.001505069180         0.001505259712
       -0.000966989070        -0.000862155161        -0.000966038527        -0.000861718476        -0.000965423130        -0.000861450834        -0.000965009584        -0.000861270464        -0.000964728761        -0.000861137917        -0.000964543193        -0.000861033377        -0.000964431427        -0.000860946309        -0.000964380546        -0.000860870734        -0.000964382375        -0.000860802995        -0.000964431870        -0.000860740685        -0.000964525767        -0.000860682119        -0.000964662224        -0.000860626152        -0.000964840522        -0.000860572026
        0.000673093405         0.000672385146         0.000672252740         0.000671755595         0.000671682064         0.000671328674         0.000671278739         0.000671031944         0.000670987611         0.000670825878         0.000670777644         0.000670687812         0.000670630375         0.000670604048         0.000670534143         0.000670565994         0.000670481334         0.000670568218         0.000670466942         0.000670607227         0.000670487671         0.000670681003         0.000670541446         0.000670788642         0.000670627247         0.000670930154
       -0.000546651264        -0.000491911169        -0.000545607266        -0.000491313727        -0.000544878381        -0.000490897267        -0.000544363190        -0.000490594240        -0.000544003563        -0.000490367691        -0.000543764400        -0.000490196519        -0.000543623631        -0.000490067800        -0.000543566943        -0.000489973510        -0.000543585067        -0.000489908192        -0.000543671980        -0.000489868275        -0.000543823799        -0.000489851361        -0.000544038649        -0.000489856113        -0.000544316311        -0.000489882082
        0.000436840494         0.000436053164         0.000435860141         0.000435286794         0.000435160237         0.000434748833         0.000434651059         0.000434368687         0.000434279968         0.000434105654         0.000434014778         0.000433934573         0.000433835149         0.000433839948         0.000433727782         0.000433811271         0.000433683673         0.000433841868         0.000433696456         0.000433928053         0.000433762618         0.000434067508         0.000433880086         0.000434259542         0.000434048025         0.000434504764
       -0.000390004382        -0.000351966849        -0.000388871323        -0.000351232207        -0.000388062338        -0.000350703126        -0.000387485330        -0.000350313964        -0.000387084429        -0.000350026786        -0.000386824369        -0.000349818122        -0.000386682185        -0.000349673084        -0.000386642858        -0.000349581939        -0.000386696059        -0.000349538517        -0.000386835503        -0.000349538228        -0.000387057479        -0.000349578823        -0.000387360276        -0.000349659273        -0.000387744508        -0.000349779554
        0.000330853773         0.000329996599         0.000329772985         0.000329147859         0.000328985837         0.000328544149         0.000328408778         0.000328118356         0.000327990689         0.000327830082         0.000327698844         0.000327653151         0.000327511835         0.000327570959         0.000327415006         0.000327572847         0.000327398879         0.000327651763         0.000327457042         0.000327803395         0.000327585346         0.000328025937         0.000327782233         0.000328319456         0.000328047532         0.000328685620
       -0.000308567341        -0.000280437356        -0.000307386817        -0.000279611624        -0.000306536303        -0.000279009620        -0.000305931044        -0.000278568286        -0.000305518087        -0.000278249211        -0.000305262528        -0.000278028246        -0.000305141458        -0.000277889378        -0.000305139441        -0.000277822089        -0.000305246302        -0.000277819477        -0.000305455753        -0.000277877250        -0.000305764727        -0.000277993057        -0.000306172566        -0.000278166618        -0.000306680675        -0.000278399084
        0.000270892591         0.000269996435         0.000269750846         0.000269103289         0.000268912298         0.000268467449         0.000268298811         0.000268025280         0.000267860913         0.000267736868         0.000267566342         0.000267576814         0.000267393007         0.000267528206         0.000267326216         0.000267579896         0.000267355851         0.000267725143         0.000267476017         0.000267960314         0.000267683117         0.000268284145         0.000267976142         0.000268697695         0.000268356017         0.000269204120
       -0.000258675781        -0.000236816326        -0.000257480523        -0.000235938934        -0.000256618683        -0.000235298069        -0.000256012303        -0.000234833633        -0.000255611090        -0.000234507900        -0.000255381689        -0.000234296738        -0.000255301402        -0.000234183944        -0.000255355085        -0.000234158829        -0.000255533190        -0.000234214528        -0.000255830283        -0.000234347239        -0.000256243816        -0.000234555541        -0.000256774337        -0.000234839893        -0.000257424755        -0.000235202841
        0.000232200578         0.000231297835         0.000231033244         0.000230393072         0.000230174767         0.000229753927         0.000229552540         0.000229320751         0.000229119163         0.000229055304         0.000228843190         0.000228932711         0.000228703040         0.000228936517         0.000228684248         0.000229056293         0.000228777247         0.000229285769         0.000228976493         0.000229622057         0.000229279406         0.000230065247         0.000229685897         0.000230617785         0.000230198419         0.000231284534
       -0.000224833843        -0.000207247959        -0.000223653218        -0.000206349963        -0.000222806961        -0.000205698007        -0.000222223759        -0.000205235043        -0.000221856206        -0.000204924824        -0.000221672518        -0.000204743616        -0.000221651273        -0.000204675673        -0.000221778365        -0.000204710653        -0.000222044959        -0.000204842353        -0.000222446587        -0.000205067655        -0.000222982118        -0.000205386214        -0.000223653506        -0.000205800002        -0.000224465397        -0.000206313275
        0.000205025048         0.000204145549         0.000203860810         0.000203255740         0.000203008606         0.000202637602         0.000202401042         0.000202235288         0.000201993305         0.000202012699         0.000201755268         0.000201946214         0.000201666417         0.000202020421         0.000201713024         0.000202225668         0.000201886316         0.000202556827         0.000202181636         0.000203012237         0.000202597564         0.000203593456         0.000203135566         0.000204304675         0.000203799786         0.000205153000
       -0.000200275305        -0.000185763518        -0.000199133309        -0.000184871128        -0.000198325417        -0.000184231422        -0.000197786133        -0.000183790992        -0.000197471397        -0.000183515589        -0.000197351564        -0.000183382460        -0.000197406786        -0.000183376704        -0.000197624176        -0.000183488788        -0.000197996194        -0.000183713449        -0.000198519721        -0.000184048769        -0.000199195232        -0.000184495801        -0.000200026396        -0.000185058258        -0.000201020182        -0.000185742587
        0.000184799704         0.000183969275         0.000183662835         0.000183117449         0.000182839154         0.000182541261         0.000182266522         0.000182189155         0.000181903227         0.000182027655         0.000181720852         0.000182034740         0.000181700250         0.000182196373         0.000181828743         0.000182504220         0.000182098830         0.000182954499         0.000182507098         0.000183547206         0.000183053637         0.000184285577         0.000183741641         0.000185176133         0.000184577476         0.000186228452
       -0.000181587442        -0.000169373819        -0.000180504602        -0.000168509844        -0.000179754535        -0.000167903192        -0.000179277499        -0.000167504646        -0.000179033134        -0.000167282058        -0.000178994062        -0.000167214225        -0.000179142288        -0.000167287373        -0.000179466522        -0.000167493252        -0.000179960857        -0.000167827882        -0.000180623788        -0.000168290925        -0.000181457669        -0.000168885096        -0.000182468436        -0.000169616295        -0.000183665545        -0.000170493482
        0.000169104016         0.000168345878         0.000168015345         0.000167552015         0.000167239812         0.000167036611         0.000166720602         0.000166752758         0.000166419203         0.000166669557         0.000166309218         0.000166767112         0.000166373105         0.000167032999         0.000166599746         0.000167460552         0.000166983157         0.000168047649         0.000167521513         0.000168796269         0.000168216679         0.000169711852         0.000169074050         0.000170803394         0.000170102486         0.000172083462
       -0.000166862304        -0.000156417326        -0.000165856487        -0.000155601682        -0.000165181636        -0.000155046982        -0.000164783827        -0.000154708239        -0.000164626238        -0.000154555546        -0.000164684134        -0.000154569611        -0.000164941532        -0.000154738248        -0.000165389058        -0.000155054767        -0.000166022691        -0.000155516789        -0.000166842931        -0.000156125836        -0.000167854368        -0.000156886798        -0.000169065441        -0.000157808070        -0.000170488516        -0.000158901601
        0.000156538099         0.000155873915         0.000155515814         0.000155155551         0.000154806019         0.000154718214         0.000154357267         0.000154519367         0.000154134050         0.000154531010         0.000154112451         0.000154735503         0.000154276840         0.000155122386         0.000154617883         0.000155686935         0.000155131409         0.000156429094         0.000155817473         0.000157353097         0.000156680165         0.000158466905         0.000157727388         0.000159782437         0.000158970896         0.000161315769
       -0.000154951525        -0.000145900128        -0.000154038470        -0.000145150243        -0.000153454746        -0.000144664677        -0.000153151899        -0.000144402174        -0.000153096737        -0.000144335620        -0.000153267301        -0.000144447842        -0.000153649876        -0.000144728471        -0.000154237233        -0.000145172701        -0.000155027619        -0.000145780046        -0.000156023758        -0.000146554275        -0.000157232803        -0.000147502816        -0.000158666092        -0.000148636946        -0.000160339384        -0.000149972105
        0.000146238673         0.000145688840         0.000145298646         0.000145061720         0.000144670612         0.000144718276         0.000144307840         0.000144620202         0.000144178308         0.000144742587         0.000144260673         0.000145070235         0.000144541397         0.000145594903         0.000145013232         0.000146314200         0.000145674076         0.000147230301         0.000146526223         0.000148350034         0.000147576332         0.000149684295         0.000148835126         0.000151248423         0.000150317764         0.000153062394
       -0.000145124399        -0.000137191778        -0.000144318245        -0.000136523415        -0.000143840265        -0.000136122465        -0.000143647169        -0.000135951753        -0.000143709486        -0.000135987045        -0.000144008151        -0.000136213384        -0.000144531917        -0.000136622570        -0.000145276067        -0.000137211916        -0.000146241186        -0.000137983181        -0.000147432619        -0.000138942699        -0.000148860427        -0.000140100732        -0.000150539294        -0.000141471991        -0.000152488727        -0.000143075790
        0.000137644965         0.000137229080         0.000136801573         0.000136707603         0.000136269750         0.000136472796         0.000136007703         0.000136490593         0.000135986814         0.000136739279         0.000136188402         0.000137206246         0.000136601318         0.000137885851         0.000137220633         0.000138778073         0.000138046556         0.000139887753         0.000139083989         0.000141224620         0.000140342379         0.000142802944         0.000141835819         0.000144641846         0.000143583176         0.000146765801
       -0.000136894756        -0.000129872937        -0.000136208458        -0.000129300328        -0.000135849848        -0.000128998703        -0.000135780689        -0.000128934753        -0.000135975215        -0.000129087222        -0.000136417351        -0.000129443626        -0.000137098652        -0.000129998186        -0.000138016915        -0.000130750533        -0.000139175449        -0.000131705070        -0.000140582538        -0.000132870876        -0.000142251521        -0.000134261611        -0.000144200762        -0.000135895707        -0.000146454071        -0.000137797019
        0.000130377322         0.000130114261         0.000129643565         0.000129711867         0.000129221704         0.000129599862         0.000129074528         0.000129748303         0.000129176873         0.000130138762         0.000129512896         0.000130761504         0.000130074093         0.000131613510         0.000130857969         0.000132697505         0.000131867423         0.000134021322         0.000133110138         0.000135597928         0.000134598876         0.000137445315         0.000136351337         0.000139586938         0.000138390744         0.000142052343
       -0.000129927172        -0.000123653815        -0.000129372819        -0.000123190579        -0.000129146681        -0.000123002395        -0.000129215320        -0.000123059833        -0.000129556690        -0.000123344753        -0.000130157904        -0.000123847405        -0.000131013343        -0.000124564517        -0.000132123647        -0.000125498420        -0.000133495130        -0.000126656344        -0.000135139323        -0.000128050629        -0.000137073167        -0.000129698570        -0.000139319204        -0.000131622974        -0.000141906068        -0.000133852801
        0.000124169960         0.000124078148         0.000123558246         0.000123807839         0.000123259490         0.000123832503         0.000123240981         0.000124126290         0.000123481051         0.000124674213         0.000123966922         0.000125469457         0.000124692771         0.000126511934         0.000125658888         0.000127807402         0.000126871012         0.000129366977         0.000128340107         0.000131207210         0.000130082443         0.000133350303         0.000132119946         0.000135824564         0.000134480695         0.000138665322
       -0.000123983427        -0.000118328963        -0.000123572718        -0.000117988139        -0.000123491860        -0.000117927199        -0.000123712068        -0.000118120564        -0.000124215069        -0.000118553432        -0.000124991198        -0.000119218800        -0.000126037914        -0.000120116253        -0.000127358953        -0.000121250975        -0.000128963878        -0.000122633517        -0.000130867795        -0.000124279696        -0.000133091688        -0.000126211048        -0.000135662748        -0.000128455226        -0.000138615094        -0.000131047063
        0.000118832440         0.000118929939         0.000118354610         0.000118804464         0.000118191786         0.000118979608         0.000118315604         0.000119433598         0.000118708066         0.000120154939         0.000119359414         0.000121139971         0.000120266817         0.000122391779         0.000121433487         0.000123919391         0.000122868449         0.000125737551         0.000124586135         0.000127866840         0.000126606889         0.000130334132         0.000128957287         0.000133173238         0.000131670982         0.000136425944
       -0.000118890696        -0.000113749626        -0.000118635115        -0.000113543991        -0.000118712280        -0.000113623974        -0.000119097920        -0.000113968009        -0.000119777566        -0.000114564554        -0.000120744937        -0.000115409662        -0.000122000775        -0.000116505907        -0.000123552110        -0.000117861776        -0.000125412076        -0.000119491331        -0.000127599743        -0.000121414435        -0.000130140562        -0.000123657265        -0.000133066973        -0.000126253057        -0.000136419178        -0.000129243213
        0.000114225547         0.000114530362         0.000113893208         0.000114562452         0.000113878992         0.000114901977         0.000114158955         0.000115531299         0.000114718653         0.000116442528         0.000115551588         0.000117635366         0.000116658042         0.000119116255         0.000118044540         0.000120897835         0.000119723570         0.000122998857         0.000121713541         0.000125444360         0.000124039238         0.000128266483         0.000126732569         0.000131505129         0.000129833378         0.000135209349
       -0.000114521458        -0.000109806621        -0.000114432493        -0.000109748818        -0.000114680483        -0.000109983583        -0.000115245665        -0.000110493233        -0.000116117429        -0.000111269686        -0.000117293026        -0.000112312183        -0.000118776629        -0.000113626667        -0.000120578875        -0.000115225119        -0.000122716799        -0.000117125596        -0.000125213822        -0.000119352376        -0.000128100404        -0.000121936974        -0.000131414759        -0.000124918773        -0.000135203900        -0.000128346565
        0.000110246166         0.000110776453         0.000110070806         0.000110978900         0.000110218030         0.000111496999         0.000110668123         0.000112317265         0.000111410342         0.000113435535         0.000112441543         0.000114855018         0.000113765441         0.000116585833         0.000115392055         0.000118644560         0.000117337765         0.000121054325         0.000119625290         0.000123845183         0.000122284497         0.000127055058         0.000125353123         0.000130730634         0.000128877951         0.000134929019
       -0.000110780495        -0.000106418917        -0.000110869709        -0.000106521764        -0.000111301611        -0.000106925364        -0.000112060889        -0.000107616033        -0.000113140865        -0.000108589224        -0.000114542415        -0.000109847678        -0.000116273429        -0.000111400897        -0.000118348434        -0.000113264765        -0.000120788706        -0.000115461649        -0.000123622503        -0.000118020917        -0.000126885771        -0.000120979874        -0.000130623110        -0.000124384784        -0.000134889041        -0.000128292642
        0.000106817083         0.000107591299         0.000106810367         0.000107977223         0.000107132045         0.000108688551         0.000107766670         0.000109716015         0.000108707246         0.000111059242         0.000109954224         0.000112725244         0.000111514924         0.000114728089         0.000113403221         0.000117088629         0.000115639672         0.000119834846         0.000118251905         0.000123002296         0.000121275281         0.000126635272         0.000124754025         0.000130787916         0.000128742570         0.000135526012
       -0.000107596027        -0.000103526087        -0.000107875326        -0.000103802616        -0.000108504671        -0.000104389539        -0.000109473194        -0.000105277208        -0.000110778175        -0.000106464811        -0.000112424362        -0.000107958781        -0.000114423586        -0.000109772510        -0.000116794566        -0.000111926073        -0.000119563243        -0.000114446748        -0.000122763147        -0.000117369383        -0.000126436227        -0.000120737724        -0.000130634056        -0.000124605581        -0.000135419177        -0.000129038684
        0.000103880204         0.000104917270         0.000104054031         0.000105500253         0.000104563587         0.000106420084         0.000105397692         0.000107671717         0.000106553231         0.000109258795         0.000108034414         0.000111192359         0.000109852448         0.000113490714         0.000112025320         0.000116179407         0.000114578306         0.000119291704         0.000117544285         0.000122869172         0.000120964696         0.000126963041         0.000124890824         0.000131635380         0.000129385174         0.000136960827
       -0.000104913822        -0.000101082917        -0.000105395580        -0.000101546591        -0.000106236485        -0.000102331893        -0.000107430076        -0.000103433321        -0.000108977766        -0.000104853947        -0.000110888348        -0.000106604163        -0.000113177850        -0.000108701503        -0.000115869549        -0.000111170777        -0.000118994440        -0.000114044490        -0.000122591763        -0.000117363557        -0.000126709964        -0.000121178705        -0.000131407963        -0.000125551650        -0.000136756408        -0.000130556907
        0.000101391699         0.000102711205         0.000101758390         0.000103505438         0.000102469799         0.000104649735         0.000103519047         0.000106143436         0.000104907030         0.000107994349         0.000106641925         0.000110217791         0.000108739044         0.000112836669         0.000111220969         0.000115881611         0.000114117978         0.000119391590         0.000117468717         0.000123414671         0.000121321162         0.000128009359         0.000125733924         0.000133245663         0.000130777560         0.000139205997
       -0.000102692950        -0.000099055771        -0.000103390137        -0.000099720627        -0.000104457380        -0.000100720091        -0.000105892730        -0.000102052924        -0.000107701838        -0.000103726262        -0.000109897750        -0.000105754675        -0.000112500995        -0.000108160316        -0.000115539759        -0.000110972999        -0.000119050455        -0.000114230966        -0.000123078440        -0.000117981637        -0.000127678918        -0.000122282936        -0.000132918089        -0.000127204399        -0.000138873582        -0.000132827787
        0.000099318666         0.000100941029         0.000099891115         0.000101961385         0.000100819029         0.000103346999         0.000102099922         0.000105101681         0.000103738823         0.000107237595         0.000105748059         0.000109774639         0.000108147462         0.000112740660         0.000110964447         0.000116171731         0.000114234744         0.000120112923         0.000118003119         0.000124619036         0.000122324231         0.000129755728         0.000127263870         0.000135599725         0.000132899067         0.000142236810
       -0.000100902751        -0.000097419982        -0.000101829004        -0.000098300747        -0.000103138202        -0.000099531008        -0.000104832947        -0.000101113886        -0.000106923278        -0.000103060756        -0.000109426736        -0.000105390770        -0.000112368657        -0.000108130927        -0.000115782435        -0.000111316494        -0.000119710232        -0.000114991781        -0.000124203686        -0.000119210825        -0.000129324574        -0.000124038539        -0.000135145119        -0.000129550593        -0.000141745633        -0.000135830115
        0.000097636750         0.000099583275         0.000098428502         0.000100845485         0.000099588386         0.000102490222         0.000101118345         0.000104525905         0.000103027679         0.000106969280         0.000105333209         0.000109845124         0.000108059479         0.000113186524         0.000111239125         0.000117035313         0.000114913597         0.000121442804         0.000119133825         0.000126470306         0.000123960897         0.000132189286         0.000129466071         0.000138678691         0.000135727197         0.000146013069
       -0.000099520604        -0.000096157938        -0.000100690384        -0.000097270165        -0.000102258052        -0.000098748785        -0.000104230854        -0.000100601404        -0.000106623390        -0.000102843954        -0.000109457955        -0.000105500363        -0.000112764931        -0.000108602855        -0.000116583178        -0.000112192402        -0.000120960693        -0.000116319397        -0.000125955107        -0.000121044192        -0.000131633414        -0.000126436882        -0.000138069488        -0.000132573384        -0.000145332331        -0.000139519069
        0.000096328321         0.000098621369         0.000097353724         0.000100142076         0.000098761904         0.000102064789         0.000100559325         0.000104402684         0.000102759815         0.000107177336         0.000105384849         0.000110418644         0.000108464004         0.000114165176         0.000112035328         0.000118464597         0.000116145954         0.000123374138         0.000120852628         0.000128960183         0.000126221065         0.000135295458         0.000132322321         0.000142446754         0.000139216862         0.000150420170
       -0.000098530355        -0.000095257721        -0.000099958989        -0.000096617839        -0.000101802618        -0.000098363376        -0.000104073229        -0.000100506645        -0.000106790187        -0.000103068295        -0.000109980728        -0.000106077340        -0.000113680467        -0.000109571408        -0.000117933748        -0.000113597114        -0.000122794035        -0.000118210551        -0.000128323514        -0.000123476488        -0.000134589982        -0.000129464337        -0.000141655184        -0.000136231616        -0.000149522923        -0.000143688132
        0.000095381223         0.000098044263         0.000096655445         0.000099841110         0.000098329174         0.000102061758         0.000100413558         0.000104724329         0.000102927079         0.000107855407         0.000105896116         0.000111490187         0.000109355406         0.000115672725         0.000113348302         0.000120456117         0.000117927200         0.000125902010         0.000123152780         0.000132077285         0.000129089739         0.000139041799         0.000135791177         0.000146794801         0.000143172400         0.000155522345
       -0.000097921053        -0.000094712007        -0.000099624812        -0.000096337401        -0.000101762908        -0.000098369526        -0.000104352221        -0.000100825524        -0.000107417006        -0.000103731001        -0.000110989567        -0.000107120166        -0.000115110704        -0.000111035928        -0.000119829811        -0.000115530092        -0.000125204322        -0.000120662488        -0.000131296539        -0.000126496479        -0.000138161527        -0.000133082634        -0.000145796661        -0.000140327859        -0.000154346819        -0.000147008456
        0.000094787708         0.000097845444         0.000096326814         0.000099937115         0.000098284361         0.000102476819         0.000100676267         0.000105487741         0.000103525851         0.000109001590         0.000106864467         0.000113058794         0.000110731836         0.000117708434         0.000115176135         0.000123007485         0.000120253092         0.000129017424         0.000126021712         0.000135791770         0.000132528375         0.000143323893         0.000139685367         0.000151782788         0.000146229550
       -0.000097686031        -0.000094517282        -0.000099682145        -0.000096426365        -0.000102134278        -0.000098765831        -0.000105064267        -0.000101557815        -0.000108501324        -0.000104832934        -0.000112482716        -0.000108630405        -0.000117053936        -0.000112997903        -0.000122267882        -0.000117990420        -0.000128181523        -0.000123665758        -0.000134843991        -0.000130068202        -0.000142246974        -0.000137102507        -0.000150521651        -0.000143562258
        0.000094543689         0.000098022125         0.000096364690         0.000100428393         0.000098625306         0.000103309386         0.000101346342         0.000106693397         0.000104555959         0.000110617144         0.000108290261         0.000115125773         0.000112593420         0.000120271794         0.000117516461         0.000126111484         0.000123112900         0.000132692577         0.000129423214         0.000140003309         0.000136357224         0.000148197321         0.000142673712
       -0.000097822136        -0.000094673200        -0.000100128841        -0.000096885395        -0.000102915577        -0.000099554026        -0.000106209139        -0.000102706205        -0.000110043542        -0.000106377323        -0.000114460472        -0.000110611044        -0.000119508536        -0.000115457765        -0.000125239709        -0.000120969979        -0.000131697480        -0.000127186270        -0.000138868690        -0.000134009785        -0.000146872118        -0.000140251584
        0.000094648114         0.000098574632         0.000096768946         0.000101316295         0.000099352837         0.000104561755         0.000102425424         0.000108344241         0.000106019444         0.000112704918         0.000110175163         0.000117692016         0.000114939199         0.000123356921         0.000120359956         0.000129741934         0.000126472326         0.000136830749         0.000133184341         0.000144763128         0.000139276295
       -0.000098329159        -0.000095182016        -0.000100965619        -0.000097717724        -0.000104108344        -0.000100738172        -0.000107788888        -0.000104275165        -0.000112045479        -0.000108368260        -0.000116922616        -0.000113063493        -0.000122467612        -0.000118408388        -0.000128718773        -0.000124436214        -0.000135658448        -0.000131048892        -0.000143394357        -0.000137074973
        0.000095102429         0.000099505801         0.000097541906         0.000102604508         0.000100469989         0.000106238146         0.000103916832         0.000110444268         0.000107919123         0.000115266834         0.000112519266         0.000120752635         0.000117760926         0.000126938941         0.000123673906         0.000133805331         0.000130164615         0.000141478906         0.000136034554
       -0.000099209265        -0.000096048091        -0.000102195382        -0.000098928444        -0.000105715899        -0.000102323661        -0.000109806494        -0.000106269583        -0.000114507982        -0.000110807853        -0.000119863297        -0.000115981366        -0.000125905975        -0.000121818501        -0.000132614387        -0.000128220175        -0.000140086033        -0.000134032219
        0.000095910098         0.000100820368         0.000098687662         0.000104298202         0.000101981043         0.000108343397         0.000105824247         0.000112996156         0.000110255872         0.000118298749         0.000115315145         0.000124283820         0.000121027216         0.000130927251         0.000127297206         0.000138344541         0.000132947061
       -0.000100466403        -0.000097277276        -0.000103822417        -0.000100523610        -0.000107742099        -0.000104315945        -0.000112263606        -0.000108692060        -0.000117425998        -0.000113690264        -0.000123258423        -0.000119334479        -0.000129735690        -0.000125524835        -0.000136946057        -0.000131124100
        0.000097076008         0.000102524205         0.000100211214         0.000106402833         0.000103890317         0.000110880735         0.000108149118         0.000115996314         0.000113022901         0.000121777728         0.000118532547         0.000128197595         0.000124582139         0.000135360796         0.000130013456
       -0.000102105583        -0.000098876092        -0.000105851238        -0.000102509062        -0.000110189194        -0.000106717957        -0.000115155784        -0.000111537159        -0.000120776347        -0.000116986240        -0.000127022542        -0.000122964795        -0.000133974220        -0.000128352107
        0.000098605680         0.000104623199         0.000102117338         0.000108922006         0.000106199674         0.000113846969         0.000110885144         0.000119422534         0.000116190924         0.000125618192         0.000122020289         0.000132529201         0.000127234125
       -0.000104131801        -0.000100850623        -0.000108284534        -0.000104887940        -0.000113053209        -0.000109524551        -0.000118460609        -0.000114776433        -0.000124475829        -0.000120542571        -0.000131171165        -0.000125718360
        0.000100504208         0.000107121210         0.000104408189         0.000111852822         0.000108903184         0.000117220505         0.000114003872         0.000123191429         0.000119613113         0.000129851897         0.000124610190
       -0.000106548060        -0.000103204124        -0.000111118682        -0.000107655308        -0.000116312369        -0.000112707981        -0.000122096929        -0.000118261122        -0.000128538113        -0.000123225480
        0.000102773939         0.000110015539         0.000107078116         0.000115174204         0.000111973120         0.000120919960         0.000117362466         0.000127331494         0.000122143256
       -0.000109350995        -0.000105931799        -0.000114332452        -0.000110784031        -0.000119887377        -0.000116123591        -0.000126076690        -0.000120876469
        0.000105409429         0.000113285545         0.000110100024         0.000118806603         0.000115270298         0.000124970791         0.000119835268
       -0.000112519834        -0.000109007053        -0.000117848225        -0.000114133227        -0.000123788585        -0.000118674454
        0.000108384129         0.000116853357         0.000113338056         0.000122772651         0.000117688191
       -0.000115978479        -0.000112292464        -0.000121674884        -0.000116622589
        0.000111565208         0.000120738977         0.000115703394
       -0.000119734450        -0.000114723101
        0.000113880137
