0.187932
-0.103206
0.0543204
-0.0194679
-0.00475693
0.0182751
-0.0227903
0.0201872
-0.0129588
0.00376328
0.00481813
-0.0107829
0.0130651
-0.0116179
0.00726467
-0.00142904
-0.00423527
0.00827123
-0.00977384
0.00855916
-0.00513949
0.000552768
0.00392002
-0.00710031
0.0082185
-0.00708413
0.00409582
-0.000117167
-0.00375554
0.00649196
-0.0074037
0.00630685
-0.00354402
-0.000113888
0.0036688
-0.00616924
0.00697251
-0.00590045
0.00326133
0.00022726
-0.00361793
0.00598389
-0.00673337
0.00564427
-0.00315839
-0.000423592
0.00341529
-0.00589911
