0.167169
-0.0978322
0.0633761
-0.0388824
0.0212853
-0.00853918
-0.000602141
0.00684363
-0.0107062
0.0125795
-0.0128084
0.0117126
-0.00960887
0.0068201
-0.00367614
0.0005027
0.00239863
-0.00477385
0.00643687
-0.00728194
0.00728715
-0.0065101
0.00507823
-0.00317494
0.00102167
0.00114382
-0.0030918
0.00462447
-0.00559556
0.00592307
-0.00559408
0.00466264
-0.00324259
0.00149592
0.000383136
-0.00218817
0.00372365
-0.00482725
0.0053879
-0.0053544
0.0047398
-0.00360815
0.00209046
-0.000318316
-0.00144222
0.00312029
-0.00420438
0.005015
