0.693147
0.535533
0.756541
0.674025
0.807124
0.751372
0.846615
0.804354
0.878537
0.844343
0.905124
0.87626
0.92777
0.902664
0.947384
0.925048
0.964586
0.94436
0.979816
0.961237
0.993397
0.976127
1.00557
0.989356
1.01653
1.00117
1.02642
1.01176
1.03536
1.02127
1.04344
1.02981
1.05074
1.03749
1.05732
1.04438
1.06325
1.05055
1.06855
1.05604
1.07328
1.0609
1.07746
1.06516
1.08111
1.06887
1.08427
1.07203
1.08694
1.07467
1.08915
1.07682
1.0909
1.07847
1.09221
1.07965
1.09307
1.08035
1.09351
1.08058
1.09351
1.08035
1.09307
1.07965
1.09221
1.07847
1.0909
1.07682
1.08915
1.07467
1.08694
1.07203
1.08427
1.06887
1.08111
1.06516
1.07746
1.0609
1.07328
1.05604
1.06855
1.05055
1.06325
1.04438
1.05732
1.03749
1.05074
1.02981
1.04344
1.02127
1.03536
1.01176
1.02642
1.00117
1.01653
0.989356
1.00557
0.976127
0.993397
0.961237
0.979816
0.94436
0.964586
0.925048
0.947384
0.902664
0.92777
0.87626
0.905124
0.844343
0.878537
0.804354
0.846615
0.751372
0.807124
0.674025
0.756541
0.535533
