1.12851
1.11456
1.37269
1.42081
1.4308
1.49181
1.45631
1.5204
1.47643
1.52264
1.4951
1.51477
1.50875
1.5055
1.51498
1.49887
1.51358
1.49524
1.50664
1.49293
1.49708
1.48987
1.48722
1.48485
1.47806
1.47788
1.46945
1.4697
1.46076
1.46103
1.45168
1.452
1.44252
1.44218
1.4339
1.43114
1.42612
1.41898
1.41872
1.4066
1.41051
1.39538
1.4002
1.38636
1.38726
1.37947
1.37245
1.37331
1.35768
1.36564
1.34518
1.35455
1.33625
1.33956
1.33039
1.32212
1.32527
1.30512
1.3177
1.29152
1.30523
1.2828
1.28754
1.27791
1.26686
1.27348
1.24713
1.26529
1.23212
1.25033
1.22338
1.22847
1.21913
1.20293
1.21471
1.17896
1.2045
1.16128
1.18461
1.15155
1.15508
1.14694
1.12033
1.14074
1.08747
1.12473
1.0628
1.09254
1.04813
1.04265
1.03864
0.979474
1.02286
0.911587
0.983845
0.846119
0.896794
0.780223
0.704239
0.648143
