        0.444925793774         0.102761057851         0.688069067430
        0.339713991863         0.191721718027         0.226905547503
        0.353849877187         0.127888047997         0.388839268673
        0.355908817935         0.153161806540         0.310929324033
        0.353417087945         0.141662135463         0.337966385575
        0.352734697581         0.147352594355         0.336296652037
        0.351257574252         0.148426977098         0.346307151374
        0.352329536802         0.148851707234         0.346887102903
        0.353967192912         0.147201087746         0.340741258866
        0.354911192184         0.145244200480         0.333815195942
        0.354312408939         0.144836738746         0.332130268951
        0.352858071193         0.146132825211         0.336863365001
        0.351913237518         0.147855794958         0.343126885316
        0.352269171561         0.148417000992         0.345217942569
        0.353505302218         0.147415376792         0.341600646062
        0.354452614164         0.145873316235         0.335975590256
        0.354287648476         0.145218804407         0.333555224569
        0.353235973803         0.145978556088         0.336291629286
        0.352299472681         0.147370481854         0.341359594427
        0.352312316540         0.148094731194         0.344019717331
        0.353206059219         0.147536103372         0.342007230910
        0.354124218989         0.146276733191         0.337421447099
        0.354235334065         0.145500937700         0.334576940077
        0.353479934897         0.145890381251         0.335975231046
        0.352585412033         0.147032151822         0.340128880308
        0.352371249440         0.147847813400         0.343111010727
        0.353003032340         0.147605630883         0.342243754381
        0.353870163132         0.146571939391         0.338482911037
        0.354171725963         0.145726439063         0.335394030717
        0.353652436701         0.145838821003         0.335790351433
        0.352815775260         0.146772193610         0.339184581127
        0.352438982369         0.147640217732         0.342351332869
        0.352854174833         0.147644926865         0.342377856050
        0.353657643907         0.146806958103         0.339330151331
        0.354100008980         0.145923003342         0.336106470145
        0.353782482041         0.145811529159         0.335692647332
        0.353014762302         0.146557865424         0.338406624237
        0.352514702341         0.147452378100         0.341666507856
        0.352739356217         0.147662783001         0.342438049623
        0.353468706135         0.147005964474         0.340049069460
        0.354019883409         0.146105937057         0.336769652074
        0.353884523224         0.145802987912         0.335662376557
        0.353196238289         0.146371535376         0.337730592186
        0.352599556760         0.147272561781         0.341012650420
        0.352648101288         0.147663114224         0.342437096897
        0.353292358969         0.147182716906         0.340688812922
        0.353929643684         0.146285095139         0.337419298449
        0.353966329111         0.145810860560         0.335691202353
        0.353369327104         0.146202418999         0.337117163668
        0.352695822723         0.147092359364         0.340358686543
        0.352574634321         0.147647292900         0.342379394466
        0.353120707217         0.147346197762         0.341281701529
        0.353826432354         0.146468268409         0.338083703225
        0.354032211972         0.145834754352         0.335777753613
        0.353541244114         0.146042823998         0.336538332054
        0.352807070592         0.146904216133         0.339677028853
        0.352515793539         0.147614894642         0.342263318944
        0.352946776002         0.147503391467         0.341853140613
        0.353705773793         0.146663289270         0.338791374596
        0.354084382204         0.145875943193         0.335926637871
        0.353719140173         0.145886026994         0.335969645751
        0.352938963742         0.146699496657         0.338936459637
        0.352470204528         0.147563647555         0.342080999605
        0.352762768142         0.147661107237         0.342428267856
        0.353560357649         0.146880083578         0.339578522954
        0.354123356599         0.145937758630         0.336149850709
        0.353911963083         0.145724501907         0.335383758027
        0.353101060485         0.146466016535         0.338093257791
        0.352438251437         0.147488600408         0.341815537202
        0.352557805937         0.147827888613         0.343039151370
        0.353377312059         0.147133852641         0.340500727784
        0.354147516956         0.146026907740         0.336471505754
        0.354133439709         0.145547432852         0.334741399294
        0.353310976638         0.146183411966         0.337074771206
        0.352423119525         0.147379847175         0.341433564450
        0.352313576718         0.148017309261         0.343737589963
        0.353131502028         0.147451836822         0.341657822185
        0.354150941306         0.146156864402         0.336939973767
        0.354408688025         0.145335361188         0.333971985977
        0.353605405954         0.145811939285         0.335740034757
        0.352434804839         0.147216396515         0.340865738485
        0.351993317807         0.148256090062         0.344627409900
        0.352765918167         0.147891394591         0.343260619057
        0.354115081349         0.146357424026         0.337661933230
        0.354792998216         0.145044586736         0.332917211224
        0.354076376104         0.145258283934         0.333760874074
        0.352507061721         0.146946480398         0.339946872614
        0.351505623928         0.148610732788         0.345973622411
        0.352115996723         0.148602412919         0.345862389651
        0.353966733684         0.146708875711         0.338920937115
        0.355444003407         0.144543182326         0.331106440247
        0.355043968994         0.144233740476         0.330124188153
        0.352800816985         0.146393280342         0.338184746540
        0.350544375926         0.149322321444         0.348736835901
        0.350364173587         0.150156502366         0.351567991531
        0.353316547986         0.147465755289         0.341934764125
        0.356854473583         0.143441497039         0.325488470820
        0.359321458762         0.140159534248         0.321714946682
        0.354978520077         0.146893924362         0.326919354389
        0.346027065762         0.146159663120         0.376062786676
        0.328020081085         0.171778930824         0.350932699731
        0.340949994547         0.139975485812         0.429694636533
