8.13773e-11
-1.37256e-10
2.25465e-10
-3.66072e-10
5.88667e-10
-9.38395e-10
1.48287e-09
-2.32255e-09
3.60444e-09
-5.54016e-09
8.42815e-09
-1.26785e-08
1.88353e-08
-2.75851e-08
3.97272e-08
-5.60575e-08
7.70783e-08
-1.02372e-07
1.2935e-07
-1.5089e-07
1.50989e-07
-9.70113e-08
-7.38851e-08
4.78142e-07
-1.32553e-06
2.98587e-06
-6.0998e-06
1.17611e-05
-2.1814e-05
3.93329e-05
-6.93944e-05
0.000120303
-0.000205529
0.000346747
-0.000578571
0.000955845
-0.00156485
0.00254027
-0.00409076
0.00653677
-0.0103661
0.0163133
-0.0254731
0.0394354
-0.0605399
0.0916232
-0.138115
0.196428
