       -0.006699271846        -0.006705914320        -0.006731011525        -0.006765660807        -0.006798896993        -0.006820799546        -0.006825141288        -0.006810947107        -0.006782581174        -0.006748387112        -0.006718278901        -0.006700946942        -0.006701432473
        0.000140510555         0.000123336566         0.000091779909         0.000056273574         0.000027678999         0.000014339483         0.000019914531         0.000042549490         0.000075556141         0.000109382418         0.000134318035         0.000143201412         0.000133406379
       -0.000123865211        -0.000130865216        -0.000140195161        -0.000149034478        -0.000154839825        -0.000156033302        -0.000152393483        -0.000145071543        -0.000136235996        -0.000128450729        -0.000123958064        -0.000124058785        -0.000128752210
        0.000011975951         0.000010585357         0.000008925344         0.000007712987         0.000007482688         0.000008456447         0.000010488071         0.000013111340         0.000015673633         0.000017517422         0.000018160083         0.000017424297         0.000015486201
        0.000012076517         0.000011566169         0.000011049551         0.000010545290         0.000010080766         0.000009677612         0.000009350185         0.000009105445         0.000008945123         0.000008868935         0.000008876706         0.000008970202         0.000009153232
       -0.000026051997        -0.000026823029        -0.000027286201        -0.000027158460        -0.000026341557        -0.000024942233        -0.000023243609        -0.000021629157        -0.000020480647        -0.000020077364        -0.000020523497        -0.000021720364        -0.000023392830
        0.000028700495         0.000029599008         0.000029947145         0.000029530351         0.000028357223         0.000026653914         0.000024804498         0.000023249020         0.000022368244         0.000022383383         0.000023298154         0.000024897472         0.000026804848
       -0.000029539133        -0.000030623843        -0.000030789964        -0.000029892765        -0.000028087570        -0.000025786942        -0.000023550704        -0.000021938093        -0.000021359284        -0.000021967229        -0.000023616835        -0.000025903639        -0.000028270101
        0.000028943678         0.000029842040         0.000029558513         0.000028100450         0.000025797258         0.000023216709         0.000021012135         0.000019749331         0.000019758116         0.000021042943         0.000023281634         0.000025911470         0.000028278061
       -0.000027907282        -0.000028411620        -0.000027529293        -0.000025455386        -0.000022707238        -0.000019991119        -0.000018012794        -0.000017291493        -0.000018020323        -0.000020014558        -0.000022760996        -0.000025554145        -0.000027684161
        0.000026218401         0.000026135255         0.000024581256         0.000021957574         0.000018949415         0.000016350021         0.000014848208         0.000014844214         0.000016342432         0.000018949935         0.000021980798         0.000024640158         0.000026235134
       -0.000023824681        -0.000023020187        -0.000020778864        -0.000017706928        -0.000014626583        -0.000012364355        -0.000011527451        -0.000012341677        -0.000014589687        -0.000017669020        -0.000020753977        -0.000023016257        -0.000023845336
        0.000020618092         0.000019016997         0.000016142607         0.000012786443         0.000009859306         0.000008154987         0.000008134745         0.000009803074         0.000012705437         0.000016051160         0.000018925337         0.000020533833         0.000020411017
       -0.000016629821        -0.000014218971        -0.000010824781        -0.000007387940        -0.000004847468        -0.000003896428        -0.000004791790        -0.000007284912        -0.000010688396        -0.000014061384        -0.000016462514        -0.000017197793        -0.000016004746
        0.000011988484         0.000008826069         0.000005088337         0.000001811852        -0.000000106111        -0.000000142027         0.000001708558         0.000004930287         0.000008626848         0.000011763276         0.000013440038         0.000013132304         0.000010813070
       -0.000006920533        -0.000003139529         0.000000709511         0.000003561611         0.000004636918         0.000003644781         0.000000865992        -0.000002923701        -0.000006663749        -0.000009291394        -0.000010025548        -0.000008557620        -0.000005149679
        0.000001720856        -0.000002470402        -0.000006151891        -0.000008309157        -0.000008355787        -0.000006285867        -0.000002679026         0.000001458000         0.000004960523         0.000006818676         0.000006430005         0.000003772924        -0.000000643275
        0.000003275545         0.000007600851         0.000010807043         0.000012015391         0.000010902370         0.000007781713         0.000003521456        -0.000000689676        -0.000003662823        -0.000004511241        -0.000002898034         0.000000929816         0.000006105914
       -0.000007724316        -0.000011855516        -0.000014274165        -0.000014321725        -0.000011993615        -0.000007934577        -0.000003267826         0.000000709887         0.000002861541         0.000002524460        -0.000000369048        -0.000005182276        -0.000010901577
        0.000011303556         0.000014885464         0.000016229537         0.000014973299         0.000011465671         0.000006669131         0.000001899718        -0.000001514299        -0.000002599115        -0.000000939031         0.000003126111         0.000008746015         0.000014515129
       -0.000013745247        -0.000016427375        -0.000016466574        -0.000013854431        -0.000009303025        -0.000004047289         0.000000475049         0.000003020983         0.000002818068        -0.000000142409        -0.000005270639        -0.000011253351        -0.000016550220
        0.000014864200         0.000016335608         0.000014924203         0.000011010141         0.000005645085         0.000000276713        -0.000003651479        -0.000005030206        -0.000003471998         0.000000778724         0.000006576970         0.000012447718         0.000017056705
       -0.000014580509        -0.000014602230        -0.000011700046        -0.000006644607        -0.000000784387         0.000004328104         0.000007297005         0.000007352396         0.000004329567        -0.000000869512        -0.000007011225        -0.000012466314        -0.000014219401
        0.000012931127         0.000011362320         0.000007042092         0.000001110570        -0.000004879499        -0.000009323727        -0.000011096078        -0.000009587952        -0.000005390207         0.000000667808         0.000006645668         0.000009975976         0.000011628580
       -0.000010068185        -0.000006880661        -0.000001331218         0.000005140464         0.000010824978         0.000014295486         0.000014500262         0.000011663462         0.000006075792        -0.000000038552        -0.000004964618        -0.000007824888
        0.000006243045         0.000001529766        -0.000004968108        -0.000011549572        -0.000016572559        -0.000018579568        -0.000017391845        -0.000012668746        -0.000006843702        -0.000000448983         0.000003407674
       -0.000001782369         0.000004254411         0.000011305282         0.000017611467         0.000021388257         0.000022039987         0.000018555344         0.000013456957         0.000005870660         0.000001308577
       -0.000002946674        -0.000009976345        -0.000017189884        -0.000022575700        -0.000025138935        -0.000023216051        -0.000019261952        -0.000010902106        -0.000005986018
        0.000007547481         0.000015199560         0.000021913140         0.000026326416         0.000026208822         0.000023763410         0.000015166072         0.000010284284
       -0.000011671899        -0.000019315070        -0.000025383140        -0.000027206932        -0.000026549176        -0.000018331940        -0.000013882261
        0.000014863915         0.000022253469         0.000026032021         0.000027325587         0.000020140950         0.000016500270
       -0.000017067918        -0.000022671066        -0.000025947589        -0.000020428296        -0.000017921869
        0.000017293495         0.000022432690         0.000019140546         0.000018012710
       -0.000016974298        -0.000016341045        -0.000016735165
        0.000012213160         0.000014152235
       -0.000010430099
