        0.452136281472         0.102662729601         0.700552056926
        0.357443132276         0.180407952609         0.265492069883
        0.367781318530         0.131365513253         0.406023638543
        0.368134985345         0.149793080084         0.340147967477
        0.368249920557         0.140106248378         0.355716483461
        0.368105737212         0.143024899094         0.348452158841
        0.366745239396         0.143413034729         0.357126617937
        0.366003961828         0.145357136357         0.364561477747
        0.365885987899         0.146309814194         0.369561657508
        0.366538978571         0.146124517033         0.368709406166
        0.367463090260         0.144963347800         0.363145822032
        0.368131456236         0.143584696621         0.356538198813
        0.368186115198         0.142818338491         0.352801662328
        0.367642784657         0.143062845013         0.353930402573
        0.366848047409         0.144111290326         0.358935203089
        0.366267453307         0.145299304240         0.364640757954
        0.366221132676         0.145919061819         0.367636596326
        0.366712426125         0.145629010977         0.366267186586
        0.367439343566         0.144636093785         0.361512864308
        0.367975075539         0.143554350306         0.356318464723
        0.368013273500         0.143033078097         0.353807133091
        0.367539945501         0.143374573106         0.355437860983
        0.366836845516         0.144362387409         0.360174541169
        0.366316805254         0.145395998301         0.365132414168
        0.366285793966         0.145849616197         0.367305127320
        0.366766510514         0.145444299869         0.365354704976
        0.367483045290         0.144416182693         0.360419237058
        0.368016284307         0.143381526257         0.355462182353
        0.368044163429         0.142974255057         0.353527371836
        0.367531538341         0.143465095109         0.355906338655
        0.366759978262         0.144586740702         0.361300762342
        0.366176186604         0.145674705434         0.366508607777
        0.366140037669         0.146051530185         0.368280059906
        0.366711469137         0.145436838008         0.365289036035
        0.367597580895         0.144142084772         0.359059638837
        0.368296968474         0.142923136974         0.353242732055
        0.368371726680         0.142555152381         0.351560534342
        0.367703152094         0.143361208608         0.355528859383
        0.366587972548         0.144966950073         0.363297194810
        0.365617578541         0.146453190910         0.370385283960
        0.365380089547         0.146842545973         0.372106358556
        0.366185989020         0.145685890091         0.366386528512
        0.367788016161         0.143450163945         0.355396774674
        0.369647434003         0.141220260436         0.345515608547
        0.370567952342         0.140923025793         0.342647207489
        0.369936589823         0.141958347483         0.354943164011
        0.366238055147         0.148088685516         0.369290353673
        0.357705603619         0.147159571382         0.404295565724
        0.343137905928         0.162882184625         0.376895496014
        0.348281270452         0.138459580151         0.429865897754
