        0.464717882772         0.116455469153         0.768811601435
        0.368817055998         0.182636665687         0.282540946961
        0.380940454713         0.134913562545         0.458022299258
        0.377832284875         0.156553191935         0.388089866189
        0.379645205242         0.145540581540         0.412971371657
        0.379722918381         0.148114362967         0.391560831553
        0.379688407588         0.144936188412         0.388480432284
        0.379475467855         0.144619115699         0.380537814538
        0.379250360336         0.143967318899         0.379017537027
        0.379138606836         0.144310608908         0.380137958206
        0.379114228248         0.145032278617         0.384575806618
        0.379168405670         0.146082987652         0.390551971645
        0.379242508640         0.147138520910         0.396666826402
        0.379294348623         0.147959636271         0.401400545177
        0.379290623353         0.148348353640         0.403646520374
        0.379225020293         0.148211338821         0.402863002179
        0.379116782365         0.147572729408         0.399185618649
        0.379009286402         0.146570091589         0.393406021401
        0.378958864337         0.145431330991         0.386821606014
        0.379026212532         0.144425107771         0.381014157240
        0.379252516858         0.143831561767         0.377493361455
        0.379656792575         0.143819605388         0.377587172075
        0.380192586218         0.144595008910         0.381619019067
        0.380717818289         0.145842718538         0.390264323435
        0.381001622966         0.148041721569         0.400385353105
        0.380138415404         0.149184975923         0.415101492192
        0.377800985342         0.152654014517         0.419164864592
        0.369416324315         0.148940718394         0.435577879184
        0.356668823698         0.159365143642         0.395080417924
        0.355540311911         0.137964394198         0.433190489313
