        0.195121981176          0.174788334253          0.169322227333          0.165724020040          0.164560047996          0.164004402003          0.163737580767          0.163642776300          0.163592455844          0.163573246125          0.163564892185          0.163560755263          0.163559178952          0.163558291786          0.163557656144
        0.195400080414          0.176170870780          0.173096333494          0.170204725037          0.169266307655          0.168907190155          0.168679267571          0.168613768892          0.168575818983          0.168560117397          0.168554529612          0.168551118292          0.168549893962          0.168549107617          0.168548297383
        0.192735497402          0.175961297825          0.173399483296          0.170688115646          0.169919987535          0.169586913534          0.169386814584          0.169331264896          0.169295884064          0.169282643731          0.169277601141          0.169274497609          0.169273332290          0.169272340797          0.169271011128
        0.192187412011          0.176077432034          0.173680919887          0.171164891359          0.170428396863          0.170123189084          0.169934448520          0.169881654712          0.169848995027          0.169836384359          0.169831652798          0.169828631646          0.169827269795          0.169825767685          0.169823288924
        0.191932356196          0.176054531787          0.173833606759          0.171352978401          0.170645479036          0.170351597279          0.170166161426          0.170115952956          0.170083954303          0.170071686786          0.170067034909          0.170063822410          0.170061949373          0.170059301047          0.170054261943
        0.191744746284          0.176056623987          0.173861091877          0.171409257436          0.170712004837          0.170420661034          0.170237849279          0.170188201795          0.170156514936          0.170144314737          0.170139461360          0.170135736653          0.170132713626          0.170127496367          0.170115986442
        0.191710053335          0.176061081713          0.173892286923          0.171452556882          0.170758450872          0.170469802625          0.170287675315          0.170238347154          0.170206749974          0.170194358312          0.170188993889          0.170184121795          0.170178533772          0.170166854327          0.170141366820
        0.191678033918          0.176059884135          0.173901211248          0.171464582389          0.170773041625          0.170484997157          0.170303214417          0.170253955710          0.170222162858          0.170209259368          0.170202746284          0.170195308443          0.170183254948          0.170157592733          0.170102510801
        0.191667574227          0.176061219521          0.173905035236          0.171471179165          0.170780244956          0.170492511083          0.170310809194          0.170261351718          0.170229048036          0.170214996034          0.170205916658          0.170192013991          0.170165978808          0.170110721710          0.169991500046
        0.191663987020          0.176061250760          0.173907558088          0.171474404345          0.170783809318          0.170496158589          0.170314267661          0.170264297952          0.170230846895          0.170214229449          0.170198685396          0.170170801063          0.170115171691          0.169995780070          0.169730234098
        0.191661248882          0.176061302861          0.173908154646          0.171475343841          0.170784818106          0.170496968335          0.170314567026          0.170263448279          0.170227431325          0.170204348926          0.170174822732          0.170117344104          0.169997578066          0.169731854875          0.169077470438
        0.191660592085          0.176061376998          0.173908521871          0.171475805147          0.170785085935          0.170496724782          0.170313176363          0.170259491394          0.170217009920          0.170179945726          0.170120825052          0.169999210650          0.169733115505          0.169078558784          0.167667482625
        0.191660134522          0.176061297549          0.173908505815          0.171475599898          0.170784368991          0.170494859453          0.170308746381          0.170248595907          0.170192132872          0.170125474603          0.170002217761          0.169734274169          0.169079343003          0.167668093017          0.164903639367
        0.191659862556          0.176061120615          0.173908123851          0.171474710937          0.170782331602          0.170490255302          0.170297678716          0.170223545200          0.170137488858          0.170006695087          0.169737107695          0.169080329390          0.167668704964          0.164904075582          0.158954446181
        0.191659593419          0.176060676384          0.173907159223          0.171472605030          0.170777660101          0.170479116325          0.170272561534          0.170168831869          0.170018641887          0.169741519244          0.169083093633          0.167669625259          0.164904622529          0.158954825282 
        0.191659063607          0.176059659570          0.173904980341          0.171467872287          0.170766459972          0.170453929930          0.170217790087          0.170049920633          0.169753405013          0.169087445823          0.167672324387          0.164905486469          0.158955312454  
        0.191657943130          0.176057442958          0.173900168633          0.171456615575          0.170741219901          0.170399088906          0.170098833460          0.169784623816          0.169099274759          0.167676629381          0.164908130523          0.158956136563   
        0.191655521971          0.176052565115          0.173888745132          0.171431266587          0.170686279570          0.170279998710          0.169833453495          0.169130366441          0.167688352850          0.164912358033          0.158958679500    
        0.191650208527          0.176040997261          0.173863033366          0.171376101092          0.170566985538          0.170014332972          0.169179004846          0.167719182025          0.164923885198          0.158962751626     
        0.191637614544          0.176014966300          0.173807084293          0.171256323936          0.170300871063          0.169359186327          0.167767413638          0.164954205209          0.158973862195      
        0.191609276580          0.175958324103          0.173685607408          0.170989133305          0.169644619585          0.167946091065          0.165001641045          0.159003087739       
        0.191547615826          0.175835343470          0.173414626432          0.170330229404          0.168229142518          0.165177372631          0.159048812032        
        0.191413739413          0.175561008416          0.172746375823          0.168909031656          0.165455757667          0.159218203595         
        0.191115099173          0.174884486706          0.171305018229          0.166124438265          0.159486545176          
        0.190378639986          0.173425289171          0.168480925166          0.160131101508           
        0.188790162646          0.170566241825          0.162402572494            
        0.185677813710          0.164412656359             
        0.178979042114              
