        0.205199477378          0.180222432833          0.174459028224          0.171050685602          0.169368275699          0.168816679472          0.168534282684          0.168402014066          0.168353441595          0.168329976944          0.168319206741          0.168315001242          0.168313034084          0.168312141038          0.168311778417          0.168311612263          0.168311537299          0.168311506012          0.168311491910          0.168311485556          0.168311482852          0.168311481640          0.168311481080          0.168311480805          0.168311480607
        0.203767524055          0.181782171964          0.177212264635          0.175016600928          0.173624862430          0.173196074771          0.173000824300          0.172894712329          0.172857223765          0.172840452765          0.172831969271          0.172828737377          0.172827303088          0.172826608146          0.172826330319          0.172826207465          0.172826149717          0.172826125757          0.172826115233          0.172826110375          0.172826108300          0.172826107384          0.172826106939          0.172826106689          0.172826106450
        0.201956816974          0.181230106656          0.177734114076          0.175777657569          0.174501927414          0.174151006788          0.173977896760          0.173881953094          0.173850459713          0.173835649607          0.173828047142          0.173825292274          0.173824029356          0.173823410567          0.173823171410          0.173823063575          0.173823012351          0.173822991596          0.173822982380          0.173822978078          0.173822976265          0.173822975448          0.173822975021          0.173822974724          0.173822974340
        0.200687799896          0.181175599726          0.177897587792          0.176040793385          0.174847264062          0.174517207122          0.174353374375          0.174263578699          0.174233960593          0.174219975002          0.174212853249          0.174210263400          0.174209072728          0.174208492477          0.174208267850          0.174208166259          0.174208118223          0.174208098714          0.174208090030          0.174208085987          0.174208084272          0.174208083472          0.174208082997          0.174208082555          0.174208081825
        0.200417285574          0.181198604793          0.178031073448          0.176257331182          0.175088746751          0.174768936656          0.174611472197          0.174523841113          0.174495128996          0.174481648717          0.174474713923          0.174472203231          0.174471053540          0.174470489488          0.174470271668          0.174470173423          0.174470126789          0.174470107873          0.174470099469          0.174470095532          0.174470093836          0.174470092989          0.174470092370          0.174470091584          0.174470090062
        0.200257686262          0.181167251525          0.178076368856          0.176324953067          0.175167007340          0.174853182281          0.174697703267          0.174610979212          0.174582745889          0.174569438816          0.174562581740          0.174560110040          0.174558975344          0.174558417911          0.174558203350          0.174558106429          0.174558060345          0.174558041711          0.174558033409          0.174558029491          0.174558027748          0.174558026756          0.174558025793          0.174558024214          0.174558020937
        0.200165574105          0.181163171364          0.178093077360          0.176351078508          0.175199498147          0.174887570564          0.174732932369          0.174646702560          0.174618636959          0.174605403662          0.174598586168          0.174596129201          0.174595001004          0.174594446848          0.174594233561          0.174594137202          0.174594091383          0.174594072845          0.174594064561          0.174594060596          0.174594058708          0.174594057372          0.174594055615          0.174594052280          0.174594045042
        0.200139440188          0.181163455581          0.178103082754          0.176367318837          0.175217906518          0.174906857220          0.174752714892          0.174666670307          0.174638681730          0.174625488590          0.174618687025          0.174616236713          0.174615111791          0.174614559000          0.174614346292          0.174614250203          0.174614204490          0.174614185965          0.174614177634          0.174614173525          0.174614171293          0.174614169163          0.174614165652          0.174614158356          0.174614142035
        0.200125928372          0.181161500970          0.178106971101          0.176373188024          0.175224712351          0.174914137182          0.174760168507          0.174674203105          0.174646253316          0.174633075284          0.174626280446          0.174623833378          0.174622709772          0.174622157556          0.174621945114          0.174621849123          0.174621803429          0.174621784858          0.174621776382          0.174621771928          0.174621768902          0.174621765018          0.174621757546          0.174621741167          0.174621704939
        0.200118782427          0.181161162132          0.178108493172          0.176375552267          0.175227584843          0.174917177027          0.174763282486          0.174677357401          0.174649422352          0.174636250757          0.174629459215          0.174627013427          0.174625890391          0.174625338444          0.174625126098          0.174625030125          0.174624984385          0.174624965669          0.174624956848          0.174624951601          0.174624946821          0.174624938975          0.174624922420          0.174624886133          0.174624804832
        0.200116425059          0.181161122606          0.178109295842          0.176376843946          0.175229064256          0.174918731887          0.174764877112          0.174678968007          0.174651039542          0.174637871242          0.174631081057          0.174628635837          0.174627513069          0.174626961223          0.174626748897          0.174626652877          0.174626606991          0.174626587931          0.174626578317          0.174626571315          0.174626562574          0.174626545645          0.174626509182          0.174626427823          0.174626242436
        0.200115281286          0.181160991986          0.178109626804          0.176377347746          0.175229649587          0.174919355543          0.174765515895          0.174679613654          0.174651688406          0.174638521409          0.174631731808          0.174629286855          0.174628164187          0.174627612362          0.174627399989          0.174627303824          0.174627257594          0.174627237741          0.174627226371          0.174627215408          0.174627197584          0.174627160748          0.174627079212          0.174626893767          0.174626482914
        0.200114707803          0.181160963116          0.178109761090          0.176377556014          0.175229899222          0.174919619844          0.174765786650          0.174679887754          0.174651963788          0.174638797349          0.174632008020          0.174629563165          0.174628440515          0.174627888643          0.174627676125          0.174627579615          0.174627532592          0.174627510984          0.174627495654          0.174627475608          0.174627437876          0.174627355967          0.174627170345          0.174626759434          0.174625834846
        0.200114499834          0.181160956723          0.178109827341          0.176377661557          0.175230021078          0.174919748164          0.174765918226          0.174680020710          0.174652097306          0.174638931135          0.174632141909          0.174629697072          0.174628574374          0.174628022358          0.174627809496          0.174627712193          0.174627663415          0.174627637845          0.174627613432          0.174627573479          0.174627490674          0.174627304679          0.174626893591          0.174625968945          0.174623846864
        0.200114402600          0.181160947577          0.178109855413          0.176377704686          0.175230071245          0.174919801484          0.174765972860          0.174680075933          0.174652152792          0.174638986719          0.174632197514          0.174629752630          0.174628629787          0.174628077426          0.174627863771          0.174627764713          0.174627711974          0.174627677322          0.174627633001          0.174627547975          0.174627361084          0.174626949623          0.174626024800          0.174623902662          0.174619238552
        0.200114355642          0.181160945041          0.178109867139          0.176377722837          0.175230092815          0.174919824331          0.174765996263          0.174680099610          0.174652176566          0.174639010512          0.174632221261          0.174629776232          0.174628653044          0.174628099890          0.174627884480          0.174627781461          0.174627719639          0.174627665079          0.174627575685          0.174627386573          0.174626974216          0.174626049020          0.174623926705          0.174619262537          0.174608722098
        0.200114337391          0.181160944359          0.178109872686          0.176377731603          0.175230102996          0.174919835063          0.174766007259          0.174680110712          0.174652187686          0.174639021585          0.174632232189          0.174629786815          0.174628662835          0.174628107926          0.174627888554          0.174627776452          0.174627694723          0.174627595090          0.174627401610          0.174626987032          0.174626060940          0.174623938251          0.174619273907          0.174608733410          0.174584361377
        0.200114329118          0.181160943687          0.178109875068          0.176377735292          0.175230107288          0.174919839612          0.174766011908          0.174680115381          0.174652192308          0.174639026062          0.174632236322          0.174629790155          0.174628664419          0.174628105549          0.174627877095          0.174627745085          0.174627618283          0.174627414564          0.174626995618          0.174626067305          0.174623943721          0.174619279003          0.174608738330          0.174584366238          0.174531682928
        0.200114325212          0.181160943463          0.178109876084          0.176377736860          0.175230109137          0.174919841558          0.174766013871          0.174680117298          0.174652194080          0.174639027489          0.174632236956          0.174629789035          0.174628659338          0.174628091385          0.174627843023          0.174627665940          0.174627435052          0.174627005867          0.174626073186          0.174623947380          0.174619281767          0.174608740720          0.174584368452          0.174531685084          0.174411281399
        0.200114323617          0.181160943396          0.178109876547          0.176377737586          0.175230109971          0.174919842408          0.174766014675          0.174680117957          0.174652194394          0.174639027011          0.174632234723          0.174629782840          0.174628644060          0.174628056199          0.174627762765          0.174627481596          0.174627025242          0.174626082322          0.174623952149          0.174619284314          0.174608742371          0.174584369730          0.174531686185          0.174411282442          0.174130883158
        0.200114322909          0.181160943339          0.178109876739          0.176377737877          0.175230110284          0.174919842673          0.174766014795          0.174680117733          0.174652193377          0.174639024238          0.174632227989          0.174629767024          0.174628608336          0.174627975402          0.174627577882          0.174627071247          0.174626101158          0.174623960745          0.174619288543          0.174608744379          0.174584370842          0.174531686923          0.174411283004          0.174130883662          0.173544709912
        0.200114322574          0.181160943308          0.178109876802          0.176377737957          0.175230110318          0.174919842562          0.174766014339          0.174680116485          0.174652190373          0.174639017274          0.174632211942          0.174629731068          0.174628527308          0.174627790288          0.174627167301          0.174626146932          0.174623979350          0.174619296909          0.174608748377          0.174584372618          0.174531687804          0.174411283512          0.174130883992          0.173544710184          0.172169214664
        0.200114322423          0.181160943276          0.178109876785          0.176377737893          0.175230110110          0.174919842009          0.174766012993          0.174680113384          0.174652183312          0.174639001129          0.174632175889          0.174629649943          0.174628342096          0.174627379611          0.174626242889          0.174624025027          0.174619315416          0.174608756646          0.174584376519          0.174531689484          0.174411284295          0.174130884403          0.173544710418          0.172169214839          0.168956651621
        0.200114322334          0.181160943215          0.178109876675          0.176377737637          0.175230109510          0.174919840617          0.174766009845          0.174680106275          0.174652167120          0.174638965029          0.174632094717          0.174629464685          0.174627931372          0.174626455152          0.174624120938          0.174619361047          0.174608775106          0.174584384741          0.174531693338          0.174411285928          0.174130885140          0.173544710782          0.172169215026          0.168956651749          0.162915164883
        0.200114322243          0.181160943083          0.178109876397          0.176377737013          0.175230108096          0.174919837446          0.174766002714          0.174680090061          0.174652130998          0.174638883834          0.174631909436          0.174629053938          0.174627006891          0.174624333178          0.174619456935          0.174608820714          0.174584403180          0.174531701538          0.174411289760          0.174130886750          0.173544711497          0.172169215368          0.168956651914          0.162915164990 
        0.200114322087          0.181160942792          0.178109875759          0.176377735581          0.175230104911          0.174919830300          0.174765986483          0.174680053925          0.174652049788          0.174638698538          0.174631498676          0.174628129442          0.174624884902          0.174619669161          0.174608916588          0.174584448773          0.174531719962          0.174411297946          0.174130890568          0.173544713093          0.172169216069          0.168956652241          0.162915165142  
        0.200114321761          0.181160942139          0.178109874308          0.176377732371          0.175230097748          0.174919814051          0.174765950326          0.174679972699          0.174651864474          0.174638287758          0.174630574163          0.174626007436          0.174620220866          0.174609128798          0.174584544630          0.174531765538          0.174411316354          0.174130898736          0.173544716894          0.172169217649          0.168956652925          0.162915165454   
        0.200114321038          0.181160940662          0.178109871065          0.176377725160          0.175230081469          0.174919777860          0.174765869058          0.174679787353          0.174651453661          0.174637363208          0.174628452125          0.174621343369          0.174609680468          0.174584756808          0.174531861364          0.174411361896          0.174130917113          0.173544725034          0.172169221418          0.168956654474          0.162915166112    
        0.200114319406          0.181160937364          0.178109863782          0.176377708773          0.175230045213          0.174919696520          0.174765683620          0.174679376474          0.174650529041          0.174635241086          0.174623787992          0.174610802902          0.174585308400          0.174532073477          0.174411457655          0.174130962581          0.173544743348          0.172169229492          0.168956658172          0.162915167605     
        0.200114315761          0.181160929955          0.178109847235          0.176377672279          0.175229963728          0.174919510919          0.174765272538          0.174678451705          0.174648406759          0.174630576772          0.174613247377          0.174586430677          0.174532624903          0.174411669622          0.174131058187          0.173544788663          0.172169247661          0.168956666096          0.162915171171      
        0.200114307578          0.181160913124          0.178109810382          0.176377590261          0.175229777798          0.174919099475          0.174764347315          0.174676329084          0.174643742093          0.174620035747          0.174588874811          0.174533746841          0.174412220667          0.174131269813          0.173544883946          0.172169292616          0.168956683925          0.162915178811       
        0.200114288986          0.181160875640          0.178109727558          0.176377403113          0.175229365624          0.174918173437          0.174762223650          0.174671663672          0.174633200273          0.174595662233          0.174536190238          0.174413341832          0.174131819972          0.173545094859          0.172169387144          0.168956728042          0.162915196003        
        0.200114247580          0.181160791397          0.178109538572          0.176376988240          0.175228437944          0.174916047903          0.174757555944          0.174661120167          0.174608824922          0.174542975611          0.174415783542          0.174132939333          0.173545643166          0.172169596386          0.168956820806          0.162915238542         
        0.200114154523          0.181160599174          0.178109119625          0.176376054483          0.175226308639          0.174911376088          0.174747007254          0.174636740919          0.174556134328          0.174422564235          0.174135377119          0.173546758760          0.172170140347          0.168957026143          0.162915327989          
        0.200113942190          0.181160173050          0.178108176698          0.176373911234          0.175221628538          0.174900818114          0.174722616018          0.174584041901          0.174435713874          0.174142146910          0.173549188339          0.172171247099          0.168957559955          0.162915525984           
        0.200113471483          0.181159213971          0.178106012401          0.176369200481          0.175211051836          0.174876405409          0.174669891086          0.174463602194          0.174155275409          0.173555935341          0.172173657421          0.168958646055          0.162916040707            
        0.200112412064          0.181157012598          0.178101255385          0.176358554510          0.175186595828          0.174823634069          0.174549392155          0.174183118893          0.173569019646          0.172180350948          0.168961011402          0.162917087971             
        0.200109980380          0.181152174094          0.178090504864          0.176333938333          0.175133730884          0.174703029075          0.174268770930          0.173596769401          0.172193331547          0.168967580032          0.162919368740              
        0.200104635663          0.181141239414          0.178065646941          0.176280727162          0.175012911965          0.174422160850          0.173682133109          0.172220861361          0.168980318422          0.162925702491               
        0.200092556977          0.181115955669          0.178011913204          0.176159116969          0.174731545544          0.173835006676          0.172305548486          0.169007334548          0.162937985387                
        0.200064628001          0.181061301459          0.177889108723          0.175875907807          0.174143349894          0.172457210395          0.169090441468          0.162964035480                 
        0.200004255772          0.180936393307          0.177603118271          0.175283859910          0.172763109720          0.169239273466          0.163044170695                  
        0.199866279508          0.180645503768          0.177005256097          0.173894580185          0.169539464913          0.163187680815                   
        0.199544956589          0.180037400066          0.175602332784          0.170649822891          0.163477138132                    
        0.198873232000          0.178610444328          0.172325709961          0.164547792358                     
        0.197296985623          0.175277692143          0.166163753705                      
        0.193615554997          0.169010180048                       
        0.186692324676                        
