        0.176764038578          0.158577274364          0.153017649339          0.150870313633          0.150018250260          0.149698667094          0.149579214586          0.149536505402          0.149521747173          0.149516960652          0.149515544223          0.149515195766          0.149515142722          0.149515136663          0.149515079556
        0.178882766372          0.163785437595          0.159436860311          0.157778505512          0.157113899531          0.156866328635          0.156773526390          0.156740438653          0.156729003903          0.156725303514          0.156724209570          0.156723937669          0.156723883315          0.156723837233          0.156723677140
        0.178242132133          0.164344090160          0.160520877381          0.159054001216          0.158465451188          0.158245657984          0.158163039825          0.158133474541          0.158123207469          0.158119859375          0.158118853149          0.158118583988          0.158118491365          0.158118343838          0.158117923016
        0.177961918595          0.164562855455          0.160939907098          0.159548543862          0.158988631395          0.158779207007          0.158700245178          0.158671897595          0.158662006615          0.158658755966          0.158657756634          0.158657450952          0.158657257776          0.158656850309          0.158655757360
        0.177868869834          0.164659907498          0.161116828579          0.159754155888          0.159205072934          0.158999420006          0.158921744466          0.158893798019          0.158884015549          0.158880776086          0.158879742069          0.158879336638          0.158878884109          0.158877805313          0.158874995582
        0.177839049826          0.164704524286          0.161191799785          0.159839901515          0.159294759223          0.159090431645          0.159013182774          0.158985354253          0.158975587367          0.158972314928          0.158971181823          0.158970517378          0.158969393873          0.158966598878          0.158959466256
        0.177831794969          0.164725098467          0.161223869224          0.159875892318          0.159332149718          0.159128266390          0.159051146594          0.159023337603          0.159013539522          0.159010168798          0.159008777058          0.159007441871          0.159004602435          0.158997485203          0.158979642570
        0.177830939286          0.164734521253          0.161237505667          0.159890914299          0.159347645593          0.159143898119          0.159066802418          0.159038963872          0.159029068258          0.159025439200          0.159023376892          0.159020325965          0.159013164515          0.158995337747          0.158951359132
        0.177831559664          0.164738789493          0.161243281386          0.159897157043          0.159354036544          0.159150315957          0.159073192586          0.159045257215          0.159035103576          0.159030804075          0.159027026107          0.159019653272          0.159001782509          0.158957820184          0.158851200771
        0.177832224489          0.164740700449          0.161245709302          0.159899729648          0.159356641055          0.159152893917          0.159075674474          0.159047481361          0.159036657421          0.159030642317          0.159022542504          0.159004460447          0.158960454307          0.158853851503          0.158599261159
        0.177832670258          0.164741544500          0.161246718543          0.159900769121          0.159357656043          0.159153813282          0.159076336409          0.159047473117          0.159034933645          0.159024596745          0.159005787771          0.158961570417          0.158854923951          0.158600350490          0.158005065117
        0.177832922141          0.164741908329          0.161247120948          0.159901146243          0.159357938379          0.159153838368          0.159075691452          0.159045112696          0.159028251487          0.159007205482          0.158962261279          0.158855403693          0.158600786717          0.158005518394          0.156637207496
        0.177833047945          0.164742049206          0.161247239899          0.159901170002          0.159357705226          0.159152935248          0.159073072955          0.159038172537          0.159010602313          0.158963421181          0.158855836868          0.158601008915          0.158005697227          0.156637403650          0.153590203478
        0.177833092664          0.164742062010          0.161247158802          0.159900831721          0.159356697130          0.159150211833          0.159066028009          0.159020418736          0.158966713594          0.158856892591          0.158601338175          0.158005815775          0.156637479140          0.153590296554          0.147030670536
        0.177833063614          0.164741935714          0.161246775736          0.159899778540          0.159353928786          0.159143122098          0.159048229762          0.158976485995          0.158860141519          0.158602351001          0.158006102755          0.156637556022          0.153590330935          0.147030724125 
        0.177832910283          0.164741527111          0.161245697066          0.159896984253          0.159346813550          0.159125298828          0.159004272956          0.158869891004          0.158605578389          0.158007095509          0.156637824406          0.153590390602          0.147030742966  
        0.177832462520          0.164740418272          0.161242872716          0.159889838271          0.159328961003          0.159081314271          0.158897652893          0.158615305822          0.158010304381          0.156638802222          0.153590647575          0.147030794548   
        0.177831262955          0.164737530052          0.161235664029          0.159871922348          0.159284917627          0.158974640028          0.158643020710          0.158019992802          0.156641980827          0.153591603949          0.147031038383    
        0.177828144214          0.164730164099          0.161217596312          0.159827727896          0.159178105877          0.158719883499          0.158047602700          0.156651584389          0.153594719781          0.147031953075     
        0.177820192546          0.164711704398          0.161173029485          0.159720551774          0.158923022918          0.158124176635          0.156678954823          0.153604136156          0.147034935511      
        0.177800265825          0.164666171512          0.161064951095          0.159464599402          0.158326553488          0.156754865507          0.153630973996          0.147043949605       
        0.177751114681          0.164555750655          0.160806844266          0.158866097274          0.156955489780          0.153705407887          0.147069641197        
        0.177631919381          0.164292049793          0.160203304407          0.157490361247          0.153902129261          0.147140896118         
        0.177347263929          0.163675429262          0.158815988532          0.154426595507          0.147329215831          
        0.176681644596          0.162258045752          0.155726434472          0.147831282961           
        0.175151630893          0.159101531041          0.149075607885            
        0.171744288612          0.152306559485             
        0.164409365130              
