1.08482e-20
-2.28513e-20
3.49173e-20
-4.8078e-20
5.97453e-20
-6.37141e-20
4.68173e-20
1.65191e-20
-1.72893e-19
5.04216e-19
-1.14962e-18
2.33933e-18
-4.445e-18
8.05316e-18
-1.40691e-17
2.38588e-17
-3.94353e-17
6.36875e-17
-1.00638e-16
1.55687e-16
-2.35733e-16
3.49e-16
-5.04192e-16
7.08399e-16
-9.62734e-16
1.25414e-15
-1.54092e-15
1.72835e-15
-1.62924e-15
9.02488e-16
1.03946e-15
-5.16444e-15
1.30056e-14
-2.69027e-14
5.02897e-14
-8.79889e-14
1.46405e-13
-2.33399e-13
3.57398e-13
-5.24953e-13
7.35331e-13
-9.69755e-13
1.17135e-12
-1.20947e-12
8.18401e-13
5.04751e-13
-3.66594e-12
1.02371e-11
-2.28637e-11
4.58809e-11
-8.62242e-11
1.54739e-10
-2.68004e-10
4.50781e-10
-7.39135e-10
1.18413e-09
-1.85569e-09
2.84549e-09
-4.26687e-09
6.24735e-09
-8.90659e-09
1.23068e-08
-1.63548e-08
2.06218e-08
-2.40296e-08
2.43229e-08
-1.72157e-08
-4.94889e-09
5.52361e-08
-1.55111e-07
3.38658e-07
-6.58234e-07
1.19149e-06
-2.04906e-06
3.38087e-06
-5.3762e-06
8.24765e-06
-1.21801e-05
1.72092e-05
-2.2967e-05
2.81857e-05
-2.9779e-05
2.12167e-05
1.02649e-05
-8.83491e-05
0.000255312
-0.000584308
0.0011986
-0.00230098
0.0042176
-0.00746128
0.0128192
-0.0214675
0.0351037
-0.0560637
0.0872784
-0.132281
0.189242
