4.3898e-14
2.42997e-14
-9.70774e-14
1.77095e-13
-2.68435e-13
3.76238e-13
-5.06759e-13
6.67667e-13
-8.68413e-13
1.121e-12
-1.44036e-12
1.84535e-12
-2.36004e-12
3.01488e-12
-3.8486e-12
4.91091e-12
-6.26484e-12
7.99039e-12
-1.01909e-11
1.29959e-11
-1.65721e-11
2.11321e-11
-2.69462e-11
3.43596e-11
-4.38123e-11
5.58651e-11
-7.12333e-11
9.0829e-11
-1.15815e-10
1.47674e-10
-1.88297e-10
2.40093e-10
-3.06137e-10
3.90346e-10
-4.97716e-10
6.34618e-10
-8.09171e-10
1.03173e-09
-1.31549e-09
1.67729e-09
-2.13859e-09
2.72674e-09
-3.47664e-09
4.43277e-09
-5.65189e-09
7.20639e-09
-9.18866e-09
1.17166e-08
-1.49409e-08
1.9054e-08
-2.43021e-08
3.10002e-08
-3.95525e-08
5.04772e-08
-6.4441e-08
8.23028e-08
-1.05171e-07
1.34482e-07
-1.72099e-07
2.20447e-07
-2.82694e-07
3.62987e-07
-4.66769e-07
6.01193e-07
-7.75672e-07
1.00257e-06
-1.2981e-06
1.68337e-06
-2.18559e-06
2.83933e-06
-3.68738e-06
4.78072e-06
-6.17617e-06
7.9293e-06
-1.00784e-05
1.2612e-05
-1.54065e-05
1.81124e-05
-1.99521e-05
1.93685e-05
-1.34236e-05
-3.21e-06
3.99281e-05
-0.00011295
0.000249804
-0.000496563
0.000929425
-0.00167311
0.00292992
-0.00502557
0.00848109
-0.0141263
0.0232804
-0.0380488
0.061842
-0.100416
0.164654
-0.28829
