-0.0011252
0.00128492
-0.000755417
0.000498698
8.06691e-06
-0.000398633
0.000824046
-0.00115441
0.0014178
-0.00157106
0.00161605
-0.00154418
0.00136293
-0.00108384
0.000727063
-0.000317788
-0.000114652
0.000539409
-0.000926245
0.00124779
-0.0014814
0.00161061
-0.00162619
0.00152671
-0.00131869
0.00101618
-0.000639903
0.000215903
0.000226286
-0.000655692
0.00104211
-0.00135823
0.00158148
-0.00169558
0.00169164
-0.00156872
0.00133401
-0.00100242
0.000595714
-0.000141106
-0.000330504
0.000786629
-0.00119543
0.00152788
-0.00175979
0.00187339
-0.00185863
0.00171385
-0.0014461
0.00107086
-0.00061117
9.63809e-05
0.00043972
-0.000961061
0.00143167
-0.00181805
0.00209147
-0.00222984
0.00221924
-0.00205505
0.00174244
-0.00129642
0.00074129
-0.000109446
-0.000560406
0.00122552
-0.00184175
0.00236629
-0.00276035
0.00299158
-0.00303605
0.00287992
-0.00252052
0.00196699
-0.00124031
0.00037262
0.000594249
-0.00161106
0.00262409
-0.00357836
0.00442081
-0.00510291
0.00558201
-0.00582107
0.00578601
-0.00543947
0.00473049
-0.00357651
0.00183648
0.000734947
-0.00455629
0.0103345
-0.01922
0.0330371
-0.0544286
0.0867534
-0.134155
0.194026
