0.0068679
-0.00941409
0.0113932
-0.0102626
0.00391038
-0.000850088
-0.00735592
0.0093999
-0.0112759
0.0102788
-0.0041161
0.00105071
0.00689115
-0.00911298
0.0110299
-0.0102602
0.0045193
-0.00141336
-0.00612196
0.00871909
-0.0107356
0.0103297
-0.00519621
0.00197056
0.00503649
-0.00824479
0.0104094
-0.0105209
0.00613838
-0.00271579
-0.00367982
0.00772226
-0.0100734
0.0108476
-0.00729972
0.00362246
0.00213289
-0.00719206
0.00976033
-0.011323
0.0086283
-0.00466334
-0.000482364
0.00669724
-0.00951328
0.0119728
-0.0100971
0.00582962
-0.0012091
-0.00627885
0.00938645
-0.0128504
0.0117313
-0.00714822
0.00292543
0.00597622
-0.00945015
0.0140561
-0.0136338
0.00869995
-0.0047148
-0.0058337
0.00980513
-0.0157711
0.0160255
-0.0106502
0.00671476
0.00591819
-0.010618
0.0183337
-0.019338
0.0133206
-0.00921333
-0.00636458
0.0122191
-0.022444
0.0244796
-0.0173898
0.0128335
0.00751401
-0.0154067
0.0298227
-0.0337558
0.0246094
-0.0192858
-0.0104412
0.0226388
-0.0461388
0.0553081
-0.0416005
0.0360941
0.0199459
-0.0451097
0.104939
-0.145953
0.131968
-0.173154
-0.0979579
