0.000683847
-0.000689357
-0.00206542
0.00267284
-0.00315564
0.00207099
-0.000411604
-0.00149707
0.00281507
-0.00312435
0.00227484
-0.000588324
-0.001326
0.00275785
-0.00318089
0.00243497
-0.000786823
-0.00116216
0.00269382
-0.00324207
0.00259938
-0.00099236
-0.000994701
0.0026309
-0.00331032
0.00277469
-0.00120851
-0.000821743
0.00257073
-0.00338983
0.0029665
-0.00144034
-0.000640553
0.00251416
-0.00348501
0.00318141
-0.00169437
-0.000447128
0.00246157
-0.00360094
0.00342778
-0.00197936
-0.000235753
0.00241292
-0.00374401
0.00371667
-0.00230726
1.77177e-06
0.00236767
-0.00392263
0.00406339
-0.00269512
0.000277513
0.00232445
-0.00414848
0.00449
-0.00316811
0.000609904
0.00228052
-0.00443853
0.00502991
-0.00376537
0.00102855
0.0022303
-0.00481876
0.00573655
-0.00455142
0.00158416
0.00216216
-0.00533141
0.00670169
-0.00564126
0.00237129
0.00204976
-0.0060506
0.0080983
-0.00726219
0.00358795
0.00182612
-0.00712074
0.0102984
-0.00993599
0.00572463
0.00128828
-0.0088731
0.0142869
-0.0151802
0.0103671
-0.000365368
-0.0123594
0.0238941
-0.0297982
0.0258484
-0.00806657
-0.0259455
0.0770863
-0.148984
0.256455
