        0.029394660890          0.014616278855          0.022587991673          0.020290801662          0.019352754080          0.020958190145          0.020362976194          0.019729015154          0.020709937462          0.020372190867          0.019761956826          0.020805277265          0.020169144400          0.019902283686          0.020865796904          0.019928738321          0.020147141709          0.020805717926          0.019746761509          0.020446904736          0.020602979549          0.019702623170          0.020711800023          0.020301745774          0.019827150857          0.020854044344          0.019989654357          0.020091950433          0.020821965324          0.019764811287          0.020418934344          0.020619417598          0.019701480293          0.020705853833          0.020306232128          0.019824264465          0.020859638641          0.019980215085          0.020098430505          0.020827099243          0.019746550266          0.020439251779          0.020613397139          0.019684167974          0.020737558170          0.020282377730          0.019819553498          0.020893780003          0.019938331044          0.020116285180
        0.117827605118          0.064987750442          0.080633549567          0.080133698017          0.077723160117          0.079458243680          0.078692337912          0.079171298337          0.078430954771          0.079248075300          0.078924794743          0.078431792998          0.079429240692          0.078668162802          0.078588707770          0.079494739857          0.078396932813          0.078889970791          0.079373815868          0.078239373183          0.079226826521          0.079087708797          0.078270891948          0.079478190935          0.078723016455          0.078495421235          0.079552677599          0.078396949099          0.078848820589          0.079417425568          0.078217520056          0.079221181934          0.079108724217          0.078247638573          0.079492831631          0.078720832201          0.078483861101          0.079573127438          0.078376540048          0.078856075673          0.079430291738          0.078188482858          0.079248192628          0.079103149768          0.078222993509          0.079533660394          0.078691000996          0.078477590845          0.079615145585          0.078324375094
        0.094763864004          0.047614924106          0.062780157930          0.061873706395          0.058914983342          0.060901606077          0.061268914537          0.059828977453          0.060355345672          0.061584516639          0.059465355754          0.060782406036          0.061345854725          0.059289010571          0.061307432169          0.060833913192          0.059395525094          0.061718939076          0.060175809025          0.059832672342          0.061826382410          0.059584448892          0.060499096141          0.061554881420          0.059263235573          0.061195803095          0.060966039279          0.059331575064          0.061700668215          0.060234512841          0.059782879367          0.061845228698          0.059589977345          0.060484205060          0.061572524601          0.059242069036          0.061216787583          0.060958870687          0.059311428123          0.061744575037          0.060193128191          0.059788129884          0.061889546807          0.059519721561          0.060530617561          0.061590528992          0.059162566594          0.061306109093          0.060927026779          0.059253030596
        0.098941831438          0.053657791087          0.069257968827          0.067157554258          0.064982736191          0.067580882024          0.066147010292          0.066188191249          0.066806778530          0.066387413621          0.066202861925          0.066797424560          0.066287598371          0.066334187796          0.066748357795          0.066207338461          0.066474642639          0.066660277302          0.066171399055          0.066606496341          0.066530414505          0.066202547080          0.066696373268          0.066383510063          0.066301239194          0.066715653247          0.066259377336          0.066442889790          0.066655424624          0.066195849236          0.066585921049          0.066531921953          0.066214111453          0.066685534707          0.066382743868          0.066310096144          0.066708829778          0.066255429564          0.066454407447          0.066646379239          0.066192248132          0.066600731780          0.066516437712          0.066216150340          0.066700170380          0.066360217624          0.066322419500          0.066717098853          0.066229493617          0.066478816875
        0.099899233134          0.052839644565          0.067150298852          0.066188489595          0.064554714544          0.065482599533          0.065451498769          0.065604220582          0.064616181264          0.066068101700          0.065200094814          0.064738425102          0.066276052543          0.064772218666          0.065108057935          0.066235695597          0.064422673929          0.065626636570          0.065906703879          0.064319203240          0.066105922957          0.065377512554          0.064527192597          0.066371987867          0.064814816648          0.064997843972          0.066323039757          0.064402641451          0.065589378185          0.065961555805          0.064280634950          0.066114628245          0.065393794974          0.064497512692          0.066402034192          0.064796661778          0.064993500574          0.066351607069          0.064362157029          0.065616937750          0.065968853561          0.064236356823          0.066170064612          0.065366153895          0.064471563178          0.066470281842          0.064730748563          0.065006474291          0.066408399576          0.064268490562
        0.099015480620          0.052328080546          0.067328436514          0.066662569105          0.063509025973          0.065786272823          0.065808723675          0.064458096940          0.065296900287          0.066019644156          0.064190224364          0.065704055809          0.065687151221          0.064180642693          0.066092027602          0.065182622211          0.064425678514          0.066305873012          0.064644978591          0.064907685782          0.066228249920          0.064253143212          0.065499452924          0.065851407022          0.064146997665          0.066019548298          0.065276944712          0.064375329363          0.066299197954          0.064679889594          0.064877362475          0.066241105545          0.064250617106          0.065500186072          0.065854265462          0.064132071078          0.066046205478          0.065254461130          0.064371652009          0.066335769420          0.064630362682          0.064902738525          0.066265570148          0.064185494984          0.065561932955          0.065844571248          0.064073719729          0.066137392037          0.065195783805          0.064348075010
        0.099189745459          0.052409441867          0.068232923901          0.065972533490          0.064106399196          0.066460626953          0.064960971902          0.065413211486          0.065547197962          0.065299293743          0.065435285916          0.065412186881          0.065378173257          0.065449448064          0.065333979272          0.065463820367          0.065394676639          0.065335771352          0.065510404626          0.065323659366          0.065390695367          0.065504266243          0.065274421836          0.065465399679          0.065451842572          0.065268239741          0.065527817646          0.065373540685          0.065308950401          0.065553722016          0.065296800583          0.065384332198          0.065532226816          0.065247751558          0.065470979328          0.065467934161          0.065243696111          0.065541672256          0.065378973527          0.065288284665          0.065573497461          0.065291437768          0.065370516991          0.065554616805          0.065231792817          0.065467741695          0.065487840083          0.065219356504          0.065551873274          0.065390021315
        0.098962477715          0.053192258728          0.067202535637          0.066421120150          0.064666807249          0.065505182028          0.065823371386          0.065579008314          0.064737832752          0.066449484852          0.065062043117          0.065019174075          0.066552575256          0.064613523004          0.065530315242          0.066341336221          0.064348933896          0.066112752739          0.065839746819          0.064410400613          0.066550086558          0.065198156152          0.064810033064          0.066677471472          0.064624243218          0.065436155675          0.066435144246          0.064309637414          0.066094868769          0.065886670368          0.064365992791          0.066574374254          0.065198954092          0.064787114060          0.066714170809          0.064589764573          0.065448378136          0.066458247454          0.064258818102          0.066143550491          0.065876028855          0.064323425705          0.066647972635          0.065144360488          0.064778470569          0.066789143504          0.064495429739          0.065493381232          0.066503261225          0.064145803339
        0.099820335979          0.052191413904          0.067581107287          0.066738551527          0.063474506562          0.066115750557          0.065714018351          0.064515823087          0.065631498125          0.065807630932          0.064411680998          0.065929240397          0.065451210832          0.064550208755          0.066138358854          0.065032933664          0.064863929719          0.066170703089          0.064665828121          0.065304695547          0.065973375794          0.064473931200          0.065753702938          0.065581856489          0.064531592604          0.066072605064          0.065106535068          0.064832712740          0.066156056542          0.064694068119          0.065289962348          0.065970286224          0.064478007942          0.065761031158          0.065567685699          0.064533585861          0.066093443851          0.065073099521          0.064850749618          0.066173888534          0.064646067847          0.065334008259          0.065966557227          0.064430645733          0.065829594420          0.065528114515          0.064508324343          0.066172225481          0.064993845314          0.064868813661
        0.098806265742          0.052611666763          0.068153508246          0.065840150626          0.064371409194          0.066296722621          0.064940209545          0.065686344213          0.065265727372          0.065442612023          0.065601861756          0.065104961502          0.065671929851          0.065439835417          0.065109012008          0.065831047965          0.065203157387          0.065277765341          0.065842804047          0.065008598605          0.065531551133          0.065699906151          0.064938424996          0.065772481310          0.065449832453          0.065024596524          0.065913209063          0.065175164172          0.065244766829          0.065901372094          0.064966787569          0.065531638459          0.065734524907          0.064895356980          0.065794762578          0.065460391130          0.064989275459          0.065948790124          0.065162215990          0.065225423145          0.065940144871          0.064933495042          0.065535231781          0.065764328808          0.064849505876          0.065824422204          0.065468645884          0.064943934480          0.066000857694          0.065139397645
        0.099153121715          0.053108530061          0.067072282463          0.066631154314          0.064463743005          0.065440327725          0.066041528642          0.065264807552          0.064838118294          0.066564285957          0.064722205633          0.065265754239          0.066494728439          0.064355151444          0.065846317097          0.066106757707          0.064254766494          0.066391707406          0.065486808808          0.064510424703          0.066692951223          0.064827872207          0.065070760797          0.066626205813          0.064347144700          0.065770460191          0.066192846036          0.064209695938          0.066389011849          0.065518250374          0.064472724120          0.066723860359          0.064812111076          0.065064493968          0.066657440465          0.064301963527          0.065804154667          0.066197778263          0.064160270934          0.066456432612          0.065480058255          0.064447409020          0.066804797370          0.064728155001          0.065088267862          0.066720987356          0.064187183521          0.065890323752          0.066209504321          0.064047013425
        0.099902937201          0.052095720249          0.067858640379          0.066597094042          0.063477647189          0.066392821505          0.065445180479          0.064672494255          0.065797607276          0.065514324101          0.064715109133          0.065919331955          0.065241326370          0.064923232658          0.065948652913          0.064990126120          0.065198405942          0.065861175211          0.064820303368          0.065499963574          0.065647085331          0.064791350451          0.065751012035          0.065351257126          0.064923059753          0.065875538274          0.065056823361          0.065182419331          0.065831056272          0.064854828965          0.065491780609          0.065627194916          0.064812022235          0.065752735927          0.065326099531          0.064946512684          0.065877998939          0.065024644659          0.065219036392          0.065821045914          0.064824150273          0.065542802516          0.065593760388          0.064797249671          0.065809329613          0.065265808691          0.064962476807          0.065922800332          0.064945096942          0.065274851881
        0.098560692225          0.052862868834          0.067967039030          0.065820000664          0.064641600562          0.066028773747          0.065093936242          0.065859589484          0.064974289032          0.065743517350          0.065601480422          0.064895922402          0.066044369896          0.065260855848          0.065065286185          0.066168253731          0.064903498046          0.065429924288          0.066044633703          0.064689579104          0.065846701131          0.065706918118          0.064711506249          0.066163576242          0.065263952244          0.064975072071          0.066265877284          0.064860714103          0.065403481457          0.066109945249          0.064631634189          0.065863434732          0.065736112312          0.064657885316          0.066207454575          0.065256364933          0.064941143293          0.066320337355          0.064820221891          0.065401407948          0.066156121002          0.064568916092          0.065899597828          0.065754461800          0.064591433840          0.066278555861          0.065231234435          0.064895386237          0.066410696085          0.064745808287
        0.099498447972          0.052906842882          0.067031185145          0.066846124708          0.064142233328          0.065531436403          0.066144101485          0.064916648912          0.065076336208          0.066495847830          0.064455278234          0.065572533949          0.066249756931          0.064252253313          0.066115177509          0.065743837605          0.064345868697          0.066523915982          0.065106995958          0.064761852346          0.066630846569          0.064541629913          0.065395223970          0.066373230328          0.064238250546          0.066054214284          0.065814162058          0.064307373143          0.066527724493          0.065121675288          0.064740657080          0.066656236743          0.064515058785          0.065410261618          0.066386243699          0.064194413750          0.066106485621          0.065791486357          0.064275144674          0.066602347479          0.065054073025          0.064747645136          0.066725639212          0.064410634328          0.065475010566          0.066416408974          0.064079376472          0.066230421677          0.065751698280          0.064189933167
        0.099733054023          0.052100901329          0.068130673731          0.066337425983          0.063638882579          0.066566058007          0.065158004412          0.064975891922          0.065792122422          0.065308803750          0.065088312070          0.065735459366          0.065201201791          0.065259176420          0.065645540386          0.065145616720          0.065396937042          0.065540833218          0.065137808230          0.065502382642          0.065421026956          0.065183038993          0.065560421255          0.065304219107          0.065274149489          0.065557446583          0.065218575334          0.065387467296          0.065494191106          0.065188900541          0.065488693967          0.065390231207          0.065225133194          0.065543982109          0.065280257524          0.065316166370          0.065532318073          0.065203573274          0.065431124328          0.065454664954          0.065190635047          0.065527944794          0.065336118946          0.065251430393          0.065566935885          0.065219534754          0.065369808522          0.065525283514          0.065152079418          0.065505998421
        0.098445495981          0.053077617361          0.067658707421          0.065942632232          0.064781872036          0.065713929640          0.065371133691          0.065835880903          0.064745365270          0.066091149000          0.065400409886          0.064832063057          0.066356094091          0.064940553236          0.065196198751          0.066344909238          0.064564910805          0.065722202391          0.066027610546          0.064443424310          0.066213437232          0.065498651966          0.064642149482          0.066491071401          0.064928819923          0.065112574447          0.066449403710          0.064506124234          0.065712343949          0.066087524601          0.064375094254          0.066251694168          0.065509737801          0.064590018770          0.066553771669          0.064893812268          0.065095894332          0.066511240682          0.064436424701          0.065742706932          0.066122278768          0.064292026463          0.066329104095          0.065494840760          0.064523328227          0.066662976183          0.064817379158          0.065078221916          0.066621279416          0.064304238372
        0.099892145981          0.052633417621          0.067163426276          0.066972391264          0.063813918043          0.065785301651          0.066087155965          0.064663772118          0.065397240358          0.066263767127          0.064366195629          0.065854876513          0.065899943277          0.064356942694          0.066260289573          0.065377291312          0.064610722551          0.066474450293          0.064834136435          0.065099510660          0.066390490083          0.064446192244          0.065691903453          0.066007292900          0.064349362552          0.066205636838          0.065430542545          0.064588581982          0.066472703875          0.064837811844          0.065099438297          0.066397644274          0.064420869794          0.065725341723          0.065992650580          0.064322658751          0.066264976226          0.065378379676          0.064588556702          0.066535706189          0.064749662197          0.065147230665          0.066433599588          0.064316120382          0.065827632267          0.065971216849          0.064235581830          0.066408070996          0.065280468018          0.064560629730
        0.099342891729          0.052238037815          0.068282493800          0.066042994732          0.063934427093          0.066558480802          0.064950065374          0.065342401169          0.065604263831          0.065264307592          0.065418096530          0.065429162797          0.065351354639          0.065452684161          0.065322302377          0.065457023429          0.065395473782          0.065311483077          0.065523200771          0.065308883002          0.065369800751          0.065528251092          0.065239982847          0.065460767954          0.065474229681          0.065218185821          0.065546695839          0.065380571016          0.065254163355          0.065595830934          0.065277204711          0.065340263823          0.065588975482          0.065196200355          0.065453974867          0.065523338775          0.065163783122          0.065564085993          0.065412562781          0.065194123012          0.065638625349          0.065283032346          0.065285772463          0.065652962099          0.065167648624          0.065421271296          0.065596100938          0.065098644926          0.065570167898          0.065473613618
        0.098580281941          0.053184432378          0.067328036999          0.066205894877          0.064741005876          0.065471800613          0.065705765136          0.065624200341          0.064672183546          0.066390206621          0.065070057482          0.064953222862          0.066519908287          0.064592421983          0.065477813744          0.066315515462          0.064309529542          0.066077238354          0.065807820829          0.064364729541          0.066528478952          0.065152987774          0.064769698412          0.066661905227          0.064564574188          0.065410532557          0.066414606797          0.064240407872          0.066088733009          0.065849547331          0.064297936541          0.066585469260          0.065136604279          0.064734778813          0.066731940575          0.064500395443          0.065426161721          0.066464995330          0.064150462994          0.066160170044          0.065851044435          0.064214725136          0.066700820222          0.065070448942          0.064696166477          0.066860706184          0.064366334041          0.065466031041          0.066561680576          0.063972533930
        0.100147402198          0.052359872447          0.067447328778          0.066934621171          0.063578589234          0.066120239445          0.065864376269          0.064584703538          0.065689996932          0.065923838501          0.064480796417          0.066009989367          0.065543441992          0.064631662558          0.066220516904          0.065114443780          0.064958228514          0.066243718610          0.064748647477          0.065405973186          0.066034208541          0.064567205115          0.065853048157          0.065633377818          0.064640402952          0.066160319968          0.065156444743          0.064957086391          0.066223815912          0.064753460516          0.065424143031          0.066013739426          0.064558983416          0.065893433553          0.065589212352          0.064645864565          0.066207987851          0.065083664156          0.064997762932          0.066253369307          0.064664923034          0.065509307859          0.065998086052          0.064482144408          0.066014701495          0.065509588079          0.064615984042          0.066337244472          0.064939396965          0.065047569866
        0.098877714601          0.052486937471          0.068250400225          0.065823299249          0.064289203790          0.066366214496          0.064902603254          0.065666438228          0.065293876484          0.065409813141          0.065606414126          0.065102374643          0.065657447982          0.065446955289          0.065089562666          0.065836786493          0.065198477305          0.065256491748          0.065862916760          0.064985506166          0.065521923003          0.065723347179          0.064897982646          0.065783845493          0.065463112845          0.064975160698          0.065948250331          0.065165696834          0.065200564659          0.065954346011          0.064926700506          0.065509584761          0.065791250969          0.064825182718          0.065809469766          0.065500626297          0.064900457561          0.066006756441          0.065164402410          0.065140266854          0.066034908225          0.064881279731          0.065483156420          0.065874445390          0.064738881539          0.065834374226          0.065559693979          0.064789260744          0.066091261024          0.065170246924
        0.098954433232          0.053139831916          0.067084717999          0.066537164588          0.064521989695          0.065390475373          0.065995827373          0.065288005935          0.064787973935          0.066546187292          0.064716279650          0.065228948089          0.066482755719          0.064331401095          0.065826152137          0.066088399451          0.064225174591          0.066384878388          0.065455392821          0.064486352790          0.066691531500          0.064782545308          0.065061196900          0.066619314159          0.064293080123          0.065779829221          0.066169139855          0.064157568037          0.066414902036          0.065469462905          0.064436700839          0.066755770954          0.064736872712          0.065058426804          0.066677846631          0.064208629926          0.065836319740          0.066186194683          0.064067491957          0.066524078472          0.065419607041          0.064381521711          0.066890530569          0.064613028056          0.065077175502          0.066793136273          0.064028842691          0.065954388200          0.066227709929          0.063877087817
        0.100145223707          0.052169425594          0.067802045298          0.066725273383          0.063513800928          0.066426541223          0.065533806349          0.064707657467          0.065854103760          0.065576304758          0.064763914105          0.065979021617          0.065289619364          0.064987775436          0.065998537089          0.065037830987          0.065273436784          0.065896244290          0.064878418642          0.065575948303          0.065669119852          0.064866949828          0.065816651643          0.065368076183          0.065017580311          0.065920430399          0.065080868575          0.065290459630          0.065848908417          0.064900355004          0.065600978452          0.065619202116          0.064890951036          0.065845353634          0.065303283690          0.065063750420          0.065934721854          0.065007675214          0.065368434438          0.065826954206          0.064839735265          0.065705010616          0.065545411826          0.064871331722          0.065952727849          0.065177277588          0.065111564699          0.066008490357          0.064850366889          0.065497363521
        0.098510003878          0.052780571859          0.068033327166          0.065762286992          0.064598363995          0.066047484255          0.065042649956          0.065848239362          0.064961419713          0.065709516758          0.065594620067          0.064864325446          0.066030348791          0.065244507653          0.065029287765          0.066169598559          0.064870114617          0.065402943712          0.066051397628          0.064638799229          0.065838826123          0.065706120186          0.064650219393          0.066178863202          0.065242755800          0.064916453382          0.066300121195          0.064810318476          0.065364214691          0.066150136875          0.064551188585          0.065858890257          0.065762469352          0.064557330640          0.066245645016          0.065247029550          0.064841623322          0.066396486970          0.064757919232          0.065332018342          0.066250004678          0.064448286193          0.065890080887          0.065832053376          0.064425295442          0.066349047811          0.065251021522          0.064717804826          0.066561152714          0.064669020111
        0.099456949755          0.052950210489          0.067013144168          0.066832103748          0.064187554216          0.065504243402          0.066147107603          0.064932404294          0.065062178309          0.066505651948          0.064453463969          0.065575204899          0.066252467873          0.064245068670          0.066130999901          0.065733117475          0.064344684800          0.066544671111          0.065082423797          0.064775450607          0.066645509498          0.064508821541          0.065427681088          0.066370475467          0.064208166657          0.066102807965          0.065785916710          0.064294148903          0.066581785801          0.065066961593          0.064757783757          0.066698185771          0.064442742407          0.065465527880          0.066395597434          0.064123535438          0.066196787838          0.065751478549          0.064232046109          0.066710179365          0.064959244890          0.064759790172          0.066819332455          0.064273040313          0.065562143524          0.066455554392          0.063931206398          0.066394576328          0.065697623865          0.064081142285
        0.099866395727          0.052123000631          0.068116915190          0.066400506772          0.063644738457          0.066601363931          0.065194520822          0.064996904798          0.065829950957          0.065329587814          0.065126317833          0.065763871966          0.065220045330          0.065309692200          0.065658045085          0.065174460822          0.065450374298          0.065538241730          0.065184939464          0.065546706404          0.065410877663          0.065250903241          0.065584089537          0.065299480171          0.065357773672          0.065552933684          0.065234704412          0.065474234878          0.065461707369          0.065239263373          0.065560071843          0.065340426979          0.065315753061          0.065579542095          0.065234303235          0.065441291997          0.065515921066          0.065189485100          0.065571055860          0.065381806921          0.065235982667          0.065650216357          0.065220360684          0.065373957366          0.065631571043          0.065095295188          0.065568267617          0.065494313931          0.065071551926          0.065753387996
        0.098377761188          0.053031815644          0.067693687219          0.065891119800          0.064765792836          0.065704398698          0.065334927909          0.065829668278          0.064716891340          0.066075030029          0.065385699789          0.064797758591          0.066355468273          0.064909942565          0.065169306685          0.066350503934          0.064517419905          0.065713008616          0.066026919025          0.064385117339          0.066226628729          0.065478948750          0.064585399906          0.066523323964          0.064881057352          0.065073574745          0.066488499403          0.064428903703          0.065706543046          0.066114116782          0.064277574779          0.066287792199          0.065502004158          0.064492486895          0.066628002571          0.064834221446          0.065026838392          0.066604242263          0.064319143318          0.065731888982          0.066200408310          0.064129160304          0.066397443759          0.065516507786          0.064348030974          0.066811652959          0.064743536233          0.064942723028          0.066823436109          0.064111259487
        0.099924371353          0.052669755357          0.067143033579          0.066992574223          0.063840163047          0.065782276863          0.066106112265          0.064670919548          0.065410167072          0.066275775787          0.064368441372          0.065881244728          0.065897861067          0.064365733378          0.066291427249          0.065361005812          0.064634811837          0.066499019704          0.064809714678          0.065142730336          0.066396987418          0.064425055693          0.065751198315          0.065987627079          0.064345896268          0.066270070918          0.065383950254          0.064616166401          0.066524526670          0.064773630500          0.065165462375          0.066416238158          0.064358709548          0.065826270503          0.065961162179          0.064289205398          0.066383056367          0.065291469324          0.064611141622          0.066639185974          0.064619861190          0.065245061170          0.066481953670          0.064176338094          0.066002189824          0.065925538904          0.064136290306          0.066634799733          0.065117298696          0.064561572771
        0.099391899413          0.052237921119          0.068289741976          0.066059850297          0.063934452547          0.066583082022          0.064953612903          0.065362779026          0.065618793459          0.065264426927          0.065451931033          0.065427549575          0.065360914437          0.065490828957          0.065304481324          0.065485083215          0.065425629955          0.065284520541          0.065572990899          0.065318883926          0.065346726859          0.065595260450          0.065221510936          0.065457679216          0.065545836490          0.065170662074          0.065577965609          0.065437854173          0.065187685555          0.065668430628          0.065299133586          0.065275975317          0.065697638575          0.065165916549          0.065420549575          0.065648271873          0.065076000584          0.065590244549          0.065520831843          0.065061739134          0.065743214944          0.065334094510          0.065143037256          0.065835227643          0.065122943711          0.065321047818          0.065828760476          0.064934455000          0.065574344674          0.065700411419
        0.098538679454          0.053163033527          0.067336948721          0.066177391846          0.064736997813          0.065449677055          0.065692419983          0.065614650038          0.064644266052          0.066393006355          0.065045206226          0.064931725511          0.066529084345          0.064551296384          0.065473006573          0.066318914373          0.064257813988          0.066094043744          0.065792915410          0.064314283197          0.066564055615          0.065110762767          0.064736207661          0.066704567372          0.064493524254          0.065409193478          0.066445359048          0.064149407929          0.066128438256          0.065846672759          0.064206769495          0.066663030677          0.065082545601          0.064671330051          0.066828630808          0.064389265512          0.065419822355          0.066547512399          0.063994205837          0.066232049747          0.065877773970          0.064046039543          0.066852843237          0.065002213164          0.064566546775          0.067066858794          0.064179554930          0.065437768736          0.066764681077          0.063672384884
        0.100199387206          0.052383524865          0.067438637947          0.066960840826          0.063589411153          0.066138272230          0.065879337141          0.064589308390          0.065720153627          0.065924330180          0.064492508234          0.066045170428          0.065529153325          0.064659262153          0.066248932400          0.065091768641          0.065005442733          0.066253562875          0.064729484244          0.065469468041          0.066017202496          0.064566367519          0.065921597758          0.065588755878          0.064671410361          0.066215961434          0.065093836520          0.065027100213          0.066245748649          0.064693035012          0.065529212178          0.065984904444          0.064527984229          0.066015478453          0.065504155355          0.064671813113          0.066315128170          0.064955133401          0.065099539141          0.066304986695          0.064526469073          0.065687802174          0.065955003877          0.064385003492          0.066244974351          0.065347976677          0.064620198564          0.066564333242          0.064665242045          0.065208729428
        0.098873256393          0.052481062206          0.068261295809          0.065812853503          0.064294315420          0.066372147679          0.064890934789          0.065689184450          0.065283500549          0.065406698694          0.065634098707          0.065075290552          0.065672704733          0.065467560442          0.065052339642          0.065874246377          0.065199557623          0.065221958455          0.065918528127          0.064958286182          0.065506409977          0.065784614564          0.064841329576          0.065802378561          0.065510939509          0.064898620390          0.066008596777          0.065178733268          0.065124955000          0.066051784772          0.064887716321          0.065463751613          0.065906060387          0.064728419330          0.065822865713          0.065599586450          0.064758221267          0.066099195932          0.065206635355          0.064986326067          0.066206276915          0.064827998971          0.065370438067          0.066097412577          0.064566079174          0.065825644050          0.065777453606          0.064501641715          0.066243815858          0.065299713690
        0.098951201952          0.053131877889          0.067077501914          0.066534824784          0.064518113675          0.065369925060          0.066003379668          0.065269587932          0.064773702854          0.066560902763          0.064682063177          0.065230724318          0.066491768684          0.064286992242          0.065848900040          0.066079347817          0.064182191094          0.066425970779          0.065419365005          0.064460099855          0.066739623267          0.064718124516          0.065066495806          0.066655677991          0.064209177124          0.065825451374          0.066172145957          0.064073806602          0.066497911314          0.065421554146          0.064380539311          0.066857896925          0.064632243656          0.065058744539          0.066766105013          0.064059379437          0.065914013044          0.066218954917          0.063906289702          0.066681406920          0.065357516131          0.064259400281          0.067102166763          0.064432558341          0.065055670642          0.067002256757          0.063735586579          0.066092084735          0.066349318758          0.063516388395
        0.100184812641          0.052180769500          0.067809186783          0.066740091282          0.063516981738          0.066457796398          0.065533266239          0.064717684650          0.065888958370          0.065560217717          0.064790372613          0.066007263028          0.065264679443          0.065034417006          0.066007965298          0.065016306194          0.065336749213          0.065878298612          0.064875602820          0.065644436294          0.065622856628          0.064896696613          0.065872138543          0.065303184959          0.065087033292          0.065941948929          0.065017919238          0.065395342330          0.065819178036          0.064867202780          0.065722848507          0.065532505341          0.064915569186          0.065952160391          0.065172298635          0.065164975817          0.065985813183          0.064866341081          0.065546654052          0.065782978225          0.064740078351          0.065934759099          0.065382087299          0.064874067703          0.066178947827          0.064900175564          0.065272193627          0.066148018019          0.064506725846          0.065850501249
        0.098481460025          0.052778131425          0.068035727899          0.065742796177          0.064611082957          0.066032136749          0.065032208469          0.065869882657          0.064929732972          0.065717156393          0.065609574530          0.064821929687          0.066060296832          0.065240509451          0.064988730212          0.066218232953          0.064838183202          0.065380510222          0.066106428828          0.064577489476          0.065849876256          0.065748391787          0.064568652770          0.066231778556          0.065250740977          0.064835013451          0.066390747324          0.064766627169          0.065311572655          0.066258957843          0.064449872204          0.065864828438          0.065856091516          0.064410318328          0.066330738928          0.065284311560          0.064682135906          0.066561357736          0.064700006818          0.065212625979          0.066467517355          0.064271232778          0.065873869519          0.066044975663          0.064133594399          0.066494412913          0.065375747702          0.064356586682          0.066903419780          0.064603928159
        0.099487805939          0.052945843646          0.067001619697          0.066850347157          0.064175665715          0.065496981916          0.066166627258          0.064903926804          0.065070377874          0.066520097919          0.064415255648          0.065603981222          0.066248808262          0.064208625517          0.066177713349          0.065702508536          0.064325118828          0.066598155057          0.065023565869          0.064787239567          0.066687235161          0.064430816094          0.065479302754          0.066378870524          0.064130756770          0.066191316546          0.065743372343          0.064244632469          0.066689194437          0.064967715066          0.064764584466          0.066791812921          0.064299151142          0.065549093953          0.066433832530          0.063968555055          0.066359344348          0.065694721451          0.064116626292          0.066926869367          0.064783840593          0.064744833166          0.067033880578          0.063984949994          0.065705432516          0.066582952858          0.063576490853          0.066734065038          0.065633944707          0.063751834945
        0.099876975998          0.052126685786          0.068137018103          0.066395259123          0.063649941745          0.066634795555          0.065175141368          0.065019636750          0.065855597301          0.065300413081          0.065169676573          0.065770746127          0.065193956818          0.065370202475          0.065637268442          0.065167165514          0.065516328413          0.065488604843          0.065210728318          0.065599722554          0.065341927429          0.065317102999          0.065603074839          0.065231950734          0.065459929680          0.065520451097          0.065196961954          0.065593550566          0.065371751838          0.065259874560          0.065664272360          0.065205392693          0.065413803732          0.065627979263          0.065088189943          0.065616866853          0.065469232713          0.065084925511          0.065798109295          0.065215369801          0.065234556284          0.065873396445          0.064939130434          0.065531574456          0.065767998668          0.064746208525          0.065918939524          0.065440669896          0.064749811918          0.066295471031
        0.098350367020          0.053036099138          0.067680844127          0.065878592619          0.064782186151          0.065670720616          0.065338830786          0.065842385183          0.064673202211          0.066101463121          0.065379721774          0.064755364157          0.066400804097          0.064876399114          0.065144320422          0.066402709523          0.064454756290          0.065720853482          0.066066856812          0.064302225158          0.066276081979          0.065484972085          0.064502278017          0.066610759682          0.064835706615          0.065018527305          0.066594718186          0.064326239315          0.065709324110          0.066205657406          0.064129415416          0.066369452788          0.065537465410          0.064331638752          0.066789891560          0.064774671779          0.064905310790          0.066819653633          0.064140872967          0.065712584702          0.066411879422          0.063836864921          0.066539406431          0.065639815989          0.063986467588          0.067151503818          0.064676868024          0.064604714971          0.067358640184          0.063742740657
        0.099975855973          0.052661266663          0.067138959065          0.067020115192          0.063817215682          0.065796257767          0.066124303804          0.064636737807          0.065443632235          0.066276148210          0.064336496224          0.065932410972          0.065871126066          0.064351000824          0.066349113343          0.065305911793          0.064651557126          0.066544827885          0.064735559346          0.065199094181          0.066409395920          0.064351862504          0.065844032633          0.065948927437          0.064301074708          0.066381491324          0.065288304317          0.064627881648          0.066622122761          0.064633583074          0.065253655115          0.066458496661          0.064207645291          0.065992834222          0.065908231000          0.064178354686          0.066603322603          0.065119356489          0.064601098315          0.066857430553          0.064334626698          0.065392738224          0.066613433451          0.063824782465          0.066344794835          0.065865730721          0.063811270824          0.067173970148          0.064752308244          0.064411489972
        0.099368785090          0.052241252077          0.068314647496          0.066033999349          0.063950680729          0.066606004509          0.064920279918          0.065401929887          0.065622305484          0.065233289129          0.065508536283          0.065403367622          0.065348399168          0.065553230668          0.065251137858          0.065505914472          0.065475259038          0.065211307642          0.065634832222          0.065334546705          0.065274306925          0.065693658006          0.065185709094          0.065414717499          0.065661701758          0.065077189368          0.065593615747          0.065538630660          0.065048572890          0.065762258016          0.065344154467          0.065124987478          0.065869702167          0.065115959596          0.065310600054          0.065872012302          0.064906342869          0.065583737549          0.065740410823          0.064776763370          0.065896864324          0.065466743289          0.064788994685          0.066183015825          0.065066027903          0.064993181239          0.066367887196          0.064572608951          0.065425454656          0.066365691054
        0.098531978731          0.053171923961          0.067308167746          0.066183602682          0.064748429487          0.065406312950          0.065717745449          0.065608985844          0.064602903779          0.066437814249          0.065012194677          0.064907286307          0.066580999259          0.064489439635          0.065480797959          0.066358889031          0.064175963711          0.066143000094          0.065799210825          0.064232213521          0.066650971546          0.065065848173          0.064681824975          0.066810630014          0.064391551753          0.065411960618          0.066537162862          0.064002315966          0.066209551860          0.065882566216          0.064047204727          0.066824431817          0.065023410786          0.064550762260          0.067044206978          0.064211607457          0.065400613095          0.066759838088          0.063703198079          0.066373345373          0.066002025603          0.063686558095          0.067192294492          0.064936002673          0.064230656213          0.067603316904          0.063811439186          0.065276590133          0.067429747857          0.062912320357
        0.100253128738          0.052367007800          0.067451470610          0.066983329311          0.063558662495          0.066175854050          0.065881933759          0.064559395990          0.065773961868          0.065899688832          0.064480268057          0.066105361241          0.065475901171          0.064678824085          0.066297109500          0.065019299246          0.065064682179          0.066268265001          0.064658121755          0.065564927070          0.065980623472          0.064523833432          0.066035316066          0.065494871614          0.064685875854          0.066315727899          0.064955203855          0.065118103111          0.066290237731          0.064543424543          0.065698139008          0.065934107431          0.064419148671          0.066237539574          0.065333621025          0.064664451609          0.066535027427          0.064670668533          0.065249907790          0.066438488655          0.064175348078          0.066032049377          0.065897374222          0.064061143605          0.066784236562          0.064984028233          0.064472618216          0.067235741286          0.063904450675          0.065412828209
        0.098821809682          0.052491715389          0.068279361422          0.065773586320          0.064326832252          0.066372605338          0.064855798385          0.065742175926          0.065256300345          0.065389541897          0.065693047645          0.065018835452          0.065688891373          0.065513959899          0.064975688420          0.065931847892          0.065212110670          0.065145539602          0.066013272911          0.064919502888          0.065458931355          0.065897241056          0.064744947149          0.065813434711          0.065608576504          0.064756370342          0.066098344313          0.065220609721          0.064970191337          0.066220546090          0.064834813285          0.065349303487          0.066126954752          0.064556187013          0.065811709945          0.065816179182          0.064470724666          0.066249026822          0.065335981237          0.064629009568          0.066551639192          0.064768116737          0.065037982974          0.066634902426          0.064202637382          0.065671563057          0.066440255156          0.063739633426          0.066448058746          0.065959566858
        0.098977432848          0.053138831841          0.067038757653          0.066565010629          0.064514012079          0.065330488646          0.066048731118          0.065238247071          0.064751578868          0.066614099558          0.064622121711          0.065240400576          0.066533207924          0.064207318313          0.065899244988          0.066087239341          0.064102531205          0.066514023002          0.065376063013          0.064408074839          0.066846961753          0.064617842364          0.065071154224          0.066749082690          0.064064098671          0.065907825272          0.066209777948          0.063916698565          0.066660283515          0.065363986240          0.064262540355          0.067074788459          0.064456015346          0.065041534650          0.066980411748          0.063770198277          0.066056329199          0.066345430827          0.063549582221          0.067021415273          0.065292918278          0.063926990760          0.067640108383          0.064065173701          0.064897315092          0.067670931407          0.062976724849          0.066288372204          0.067015026766          0.062457546253
        0.100220756964          0.052157604977          0.067843369833          0.066743328187          0.063488005851          0.066513974497          0.065509345917          0.064705728971          0.065949920903          0.065507167232          0.064810624511          0.066056146343          0.065192113641          0.065094621710          0.066023326882          0.064944743307          0.065433138369          0.065842290852          0.064833151298          0.065758822437          0.065529229380          0.064911782748          0.065972389210          0.065164316625          0.065179018568          0.065986983557          0.064867776297          0.065565087534          0.065769002990          0.064758115755          0.065945171883          0.065362242097          0.064908714043          0.066171949820          0.064887212617          0.065316370056          0.066119453893          0.064513737477          0.065891404681          0.065726005011          0.064414816821          0.066472915204          0.065018414589          0.064726407456          0.066847716638          0.064137300726          0.065477439899          0.066819380433          0.063440362615          0.065910112720
        0.098415973843          0.052801260193          0.068034630745          0.065703774778          0.064658515656          0.066002251330          0.065011838457          0.065926388861          0.064871278805          0.065729871239          0.065653582206          0.064743154194          0.066114581617          0.065250799932          0.064909821752          0.066310139818          0.064797284761          0.065329996689          0.066216690473          0.064479217159          0.065857549610          0.065843845102          0.064424606032          0.066318348460          0.065290394895          0.064678122825          0.066557026789          0.064711610307          0.065194286969          0.066478028318          0.064276003348          0.065850308393          0.066070951904          0.064121712837          0.066477567926          0.065411539196          0.064323597715          0.066905080413          0.064637977113          0.064877891643          0.067004853458          0.063906895072          0.065716327586          0.066707817259          0.063373049683          0.066695686849          0.066034113383          0.063287687544          0.066958145960          0.067307639113
        0.099549775970          0.052942078961          0.066965076908          0.066901229214          0.064147486427          0.065477681905          0.066221148567          0.064846005753          0.065082695408          0.066563543529          0.064337907470          0.065656579235          0.066258771634          0.064131577036          0.066267633237          0.065661201388          0.064275905454          0.066707285031          0.064925157322          0.064794531410          0.066782645560          0.064287726925          0.065563748545          0.066418662436          0.063976082726          0.066355228348          0.065687751391          0.064129493232          0.066907614735          0.064793004463          0.064750076081          0.067008178794          0.064011422670          0.065693197641          0.066562792290          0.063614014063          0.066700113359          0.065632130133          0.063787452878          0.067465556410          0.064417041370          0.064589844418          0.067704882321          0.063225667639          0.065903299478          0.067253142340          0.062518655227          0.066784760120          0.068379610363          0.056725765688
        0.099877144685          0.052103878421          0.068189478787          0.066369191279          0.063636597284          0.066696556433          0.065121633890          0.065038982531          0.065903888381          0.065226598158          0.065229281129          0.065785519436          0.065120868156          0.065466175481          0.065600687788          0.065123226044          0.065630174817          0.065394250050          0.065224777037          0.065699231162          0.065201874962          0.065408602883          0.065647392886          0.065080106305          0.065629355023          0.065469784504          0.065086097371          0.065815166466          0.065200980551          0.065251859355          0.065882838981          0.064919128890          0.065564908334          0.065760426590          0.064733308896          0.065961493574          0.065411780357          0.064756807184          0.066334961500          0.064851724953          0.065084930359          0.066538906572          0.064175020273          0.065736738388          0.066435041340          0.063675491663          0.065978664075          0.068187256142          0.057619686337          0.077181732549
        0.098292211538          0.053071551875          0.067651507874          0.065857024098          0.064834973285          0.065610377566          0.065349365157          0.065885244707          0.064593687554          0.066153749758          0.065388858796          0.064675552928          0.066490990071          0.064834442213          0.065092484764          0.066511706535          0.064355659510          0.065726712429          0.066161311175          0.064157655608          0.066360716658          0.065523580041          0.064344883577          0.066775572389          0.064779587445          0.064900234356          0.066813056751          0.064151622940          0.065693067535          0.066420140259          0.063840814732          0.066514370952          0.065663990332          0.063973605085          0.067132682652          0.064711505415          0.064570580700          0.067357854417          0.063776053911          0.065553664398          0.067076798687          0.063078297306          0.066738669980          0.066299659945          0.062921995117          0.067203639138          0.067381441552          0.057484002925          0.078412408359          0.052884513624
        0.100064968839          0.052639167453          0.067120552800          0.067079284101          0.063762861894          0.065811684902          0.066169197681          0.064561051314          0.065498461563          0.066287985778          0.064261477920          0.066024215617          0.065831600359          0.064304124511          0.066459876346          0.065209033597          0.064661289018          0.066641943900          0.064593857908          0.065285629083          0.066451073865          0.064198833854          0.066009417348          0.065895060542          0.064188126913          0.066601043063          0.065114786107          0.064615817888          0.066839900278          0.064346522747          0.065399611805          0.066589412268          0.063853980175          0.066334185431          0.065847466603          0.063851097688          0.067141674134          0.064752902840          0.064448856813          0.067528713019          0.063573527061          0.065592348339          0.067285905913          0.062764839167          0.066397916684          0.068624452459          0.056780687530          0.078196130735          0.053717270604 
        0.099322081886          0.052229885919          0.068373651871          0.065976845842          0.063966880673          0.066653846605          0.064845285274          0.065460096600          0.065635781500          0.065158138040          0.065603243298          0.065365567587          0.065302219998          0.065665879562          0.065155600216          0.065517965407          0.065573410653          0.065069806764          0.065724921852          0.065377465537          0.065120460163          0.065862131624          0.065133921441          0.065301462316          0.065882270113          0.064905610531          0.065583513065          0.065755633463          0.064761271195          0.065912244399          0.065474806253          0.064768088930          0.066214027427          0.065057369559          0.064979420879          0.066408179602          0.064542778070          0.065431249335          0.066403452034          0.064012946563          0.066101128364          0.066129481414          0.063716333193          0.066241575887          0.067795118107          0.057834723836          0.077265497267          0.053586839826  
        0.098505724188          0.053212640863          0.067249065929          0.066195482322          0.064789723521          0.065325898131          0.065768834487          0.065618044828          0.064523482978          0.066527391385          0.064970161995          0.064855612562          0.066689720002          0.064390392883          0.065486343374          0.066453388431          0.064031782881          0.066226938081          0.065837859878          0.064075502209          0.066815227625          0.065009558904          0.064564035938          0.067029055338          0.064216836437          0.065395495229          0.066752299416          0.063714288068          0.066353625290          0.066009614950          0.063690636949          0.067166716416          0.064960053076          0.064217671010          0.067583510875          0.063846401240          0.065242170476          0.067427765553          0.062945965098          0.066571557359          0.066665404652          0.062626476276          0.067243157561          0.067650907429          0.057150749613          0.078695236120          0.052936562957   
        0.100348963025          0.052324017923          0.067466386655          0.067030985954          0.063485954556          0.066233601988          0.065894949665          0.064485323291          0.065867157849          0.065861360359          0.064434742176          0.066217234233          0.065379963449          0.064690195604          0.066395246133          0.064878199001          0.065152794930          0.066311133161          0.064505664911          0.065731370336          0.065927974033          0.064411915847          0.066255363201          0.065322085035          0.064675392104          0.066533962094          0.064668063790          0.065265531776          0.066422141584          0.064189297876          0.066039835236          0.065874638032          0.064092084855          0.066774713691          0.064967421009          0.064513642581          0.067204630322          0.063907200474          0.065451017026          0.067110568093          0.063111120383          0.066087287371          0.068660033945          0.057004468346          0.077744962630          0.053915983796    
        0.098729144150          0.052503425328          0.068325826756          0.065694798570          0.064380882961          0.066384761812          0.064779176305          0.065835493674          0.065217139258          0.065341138221          0.065804331780          0.064922078970          0.065698711650          0.065610708596          0.064832966384          0.066020166938          0.065253524548          0.064990071978          0.066180608793          0.064866423964          0.065343500326          0.066116916662          0.064572592746          0.065801074415          0.065824330190          0.064468560738          0.066246863745          0.065349567386          0.064612233806          0.066564641356          0.064774887825          0.065015895495          0.066663435945          0.064192798432          0.065656456008          0.066478467317          0.063708672904          0.066451975160          0.065995902441          0.063557435075          0.066608337892          0.067482246947          0.057872800524          0.077574703394          0.053277291043     
        0.099004555986          0.053171392436          0.066959178114          0.066619277932          0.064523576900          0.065251180761          0.066137868380          0.065196780950          0.064701040019          0.066723247104          0.064523713053          0.065246757423          0.066628427433          0.064063982223          0.065983488566          0.066126687880          0.063947067868          0.066678375761          0.065320291182          0.064291684319          0.067065870844          0.064443389078          0.065055592876          0.066965351656          0.063776664007          0.066051908809          0.066338104700          0.063561675513          0.067002197553          0.065301146266          0.063931742880          0.067614688882          0.064090322588          0.064884788085          0.067650987036          0.063012889856          0.066254299135          0.067012973076          0.062492095563          0.067072223093          0.068023729071          0.056881108434          0.078737413755          0.053145141786      
        0.100293665248          0.052099349246          0.067900196597          0.066756841754          0.063415608372          0.066609558192          0.065471780621          0.064660406358          0.066062239736          0.065411533916          0.064822589516          0.066154560033          0.065050938000          0.065183539169          0.066066563201          0.064791914899          0.065600121947          0.065790195437          0.064721072390          0.065978802262          0.065356763460          0.064901788722          0.066190214258          0.064876673205          0.065327329102          0.066118843359          0.064512297863          0.065907026007          0.065710159819          0.064429753946          0.066480937626          0.064996418192          0.064757850811          0.066838698803          0.064121878952          0.065518521078          0.066788885877          0.063444710038          0.065948012735          0.068482859923          0.057319760115          0.077384507465          0.053950240990       
        0.098293951021          0.052843407635          0.068046430670          0.065624347115          0.064747602748          0.065961267756          0.064961976383          0.066036710217          0.064773584370          0.065737829347          0.065749260714          0.064599660543          0.066201248128          0.065291045387          0.064753468154          0.066476450522          0.064743103863          0.065213158674          0.066435876172          0.064306279986          0.065843368670          0.066059040272          0.064136864435          0.066465438307          0.065418268174          0.064320269884          0.066900988973          0.064650518787          0.064860055421          0.067015695844          0.063912742445          0.065693141816          0.066734408317          0.063362213604          0.066679113370          0.066070958862          0.063255640637          0.066959801747          0.067344302514          0.057728812241          0.078003260712          0.053027276416        
        0.099640830396          0.052949858485          0.066885743760          0.066994357663          0.064108202833          0.065428194694          0.066330344332          0.064748341110          0.065090435809          0.066659742492          0.064195503610          0.065741776517          0.066299345067          0.063977350753          0.066432464616          0.065606319164          0.064161118692          0.066926693848          0.064751096700          0.064780419673          0.066999964715          0.064000545477          0.065708404141          0.066548445605          0.063621981440          0.066696748811          0.065625822982          0.063800667174          0.067447176031          0.064426728518          0.064595426503          0.067680012744          0.063252493434          0.065891519588          0.067233656420          0.062556338697          0.066751758523          0.068379066987          0.056758049546          0.078534724284          0.053438307081         
        0.099894661115          0.052045129431          0.068284627908          0.066330047320          0.063591240627          0.066810495934          0.065026379972          0.065050628586          0.066001975796          0.065084902735          0.065318188904          0.065828431335          0.064967108352          0.065633221739          0.065548528342          0.065010120053          0.065849772752          0.065221817836          0.065214291982          0.065916143181          0.064913707874          0.065557179999          0.065778424348          0.064723072778          0.065971602016          0.065410940318          0.064755623333          0.066349976836          0.064835782821          0.065099740928          0.066546702360          0.064153268930          0.065767575374          0.066426053831          0.063660727205          0.066018564991          0.068155495303          0.057623833258          0.077224951133          0.053815494147          
        0.098173266683          0.053142472735          0.067610363433          0.065806087109          0.064941763933          0.065510698958          0.065356016901          0.065980509417          0.064449928174          0.066239232065          0.065428498058          0.064519048058          0.066656537924          0.064779574178          0.064975199137          0.066730800443          0.064182363379          0.065711502278          0.066376679286          0.063870342109          0.066506673882          0.065651195536          0.063988041663          0.067119375666          0.064717730147          0.064566607965          0.067352266148          0.063788237664          0.065535214024          0.067086179759          0.063083653768          0.066714663552          0.066325224688          0.062910428831          0.067185777614          0.067419315372          0.057454416933          0.078412195241          0.052913720427           
        0.100212282057          0.052607759862          0.067070438393          0.067192202355          0.063668433055          0.065821287010          0.066265725309          0.064419200326          0.065584826748          0.066329611644          0.064108130440          0.066189706969          0.065777669653          0.064190592639          0.066679594806          0.065035367615          0.064648614803          0.066859847017          0.064306502301          0.065431121515          0.066581989811          0.063844707505          0.066350534769          0.065834123908          0.063860261541          0.067139349171          0.064747998968          0.064462908240          0.067511156334          0.063584929245          0.065598652879          0.067261696321          0.062793384007          0.066387126901          0.068605628573          0.056815859791          0.078158959134          0.053720609872            
        0.099258667317          0.052192382017          0.068488048749          0.065878564460          0.063976687608          0.066752613496          0.064703689011          0.065548503437          0.065677952892          0.065003299137          0.065769948338          0.065312885301          0.065187724739          0.065885032120          0.064983018230          0.065506347676          0.065789355930          0.064781387470          0.065873243268          0.065507314489          0.064762309088          0.066204828410          0.065074612997          0.064968899033          0.066417048356          0.064541247193          0.065429519321          0.066417657080          0.063996534420          0.066114927848          0.066136845109          0.063694455529          0.066270736325          0.067785159288          0.057821104042          0.077310232512          0.053559893134             
        0.098433098693          0.053298650921          0.067148569759          0.066203067506          0.064882854302          0.065180327827          0.065853167305          0.065657705252          0.064367375524          0.066692519316          0.064915113480          0.064738684310          0.066908956998          0.064216943709          0.065470969047          0.066669423371          0.063744941038          0.066372200077          0.065965963341          0.063720031121          0.067158702857          0.064947422544          0.064231997783          0.067569499979          0.063852948673          0.065238137832          0.067421353328          0.062958326702          0.066552969267          0.066674228321          0.062631685821          0.067218820764          0.067677765174          0.057140148149          0.078673437666          0.052968288773              
        0.100522550256          0.052247720340          0.067475544142          0.067130025684          0.063347610615          0.066322459737          0.065937095578          0.064332161165          0.066033282461          0.065808181240          0.064321843391          0.066437081504          0.065206644444          0.064678528276          0.066613165713          0.064590397988          0.065299129989          0.066442562239          0.064150669642          0.066072210202          0.065867856002          0.064083768243          0.066791921361          0.064955087675          0.064523357593          0.067203043143          0.063903682982          0.065465447372          0.067093585751          0.063124060229          0.066094099775          0.068635789175          0.057031171505          0.077733322204          0.053903314792               
        0.098577335896          0.052510380790          0.068425669138          0.065549627668          0.064465856338          0.066426536755          0.064624227962          0.066001839386          0.065163724223          0.065225358468          0.066023081233          0.064749201241          0.065685754759          0.065825977422          0.064544626769          0.066167864796          0.065382287231          0.064631603556          0.066523822013          0.064806412805          0.065009574066          0.066652660497          0.064209070255          0.065645249388          0.066486204034          0.063706279344          0.066449148164          0.066009431830          0.063540403600          0.066620412608          0.067489161708          0.057852516683          0.077606610942          0.053267647466                
        0.099021852271          0.053247050834          0.066811682647          0.066706370045          0.064563015643          0.065093798254          0.066301952566          0.065141916745          0.064584943879          0.066942716664          0.064350332783          0.065231914660          0.066845256140          0.063777425584          0.066128542977          0.066255723263          0.063592742008          0.067021312553          0.065258323586          0.063961514660          0.067606720115          0.064078661832          0.064899536500          0.067636767197          0.063020262972          0.066250694891          0.067006453295          0.062504921186          0.067054030207          0.068033709341          0.056886079947          0.078709066968          0.053169078211                 
        0.100442833603          0.051986843826          0.067989724835          0.066799630682          0.063265346166          0.066778542332          0.065419337227          0.064547371841          0.066282079620          0.065238456364          0.064811296750          0.066372107055          0.064762685857          0.065330509308          0.066197855599          0.064435635595          0.065940951877          0.065730562282          0.064391634081          0.066513750107          0.064990013164          0.064749607118          0.066856319954          0.064110361650          0.065528086523          0.066787593464          0.063442280160          0.065962298156          0.068465466525          0.057332004638          0.077392703280          0.053931690371                  
        0.098073801788          0.052911606574          0.068089010579          0.065466284970          0.064909438529          0.065906302003          0.064845847452          0.066255432655          0.064600346735          0.065723724953          0.065964234015          0.064311552773          0.066348141403          0.065419136468          0.064395448701          0.066820055212          0.064682381090          0.064878943497          0.066973240957          0.063943334183          0.065686299375          0.066722462780          0.063377556111          0.066667031662          0.066078022887          0.063252461629          0.066955578546          0.067357882276          0.057712919248          0.078015431125          0.053031753196                   
        0.099777668284          0.052982322436          0.066725573680          0.067162442509          0.064055293225          0.065311766570          0.066548866645          0.064574994808          0.065076495357          0.066877211249          0.063909051285          0.065887095585          0.066429369899          0.063623576680          0.066774784926          0.065544840084          0.063832411663          0.067466954854          0.064385410581          0.064625916017          0.067672297545          0.063242173093          0.065907050786          0.067219642948          0.062564662610          0.066748934014          0.068373315281          0.056770155433          0.078514184922          0.053449049108                    
        0.099956701053          0.051922289841          0.068456022472          0.066276091654          0.063479597581          0.067033161300          0.064854328435          0.065039113628          0.066218996606          0.064796349035          0.065465408375          0.065959147961          0.064609661719          0.065974321396          0.065488985988          0.064678945645          0.066383808062          0.064855749169          0.065061125739          0.066579511451          0.064146984987          0.065758585248          0.066443613406          0.063649723999          0.066027367719          0.068153784486          0.057621812597          0.077241117064          0.053801132267                     
        0.097936524411          0.053273764489          0.067554729877          0.065688264366          0.065155722890          0.065334797112          0.065341175055          0.066195773737          0.064162042920          0.066385371198          0.065556413813          0.064161848037          0.067000218889          0.064718324859          0.064641666813          0.067269825260          0.063819526354          0.065554051569          0.067042745072          0.063113526160          0.066707440329          0.066312828645          0.062925100097          0.067172863708          0.067426698340          0.057451235542          0.078405897029          0.052924558466                      
        0.100469204574          0.052565068756          0.066951369508          0.067415069059          0.063499143180          0.065808382085          0.066482460696          0.064132401624          0.065730723861          0.066460383778          0.063754348252          0.066531618369          0.065716820563          0.063862534094          0.067218568098          0.064668921693          0.064495379869          0.067531439065          0.063545304303          0.065630013759          0.067254287926          0.062784302738          0.066403478698          0.068591957264          0.056823948871          0.078156565786          0.053718399787                       
        0.099174336045          0.052100529854          0.068714777082          0.065702980637          0.063964236272          0.066971844868          0.064416474442          0.065695749656          0.065807939836          0.064645123799          0.066111375860          0.065253070630          0.064855011574          0.066419065264          0.064617823075          0.065351781518          0.066451104686          0.064015851860          0.066074977053          0.066169280334          0.063688112315          0.066260533043          0.067802591134          0.057811047642          0.077319414611          0.053557288677                        
        0.098259216134          0.053473134659          0.066969477199          0.066188722668          0.065094207776          0.064888922459          0.065997962394          0.065785994993          0.064010974649          0.067035970700          0.064853657086          0.064406315727          0.067449069262          0.063853749465          0.065313952307          0.067338249296          0.062989347742          0.066572187518          0.066630720521          0.062661191225          0.067211418298          0.067665593674          0.057153379032          0.078657700275          0.052975251929                         
        0.100859180897          0.052109769970          0.067461726152          0.067350343049          0.063066457623          0.066471118621          0.066067638046          0.063977611679          0.066375128975          0.065747903567          0.063993664355          0.066974731418          0.064839907029          0.064525934307          0.067282817823          0.063826517533          0.065498548480          0.067114017121          0.063085769696          0.066126046668          0.068628504044          0.057023394305          0.077753151933          0.053893920911                          
        0.098310951946          0.052499314222          0.068649575215          0.065257438897          0.064609245630          0.066557350580          0.064267563631          0.066343862139          0.065103414636          0.064891702105          0.066557702924          0.064384665379          0.065529863556          0.066487572331          0.063781296488          0.066369538700          0.066042355993          0.063559147026          0.066579007897          0.067521878693          0.057846545316          0.077593304132          0.053280141786                           
        0.099004645986          0.053420050501          0.066514184208          0.066854311014          0.064689578748          0.064733603257          0.066643261664          0.065080499979          0.064253714844          0.067483125162          0.063986611825          0.065075820818          0.067516009770          0.063021570344          0.066327997862          0.066923723281          0.062535990039          0.067073717750          0.067989928980          0.056912983102          0.078700435085          0.053161276372                            
        0.100772979855          0.051756939623          0.068140932131          0.066931788865          0.062916987745          0.067125042616          0.065359791500          0.064218218724          0.066818862976          0.064871898428          0.064658678486          0.067039605190          0.063997170412          0.065530546524          0.066867067023          0.063366411341          0.065995555328          0.068486266665          0.057297553806          0.077430339423          0.053926307791                             
        0.097634209840          0.053028089247          0.068223106016          0.065104226620          0.065244489313          0.065844515785          0.064513476688          0.066791407091          0.064236033279          0.065566935396          0.066626722494          0.063550374555          0.066549390552          0.066079017174          0.063326414202          0.066874454324          0.067391324270          0.057729697330          0.077965685385          0.053056768806                              
        0.100003880647          0.053086416352          0.066357122046          0.067509585835          0.063995795246          0.064977462417          0.067086281893          0.064210444405          0.064921415842          0.067548664895          0.063152027803          0.066086442809          0.067099659821          0.062566543640          0.066827352222          0.068289480061          0.056798623278          0.078537699171          0.053416520759                               
        0.100152615308          0.051636772798          0.068809868492          0.066214999339          0.063155543177          0.067576331582          0.064490062211          0.064885830999          0.066884921431          0.064030515150          0.065665884994          0.066625821716          0.063537705370          0.066029370045          0.068234618556          0.057553056101          0.077279790995          0.053817033276                                
        0.097394456596          0.053547555967          0.067492083786          0.065351529638          0.065681965902          0.064965664659          0.065184690518          0.066860283868          0.063402195873          0.066586008622          0.066217361582          0.063096274334          0.067053793593          0.067427810272          0.057518214940          0.078309978939          0.052950854705                                 
        0.100992748832          0.052516973754          0.066608777687          0.067960561898          0.063141691914          0.065652494355          0.067150349621          0.063373191112          0.065930377252          0.067131545844          0.062695509006          0.066584721797          0.068469949582          0.056825968337          0.078248995106          0.053654081115                                  
        0.099079699053          0.051834357663          0.069270495012          0.065332854315          0.063812564519          0.067645119109          0.063655042750          0.065896573659          0.066472702743          0.063572496779          0.066166445229          0.067988187218          0.057709302761          0.077321106512          0.053619952002                                   
        0.097757256773          0.053904191886          0.066592141463          0.066030869409          0.065747505923          0.064120059987          0.066196954723          0.066449234547          0.062947672852          0.067088909830          0.067568466834          0.057308775877          0.078517792864          0.052976801305                                    
        0.101677722868          0.051817354844          0.067301337430          0.068027388418          0.062320704870          0.066674050005          0.066735291004          0.062915407418          0.066428931538          0.068503465418          0.056943030622          0.077965870655          0.053799030091                                     
        0.097753726257          0.052374060553          0.069339242421          0.064485030886          0.064805479462          0.067229071405          0.063201027846          0.066398673701          0.067831238180          0.057741434519          0.077482311034          0.053425118259                                      
        0.098772083086          0.053955958882          0.065727067291          0.067057052085          0.065342253575          0.063658128797          0.066695483212          0.067805063213          0.057173250754          0.078556912493          0.053086034152                                       
        0.101786053255          0.051145727927          0.068347873616          0.067607899250          0.061872919569          0.067180519751          0.068099944087          0.057142966429          0.077785174731          0.053828404594                                        
        0.096475982494          0.053188008875          0.068911851719          0.064023066614          0.065296965054          0.068601884390          0.057404417552          0.077753898258          0.053299357785                                         
        0.100311700429          0.053622407459          0.065255403095          0.067563903599          0.066676553685          0.057817749104          0.078094656981          0.053272219252                                          
        0.101162228621          0.050780435619          0.068865400103          0.068989647779          0.056197060703          0.078667905561          0.053513807160                                           
        0.095775539855          0.053589292894          0.070319676066          0.058150189447          0.076461000527          0.053901015435                                            
        0.101079038512          0.054718333403          0.059269288542          0.079113828015          0.052389423236                                             
        0.103225330274          0.046123007254          0.080638778944          0.054209911700                                              
        0.086986527991          0.062749079683          0.055253412743                                               
        0.118369158352          0.042997047917                                                
        0.081095878944                                                 
