        0.222976997972          0.207302080195          0.210338133941          0.214564415852          0.211966992737          0.214495146397          0.211224450856          0.212865794377          0.209093507238          0.210481392076          0.206371374582          0.207914991189          0.203686315152          0.205651307398          0.201526994943          0.204048396590          0.200209025400          0.203296442771          0.199846767834          0.203401397063          0.200354954478          0.204201420735          0.201485010409          0.205413817084          0.202889854448          0.206702661789          0.204203741805          0.207752805742          0.205120627861          0.208334958665          0.205455050678          0.208348669825          0.205173535614          0.207835044213          0.204391236827          0.206957817498          0.203335710838          0.205958158114          0.202287717711          0.205094203107          0.201512376852          0.204579246666          0.201196746532          0.204532636486          0.201407624066          0.204953826814          0.202078731906          0.205725441562          0.203029604272          0.206644110797
        0.253505510509          0.239481029836          0.236466347913          0.244064052421          0.239422691214          0.241791250984          0.239824891708          0.238689331442          0.238536223693          0.235452467952          0.236358704639          0.232594754694          0.233934401881          0.230510455172          0.231790515595          0.229419277739          0.230306760291          0.229340698577          0.229678064401          0.230106276756          0.229902336737          0.231407122310          0.230802297864          0.232866100236          0.232078566910          0.234119307355          0.233383061032          0.234889826964          0.234397344317          0.235038920053          0.234899607830          0.234584848508          0.234806717532          0.233686877686          0.234183452602          0.232599250832          0.233218386396          0.231606443320          0.232173081402          0.230954841029          0.231316696086          0.230796012000          0.230861422511          0.231153938856          0.230913185840          0.231923123984          0.231448515962          0.232897388254          0.232322797055          0.233821567113
        0.256240228763          0.234028802787          0.235756222600          0.240076511692          0.236561445293          0.238965484321          0.235607234819          0.236654641439          0.233622741914          0.233883167034          0.231319593812          0.231203682372          0.229219957035          0.229066598186          0.227690494485          0.227766925618          0.226928450350          0.227409112402          0.226954196714          0.227905698420          0.227628991644          0.229011501459          0.228699113951          0.230386177779          0.229858502614          0.231671843335          0.230817250753          0.232569345312          0.231361959388          0.232897536807          0.231395851243          0.232623831864          0.230951359201          0.231860662257          0.230173397239          0.230830433751          0.229278584186          0.229807315510          0.228500399827          0.229050156834          0.228032780790          0.228741621361          0.227985011572          0.228946969036          0.228358105114          0.229601457050          0.229047222864          0.230529064615          0.229868864358          0.231486534744
        0.254051914214          0.236706239900          0.235219820614          0.240618880071          0.237124994118          0.238146999308          0.236924655907          0.235131941746          0.235379896102          0.232220455151          0.233239119025          0.229847599355          0.231080456341          0.228306653697          0.229344903061          0.227713459583          0.228312581424          0.228000363110          0.228081904703          0.228944407257          0.228574607217          0.230223683648          0.229570848165          0.231489623647          0.230768524318          0.232440118494          0.231854618479          0.232878363749          0.232573725635          0.232745842572          0.232779734716          0.232123910238          0.232460447509          0.231204602405          0.231731333568          0.230238995936          0.230800727120          0.229474758644          0.229915771492          0.229097656594          0.229301629639          0.229189624706          0.229107922489          0.229712718591          0.229374661234          0.230521663681          0.230025030343          0.231401310049          0.230885425776          0.232121575069
        0.256433665968          0.235215132769          0.235164113078          0.240216968928          0.235726211781          0.238483657050          0.234850805997          0.235876914444          0.233202900167          0.233091742249          0.231405432535          0.230627202553          0.229872638825          0.228856550042          0.228861964534          0.227981557189          0.228479860712          0.228012922888          0.228690413851          0.228785980524          0.229341988177          0.230008681614          0.230211157216          0.231331542381          0.231056451169          0.232424716227          0.231671253335          0.233045982525          0.231925250502          0.233085960902          0.231786730842          0.232581923129          0.231321617373          0.231698819475          0.230671062997          0.230682942281          0.230013199015          0.229799381349          0.229518577996          0.229268243505          0.229309149918          0.229213551795          0.229430441817          0.229636364685          0.229842803164          0.230417731397          0.230432689872          0.231349458543          0.231042941868          0.232187457199
        0.254984171217          0.235301906381          0.234925140962          0.238962504476          0.236201766090          0.236563342293          0.235722828664          0.233858383351          0.234196245888          0.231416155810          0.232307529223          0.229573144510          0.230549599748          0.228520853912          0.229264137614          0.228289236190          0.228634061397          0.228756239771          0.228680030355          0.229684897575          0.229279032720          0.230780016217          0.230206157975          0.231752557702          0.231192325267          0.232378355667          0.231986225488          0.232539228639          0.232407792486          0.232239024869          0.232382471325          0.231592117605          0.231950189737          0.230788492664          0.231248039383          0.230044101949          0.230471782332          0.229547836003          0.229825972080          0.229417406534          0.229473858732          0.229673777773          0.229498934738          0.230239344897          0.229886845136          0.230959139323          0.230530221172          0.231641687967          0.231257578633          0.232105115454
        0.255134342650          0.234925886508          0.233706703295          0.239296135620          0.234320074737          0.237283770630          0.233749584055          0.234686072400          0.232576536727          0.232138480548          0.231319967110          0.230058797540          0.230288402728          0.228724430696          0.229650401261          0.228242471961          0.229456003103          0.228547105583          0.229654337724          0.229428780885          0.230120578293          0.230589046467          0.230691783748          0.231709324280          0.231205948873          0.232519104190          0.231536812493          0.232849413689          0.231617997244          0.232661042936          0.231451912336          0.232042952071          0.231102848910          0.231182249691          0.230676521806          0.230313992253          0.230291355368          0.229662467103          0.230048548389          0.229387673142          0.230007744253          0.229548897140          0.230173762438          0.230093489798          0.230496757163          0.230871725794          0.230886968318          0.231676493828          0.231236199476          0.232294147888
        0.254739185266          0.233719819770          0.234044140481          0.237409241586          0.235033104763          0.235315426648          0.234564887143          0.233075996090          0.233285145854          0.231160454545          0.231793840968          0.229804049441          0.230484535202          0.229112789741          0.229601634917          0.229062318099          0.229250051144          0.229516301422          0.229405218612          0.230263919964          0.229938404324          0.231068787237          0.230657010182          0.231719108534          0.231353043871          0.232068839098          0.231850142663          0.232061948182          0.232039727547          0.231735432562          0.231899614587          0.231202012795          0.231491851661          0.230617110518          0.230941576725          0.230138503196          0.230402554055          0.229887531730          0.230017855430          0.229921240975          0.229884785197          0.230220974773          0.230032376908          0.230699208472          0.230415377723          0.231224189257          0.230928028715          0.231652104849          0.231430298755          0.231867243297
        0.253485615821          0.234018468353          0.232237090959          0.238087902420          0.233137364273          0.236089504231          0.233025871095          0.233736066300          0.232380875939          0.231579504034          0.231616225083          0.229940766897          0.230952335552          0.229002112153          0.230501596680          0.228794122637          0.230298550238          0.229206467275          0.230317868353          0.230023784917          0.230493484523          0.230979198196          0.230740121960          0.231814084102          0.230974654553          0.232331646360          0.231133907004          0.232433329729          0.231185567549          0.232131603844          0.231131094031          0.231537345167          0.231000561180          0.230826008258          0.230841427422          0.230191367006          0.230704098748          0.229797181183          0.230628383879          0.229738465990          0.230633525380          0.230020785486          0.230713784964          0.230560928358          0.230842162292          0.231210624549          0.230976578473          0.231793640190          0.231075287912          0.232151514803
        0.253800649127          0.232205249415          0.232888143316          0.236160980747          0.233880105812          0.234529470390          0.233653071016          0.232814646159          0.232767209870          0.231384323571          0.231722415145          0.230388523613          0.230814801304          0.229879075824          0.230210700391          0.229817224845          0.229969641951          0.230092421985          0.230061021842          0.230552131605          0.230387959830          0.231036672734          0.230818432066          0.231411961424          0.231218952438          0.231593925057          0.231484388280          0.231559758881          0.231558510666          0.231345096002          0.231441475383          0.231028514833          0.231183762390          0.230707706996          0.230868961238          0.230473276127          0.230589761781          0.230386130079          0.230423569561          0.230463742905          0.230413333466          0.230677395971          0.230557092980          0.230962468862          0.230810947515          0.231234475344          0.231100200577          0.231415335251          0.231340469471          0.231451045530
        0.251867330853          0.232844957517          0.231038427466          0.236901049127          0.232384831262          0.235148530784          0.232792067191          0.233188632435          0.232632494003          0.231475166549          0.232231486565          0.230233683564          0.231753402946          0.229569925835          0.231295029512          0.229470079401          0.230915941771          0.229818151743          0.230648700884          0.230430480423          0.230503853429          0.231100232642          0.230474014705          0.231642572724          0.230538451395          0.231931196549          0.230667799497          0.231919296216          0.230829011243          0.231641305134          0.230989926206          0.231196451415          0.231123174300          0.230718865012          0.231209023460          0.230341721586          0.231237148966          0.230163729382          0.231207309322          0.230226144633          0.231128163519          0.230503971603          0.231016431429          0.230915497469          0.230892133315          0.231343369842          0.230778853060          0.231666577828          0.230696753023          0.231792161131
        0.252551157148          0.230985957586          0.231745227762          0.235373266131          0.232970934550          0.234263961092          0.233133076200          0.233032812226          0.232691057914          0.231962197888          0.232046470278          0.231148176702          0.231417157872          0.230628229663          0.230924013778          0.230389193442          0.230620389377          0.230378403568          0.230507241398          0.230519540035          0.230547848442          0.230730200102          0.230684256723          0.230938018937          0.230853864044          0.231092130633          0.231003737759          0.231168563373          0.231100057315          0.231169144520          0.231131666474          0.231115105419          0.231107856838          0.231037306428          0.231051514540          0.230966156629          0.230989962948          0.230923089736          0.230946427408          0.230915459667          0.230932881509          0.230937244182          0.230948592364          0.230970782804          0.230980452883          0.230996954830          0.231009083712          0.230999088229          0.231015815229          0.230971402560
        0.250550825984          0.231690912451          0.230277405883          0.235966241866          0.232133237728          0.234607689095          0.233020135496          0.233091801675          0.233220571227          0.231776277020          0.233003433780          0.230810191168          0.232517480412          0.230255023005          0.231884380887          0.230091391010          0.231221158320          0.230234992697          0.230636312498          0.230562110681          0.230217536102          0.230939573521          0.230019215415          0.231252955867          0.230054083422          0.231427704842          0.230292037775          0.231439064102          0.230666722871          0.231309944899          0.231089051335          0.231098369071          0.231465046364          0.230877949761          0.231714761133          0.230716849425          0.231788164559          0.230660026548          0.231674539911          0.230718161024          0.231404863862          0.230867725676          0.231042507155          0.231057852443          0.230672646273          0.231226327012          0.230380232669          0.231317533550          0.230233746736          0.231299118565
        0.251309088425          0.230214856902          0.230842074804          0.235104671308          0.232450354692          0.234477163317          0.233052723326          0.233604342165          0.233008973597          0.232714744409          0.232641655959          0.231890292259          0.232123057029          0.231194053229          0.231567871503          0.230670490275          0.231060879276          0.230342722265          0.230662901049          0.230211246618          0.230410887485          0.230255040610          0.230317382057          0.230434820087          0.230371736688          0.230698646304          0.230543374206          0.230989004335          0.230787310718          0.231250708167          0.231051485020          0.231438476807          0.231284815360          0.231523220484          0.231445116389          0.231496008248          0.231505738396          0.231368164891          0.231459016246          0.231169623587          0.231318117142          0.230941096954          0.231112930007          0.230729986120          0.230885417443          0.230578282682          0.230681599897          0.230517312198          0.230543528097          0.230561508402
        0.249712253367          0.230780848443          0.230016908283          0.235429165515          0.232346247307          0.234514559851          0.233589819765          0.233396695591          0.233972075987          0.232356535404          0.233746143728          0.231499086365          0.233085734654          0.230880427253          0.232169836549          0.230512889705          0.231191015774          0.230371977990          0.230334348498          0.230407408850          0.229748727946          0.230556213791          0.229521596505          0.230755622798          0.229664811782          0.230953169945          0.230115097606          0.231112719095          0.230749513692          0.231216153490          0.231412802616          0.231261133872          0.231951193626          0.231256364902          0.232245352610          0.231216311868          0.232234937240          0.231155361813          0.231931538511          0.231085636710          0.231412590755          0.231014366963          0.230806296875          0.230945710280          0.230258791675          0.230882689098          0.229902962387          0.230830161971          0.229827559643          0.230796212791
        0.250323796424          0.229949642695          0.230322684280          0.235313486504          0.232366085186          0.235042742132          0.233364311886          0.234349571222          0.233596522105          0.233448823876          0.233339219487          0.232448208017          0.232758514039          0.231468339548          0.232000553737          0.230629132120          0.231209841231          0.230030060548          0.230520556099          0.229732586092          0.230039758680          0.229748524170          0.229831622620          0.230037510350          0.229907698859          0.230514243217          0.230226292206          0.231064481429          0.230701722149          0.231566824732          0.231221840494          0.231916283357          0.231670775553          0.232044583709          0.231952584928          0.231932742672          0.232009850243          0.231614620703          0.231836123684          0.231166740007          0.231475107942          0.230694643915          0.231011593961          0.230306577459          0.230552689581          0.230092283207          0.230204868799          0.230103153576          0.230050662960          0.230341166214
        0.249419474234          0.230257404106          0.230219022032          0.235337505308          0.232901742973          0.234820603426          0.234325541523          0.233977631972          0.234697902153          0.233045655024          0.234297134043          0.232124560933          0.233354442228          0.231302280994          0.232124242327          0.230650875196          0.230875294262          0.230219032615          0.229853371770          0.230026374400          0.229239973908          0.230061376295          0.229121421567          0.230283305010          0.229476401651          0.230628416957          0.230185269477          0.231019736707          0.231059249721          0.231378980943          0.231883639445          0.231639048108          0.232465567678          0.231755031501          0.232675567424          0.231710854548          0.232475665196          0.231522340938          0.231923828479          0.231232308132          0.231162138994          0.230902915214          0.230379462023          0.230603393758          0.229769546141          0.230397074156          0.229485270939          0.230329122208          0.229602981459          0.230418320425
        0.249753861777          0.230149974444          0.230234930652          0.235873578707          0.232671007081          0.235781076660          0.233943940204          0.235075386888          0.234285350774          0.233997838414          0.233965482595          0.232713836573          0.233182078150          0.231419270847          0.232141058395          0.230309997356          0.231060112639          0.229545986388          0.230143188954          0.229221184290          0.229548610821          0.229346199549          0.229362499850          0.229847400065          0.229585229689          0.230582995225          0.230134537925          0.231372805903          0.230864898344          0.232035959982          0.231599634720          0.232428445426          0.232169333427          0.232472017592          0.232447420872          0.232170237961          0.232377752612          0.231603478527          0.231984394405          0.230912940898          0.231365854331          0.230264791135          0.230671886519          0.229814783778          0.230069820133          0.229672538363          0.229706379584          0.229876925998          0.229674805499          0.230386597500
        0.249631600164          0.230167551665          0.230762214820          0.235642977402          0.233624249430          0.235400444691          0.235037701227          0.234664787745          0.235234672220          0.233668488995          0.234551556290          0.232543594519          0.233295226715          0.231437821050          0.231796153210          0.230496217297          0.230383402381          0.229837033372          0.229334896880          0.229531020806          0.228830679377          0.229588529084          0.228923789616          0.229957574542          0.229536655276          0.230533741811          0.230484052416          0.231180099354          0.231518055040          0.231753777864          0.232385113192          0.232134173135          0.232882393685          0.232245884640          0.232902888376          0.232074284095          0.232454988429          0.231665863266          0.231661227034          0.231118304046          0.230724155364          0.230558706322          0.229880005820          0.230116439022          0.229342257758          0.229894975020          0.229251200901          0.229950084760          0.229639908408          0.230277253614
        0.249652813871          0.230693004365          0.230532657680          0.236605656920          0.233242238878          0.236499278587          0.234624047615          0.235615488895          0.234902413798          0.234254102737          0.234379561823          0.232655847156          0.233313309059          0.231092254361          0.231982798846          0.229819198691          0.230675258820          0.229028687067          0.229645538178          0.228813206538          0.229073579724          0.229150091075          0.229034165549          0.229909397837          0.229487141307          0.230883656297          0.230290589518          0.231833448394          0.231234698402          0.232539041339          0.232089459539          0.232846537961          0.232654970185          0.232700274794          0.232805997892          0.232150298087          0.232516930830          0.231341585008          0.231866596986          0.230475798687          0.231018361979          0.229766408097          0.230182024012          0.229388836132          0.229564949836          0.229440057883          0.229324382836          0.229915624117          0.229530275686          0.230709353716
        0.250216835207          0.230464496292          0.231472475540          0.236220532787          0.234324908371          0.236084577072          0.235563096465          0.235283484049          0.235477436761          0.234082673874          0.234480818372          0.232674235728          0.232956391978          0.231278807577          0.231294731544          0.230110674360          0.229856638536          0.229338827890          0.228918182094          0.229055609121          0.228625905032          0.229260041804          0.228976597743          0.229859584489          0.229827292529          0.230690077006          0.230933869329          0.231550201583          0.232009782472          0.232243716053          0.232791674240          0.232619581687          0.233099259245          0.232603863019          0.232871914633          0.232212599192          0.232182584556          0.231547117641          0.231214167238          0.230769956860          0.230216419500          0.230068209413          0.229445085537          0.229611211280          0.229100854763          0.229512898503          0.229280635852          0.229805705382          0.229952759098          0.230432006878
        0.249971533544          0.231403935504          0.231094547361          0.237317259533          0.233913462701          0.237031432597          0.235232472181          0.235862705547          0.235307553238          0.234186921376          0.234501708052          0.232320347093          0.233146324499          0.230594111418          0.231590051222          0.229295612777          0.230170722836          0.228615021655          0.229164436871          0.228611422219          0.228739534228          0.229205945143          0.228930210099          0.230203200035          0.229636781677          0.231336715014          0.230653266792          0.232328375132          0.231716729357          0.232948644842          0.232566816008          0.233066247118          0.233005029112          0.232672003204          0.232936703031          0.231880552095          0.232390976975          0.230897238641          0.231511496639          0.229970878667          0.230521562301          0.229334412280          0.229670839722          0.229150455354          0.229177019784          0.229472602098          0.229173918686          0.230231647974          0.229678416352          0.231249196756
        0.250986106588          0.231026445401          0.232162609116          0.236901072857          0.234841312468          0.236698726567          0.235797078685          0.235691941171          0.235397728780          0.234207030792          0.234133297754          0.232509145653          0.232447155609          0.230887932150          0.230761314379          0.229607999837          0.229434300125          0.228859535179          0.228708363623          0.228723351730          0.228673702786          0.229157948828          0.229261824941          0.230011228211          0.230271086087          0.231054864627          0.231418960828          0.232034322120          0.232409237958          0.232722994970          0.233001180185          0.232971320451          0.233060910303          0.232736038858          0.232592376339          0.232088020938          0.231728852818          0.231193421502          0.230700365377          0.230274674138          0.229776028162          0.229558682268          0.229198608767          0.229225075687          0.229125267564          0.229364356919          0.229588133467          0.229955876627          0.230483461868          0.230870232945
        0.250578809330          0.232095077738          0.231756131010          0.237842951090          0.234513752354          0.237270874969          0.235629886007          0.235786994681          0.235421724673          0.233843147873          0.234326737064          0.231814916963          0.232746109649          0.230064432305          0.231078957980          0.228876766807          0.229684005760          0.228408423695          0.228825402292          0.228662295167          0.228630734300          0.229494263958          0.229074716269          0.230650182242          0.229993790290          0.231825060562          0.231129060826          0.232731062273          0.232187398810          0.233161296985          0.232909915217          0.233030973113          0.233128706843          0.232395525916          0.232803855176          0.231429931894          0.232029321952          0.230386609027          0.231008644625          0.229533686001          0.230004884019          0.229091120662          0.229277860195          0.229178032097          0.229021670652          0.229783267775          0.229316974599          0.230765543128          0.230108970424          0.231884301424
        0.251735737771          0.231688569537          0.232671593662          0.237510807963          0.235069343076          0.237101639461          0.235711352804          0.235809705053          0.235044014210          0.234035111539          0.233618281449          0.232111976820          0.231908894268          0.230379895235          0.230335198097          0.229124196645          0.229221499275          0.228523203533          0.228753492702          0.228617125128          0.228956120527          0.229305044771          0.229702398637          0.230370930145          0.230752489289          0.231533426574          0.231814346349          0.232507725575          0.232614434042          0.233068700615          0.232958430416          0.233097462737          0.232777039778          0.232605584113          0.232134548037          0.231728778750          0.231211349034          0.230693058130          0.230256748292          0.229760555529          0.229526738043          0.229168300470          0.229220396873          0.229072345757          0.229430011961          0.229510069884          0.230115669147          0.230389142196          0.231111654435          0.231505404130
        0.251296161909          0.232605095879          0.232348250125          0.238076545056          0.234904791460          0.237188130301          0.235737897202          0.235435897331          0.235240326171          0.233331080029          0.233920228497          0.231279805338          0.232229398203          0.229641311596          0.230587568912          0.228666597399          0.229341120220          0.228455862001          0.228713167543          0.228946893325          0.228771765085          0.229937067892          0.229427894769          0.231133927955          0.230465298329          0.232222857949          0.231595058186          0.232938673006          0.232525573043          0.233120949796          0.233028560041          0.232749530232          0.232990843235          0.231940203370          0.232437346368          0.230915010715          0.231521932374          0.229945588123          0.230487862939          0.229286923801          0.229608236298          0.229115327568          0.229119114361          0.229485114473          0.229161304621          0.230313128601          0.229743766452          0.231396094763          0.230737111111          0.232455621219
        0.252290265443          0.232281437838          0.232896091993          0.237909014018          0.234980807524          0.237213491677          0.235354313287          0.235631146193          0.234525503231          0.233631496079          0.233077058314          0.231598358978          0.231480764818          0.229891551598          0.230121291663          0.228784077422          0.229266055101          0.228413435399          0.229035412919          0.228760477272          0.229395950923          0.229660577199          0.230182706155          0.230844900119          0.231146484583          0.232001946289          0.232017967644          0.232848391390          0.232570020934          0.233189758272          0.232672878814          0.232961970880          0.232317599551          0.232241481576          0.231615624685          0.231223878984          0.230766627454          0.230174827546          0.230006710289          0.229366451804          0.229548033956          0.229012038677          0.229524673614          0.229214413237          0.229956839622          0.229939302679          0.230742741657          0.231019774979          0.231679061526          0.232191184767
        0.251939690998          0.232830465201          0.232733931878          0.237988980276          0.235008809296          0.236831280658          0.235552289649          0.234918311743          0.234829319994          0.232791512407          0.233399313537          0.230853528256          0.231734603275          0.229428984292          0.230242186924          0.228712313468          0.229227026863          0.228738665704          0.228852532550          0.229387566740          0.229123095089          0.230418331895          0.229897201783          0.231529009431          0.230928770980          0.232427636581          0.231930499451          0.232895447647          0.232641391439          0.232836637638          0.232887842660          0.232291435340          0.232621521007          0.231422743587          0.231927287125          0.230471803552          0.230998755626          0.229696999637          0.230089180513          0.229309513552          0.229447770404          0.229420737299          0.229257139818          0.230012992725          0.229586311942          0.230941266535          0.230369714332          0.231964626667          0.231417711907          0.232802474314
        0.252536767610          0.232667879886          0.232807929646          0.238016392414          0.234623741517          0.237029326617          0.234834831228          0.235221663043          0.233983195067          0.233112658897          0.232648472632          0.231105909424          0.231267287558          0.229548350953          0.230166955511          0.228671790300          0.229549336143          0.228554307341          0.229476486366          0.229113232831          0.229877222564          0.230131400163          0.230577425393          0.231310009967          0.231350702124          0.232339075552          0.231974111128          0.232965875448          0.232284999445          0.233050688976          0.232213946296          0.232594344918          0.231799211713          0.231733226174          0.231171577947          0.230702597642          0.230517509774          0.229778041600          0.230029182934          0.229207784437          0.229853614020          0.229151733959          0.230052710525          0.229641020761          0.230584838356          0.230566875628          0.231310744971          0.231702071174          0.232025136245          0.232750437257
        0.252360220518          0.232742916447          0.232836078873          0.237628635315          0.234821734719          0.236309647904          0.235139108819          0.234375429867          0.234305968858          0.232363220874          0.232902538479          0.230640408868          0.231388092438          0.229474625748          0.230127746109          0.228995181139          0.229366443561          0.229179169874          0.229203892869          0.229868346366          0.229592165370          0.230812725538          0.230360152808          0.231733030508          0.231263518988          0.232383646487          0.232045571718          0.232610352059          0.232499916727          0.232377744351          0.232517750215          0.231773241105          0.232110704893          0.230979002097          0.231403462456          0.230222977115          0.230599660637          0.229719611037          0.229928594590          0.229615018872          0.229585876187          0.229948539358          0.229682199829          0.230640717295          0.230212038824          0.231509053456          0.231049699074          0.232310556713          0.231974305644          0.232800430848
        0.252443957293          0.232770666535          0.232454416531          0.237828447536          0.234106269626          0.236615176803          0.234293343765          0.234698427702          0.233555440067          0.232616844917          0.232436504621          0.230760553050          0.231315193491          0.229434770892          0.230452871881          0.228811669122          0.229993030776          0.228905916414          0.229960134585          0.229582581915          0.230274081518          0.230594781234          0.230783678295          0.231645310043          0.231308898533          0.232454732978          0.231691163379          0.232824983882          0.231828104811          0.232681226656          0.231697520396          0.232084281710          0.231357105224          0.231210290635          0.230924501155          0.230304441621          0.230542220555          0.229618308311          0.230337176101          0.229346567991          0.230384086400          0.229577320127          0.230682979447          0.230267233855          0.231154854690          0.231247412824          0.231658653125          0.232259299009          0.232025060200          0.233013348426
        0.252473479564          0.232389734018          0.232650524026          0.237104969153          0.234409295072          0.235764649885          0.234615406791          0.233946134254          0.233808688712          0.232150435101          0.232556114043          0.230687348587          0.231274546909          0.229759140535          0.230268620503          0.229437190549          0.229719392342          0.229661135152          0.229674355771          0.230263700600          0.230056229681          0.231017656539          0.230695844082          0.231690002203          0.231379514125          0.232099529001          0.231905060464          0.232152379940          0.232130788229          0.231860403759          0.232007843459          0.231330386857          0.231587757141          0.230731241433          0.231005328267          0.230246902043          0.230440246220          0.230026593064          0.230068103906          0.230144255220          0.230012433024          0.230577460668          0.230309287050          0.231209411068          0.230893075300          0.231855725265          0.231607048322          0.232309294660          0.232237229733          0.232394415782
        0.252062630189          0.232585557974          0.231942386605          0.237411557493          0.233567851144          0.236088710218          0.233867503247          0.234200147560          0.233345574226          0.232270282680          0.232487169233          0.230646879209          0.231604363561          0.229575124294          0.230899904410          0.229163759629          0.230479787484          0.229375452605          0.230359819699          0.230045866102          0.230483023150          0.230929875630          0.230744608580          0.231760803345          0.231028776977          0.232313734179          0.231237112366          0.232455396566          0.231314418415          0.232170973925          0.231258013372          0.231561156873          0.231112575804          0.230812096546          0.230951850363          0.230144936847          0.230853020210          0.229757550982          0.230870558968          0.229772642726          0.231017207634          0.230203801476          0.231255658894          0.230947685730          0.231505259754          0.231804278631          0.231661094569          0.232521799075          0.231622998483          0.232856885170
        0.252274391560          0.231877776866          0.232242194584          0.236559358274          0.233887858085          0.235335143270          0.234119157455          0.233734432705          0.233463325538          0.232199610113          0.232444295562          0.230974657737          0.231417806628          0.230203898881          0.230624230017          0.229921551675          0.230192391100          0.230058575281          0.230140656253          0.230470625608          0.230393939886          0.230976713509          0.230813830725          0.231408059625          0.231241088430          0.231643705443          0.231538080806          0.231637051995          0.231622979241          0.231419446899          0.231486870786          0.231084549850          0.231191532640          0.230757265607          0.230847907794          0.230556185629          0.230581951593          0.230558199271          0.230497029839          0.230775414495          0.230641884111          0.231148147598          0.230992478909          0.231557905350          0.231452308865          0.231856331981          0.231871739159          0.231905388600          0.232083158698          0.231619551957
        0.251508402859          0.232177457174          0.231409741500          0.236883572482          0.233145124800          0.235588912076          0.233659923816          0.233853195481          0.233398900264          0.232157487042          0.232779545976          0.230788935710          0.232054800674          0.229929106444          0.231389866119          0.229634928311          0.230882324426          0.229840017773          0.230571383337          0.230382066199          0.230446589480          0.231046518549          0.230467273860          0.231621077707          0.230577626253          0.231945457442          0.230726270733          0.231946362424          0.230877564527          0.231648945121          0.231015953111          0.231164052688          0.231142350504          0.230653849563          0.231265184425          0.230285685671          0.231389081786          0.230185277128          0.231506394876          0.230400688614          0.231592483539          0.230885534995          0.231608497241          0.231505547678          0.231510115486          0.232067698248          0.231261688706          0.232366447173          0.230853110527          0.232237536695
        0.251832996070          0.231345004492          0.231726165133          0.236130444431          0.233394515208          0.235124847960          0.233775627680          0.233786251521          0.233353597027          0.232490325398          0.232590293404          0.231422898783          0.231776564046          0.230691354404          0.231100343161          0.230321638644          0.230661483559          0.230267935668          0.230480850919          0.230432190701          0.230514317152          0.230697444976          0.230677909253          0.230954973486          0.230876759328          0.231130989195          0.231032939765          0.231198491520          0.231104532543          0.231175874452          0.231092990306          0.231112891765          0.231036392424          0.231069051341          0.230992008290          0.231090443003          0.231013471674          0.231191986052          0.231129181839          0.231348541194          0.231327681332          0.231498894081          0.231554084663          0.231560772722          0.231719214143          0.231454954653          0.231720006026          0.231133434184          0.231467962619          0.230605344266
        0.250930844104          0.231661455198          0.230991638278          0.236383478759          0.232939850972          0.235242163552          0.233715271618          0.233741881527          0.233693812680          0.232302065825          0.233232864388          0.231145833087          0.232547531049          0.230402988836          0.231794765540          0.230101766082          0.231095888960          0.230178183315          0.230536863046          0.230500653455          0.230171329961          0.230908903498          0.230018416287          0.231255040950          0.230069134917          0.231438616245          0.230291604342          0.231426340287          0.230637426449          0.231253692045          0.231047468068          0.231007679858          0.231457430775          0.230796672749          0.231803129910          0.230715704667          0.232026911969          0.230815663388          0.232083626408          0.231084578377          0.231947124469          0.231445273025          0.231615068659          0.231770711002          0.231112592562          0.231914267259          0.230494128447          0.231749431954          0.229843891920          0.231210576314
        0.251273945651          0.230926649598          0.231238050347          0.235921592921          0.233053648181          0.235179174919          0.233667927434          0.234080415431          0.233502089265          0.232942255768          0.232952067960          0.231913656348          0.232255794682          0.231094137510          0.231572242407          0.230533289585          0.231004070677          0.230231760460          0.230603400429          0.230155387192          0.230380639112          0.230247008217          0.230316037066          0.230444870619          0.230374205241          0.230694802423          0.230516996085          0.230957030184          0.230712918202          0.231206228687          0.230939912797          0.231426798360          0.231182539471          0.231605616438          0.231425739178          0.231726617016          0.231648017569          0.231767388563          0.231817396212          0.231701364759          0.231891532700          0.231503771667          0.231823034502          0.231161628443          0.231569552026          0.230685689343          0.231107275985          0.230122334527          0.230446100866          0.229562732681
        0.250476753124          0.231173211180          0.230788746822          0.236037482822          0.232996152902          0.235132505373          0.234011477657          0.233889290963          0.234148976126          0.232662406567          0.233727521004          0.231623060434          0.232953974223          0.230872650520          0.232009384550          0.230442265238          0.231062174170          0.230298934556          0.230262510746          0.230365349825          0.229723672813          0.230545401927          0.229511332141          0.230750795543          0.229635822727          0.230921019195          0.230052548416          0.231033249791          0.230669730147          0.231099341065          0.231363212950          0.231152614156          0.231996122385          0.231229034977          0.232441860599          0.231348597962          0.232605092261          0.231501998799          0.232439098015          0.231646516100          0.231954370808          0.231712435369          0.231218257076          0.231619373463          0.230346108976          0.231299790393          0.229486569820          0.230725571500          0.228805351028          0.229932464855
        0.250744381682          0.230723460527          0.230900908620          0.235977773698          0.232947660995          0.235476284399          0.233818110266          0.234535747849          0.233866149946          0.233436105004          0.233433883206          0.232318795510          0.232730059108          0.231307498218          0.231916702833          0.230498597077          0.231128108940          0.229956611710          0.230471166066          0.229706903917          0.230020440460          0.229738976438          0.229815410385          0.230010582496          0.229860231742          0.230454908169          0.230127141416          0.230988700875          0.230561299648          0.231521435447          0.231087352102          0.231964834446          0.231617632674          0.232243425217          0.232061855192          0.232303640200          0.232337935781          0.232121649133          0.232382871056          0.231707523110          0.232161883976          0.231106014619          0.231674668762          0.230394185372          0.230958382688          0.229676971946          0.230087625820          0.229082424240          0.229173147131          0.228758676538
        0.250255648868          0.230835843763          0.230844709325          0.235929306034          0.233291808394          0.235282517145          0.234466968549          0.234253063980          0.234644417000          0.233143134357          0.234134540548          0.232095672795          0.233168620981          0.231215410939          0.231975262587          0.230564881765          0.230787379227          0.230165535984          0.229814715417          0.230004033721          0.229216806615          0.230043547147          0.229078359744          0.230235519034          0.229396916264          0.230529954467          0.230084653912          0.230880636723          0.230985020576          0.231245945770          0.231901430651          0.231586823195          0.232634534838          0.231864014553          0.233019854784          0.232037092773          0.232960329571          0.232065924108          0.232445916788          0.231915410865          0.231557015443          0.231562788413          0.230451426026          0.231006954024          0.229338740224          0.230278660735          0.228448823846          0.229450778136          0.228003662959          0.228648090312
        0.250377989299          0.230779149252          0.230796264031          0.236276687045          0.233098213222          0.235934297786          0.234183147970          0.235032158747          0.234349537712          0.233843027076          0.233909724571          0.232533056037          0.233075617296          0.231273206548          0.232041297060          0.230223892563          0.230996205127          0.229508937555          0.230111468020          0.229199985716          0.229520664410          0.229305787965          0.229302500743          0.229771477922          0.229471344188          0.230487002506          0.229976165034          0.231304161593          0.230709077801          0.232059821760          0.231522714122          0.232603205035          0.232254187076          0.232821106063          0.232752427520          0.232658432128          0.232904100478          0.232128113082          0.232653715316          0.231310016080          0.232013780012          0.230339130643          0.231063816242          0.229386623486          0.229939573188          0.228638745688          0.228816344489          0.228280105638          0.227893115164          0.228489545824
        0.250315231251          0.230730941603          0.231137509154          0.236081117821          0.233745473201          0.235649184403          0.234961767593          0.234736995252          0.235051023703          0.233618465224          0.234348319881          0.232440299542          0.233133045404          0.231339223523          0.231698780765          0.230432514083          0.230338125045          0.229805512751          0.229306852367          0.229503820683          0.228783167877          0.229530015860          0.228838764708          0.229845969253          0.229428013596          0.230378477744          0.230398576729          0.231028137871          0.231521719392          0.231681105305          0.232538429872          0.232223007069          0.233211310490          0.232553911556          0.233373926864          0.232602364393          0.232965809815          0.232335898687          0.232046978359          0.231766647208          0.230788575382          0.230951437525          0.229442820671          0.229987532545          0.228300393447          0.229006375303          0.227646989184          0.228169351332          0.227734555148          0.227672393012
        0.250263495114          0.231071751836          0.230945521995          0.236736047437          0.233462252445          0.236432509770          0.234666626336          0.235440209423          0.234825912459          0.234057366061          0.234255515742          0.232498038637          0.233199817919          0.230997593287          0.231908564006          0.229775655794          0.230635703437          0.229001938629          0.229611268744          0.228766934238          0.229007721264          0.229066638202          0.228913672073          0.229803119044          0.229320171595          0.230801689386          0.230123357876          0.231841743364          0.231143624566          0.232697593364          0.232158520756          0.233180486879          0.232944259024          0.233175476250          0.233318251498          0.232664232282          0.233174490953          0.231729723085          0.232504850357          0.230542348225          0.231401984465          0.229331289209          0.230044332000          0.228348768599          0.228668374466          0.227837110176          0.227537261362          0.228011255315          0.226920103571          0.229077180340
        0.250631936172          0.230879968785          0.231586614218          0.236449471883          0.234237693990          0.236135618741          0.235366959727          0.235214542978          0.235263305955          0.233964390621          0.234310626153          0.232564470667          0.232853993725          0.231206762804          0.231247014124          0.230072541058          0.229828232906          0.229305797847          0.228871711981          0.228991108335          0.228542283637          0.229141221192          0.228868376386          0.229694870582          0.229740048850          0.230525969498          0.230933098296          0.231463171243          0.232156544063          0.232317356723          0.233113245837          0.232913257580          0.233563591195          0.233119626373          0.233377530306          0.232872569699          0.232564690257          0.232187043868          0.231276110881          0.231155143323          0.229777660136          0.229932315689          0.228402697139          0.228716398701          0.227497386949          0.227726854496          0.227376778214          0.227195626859          0.228319239217          0.227393585039
        0.250424430031          0.231520766715          0.231306036658          0.237234859556          0.233943682746          0.236841060860          0.235142239752          0.235653978226          0.235171099496          0.234020699230          0.234378557981          0.232220291091          0.233065308121          0.230547441553          0.231546095473          0.229267344297          0.230133853649          0.228568060104          0.229097200847          0.228527007217          0.228618094683          0.229097154978          0.228761614522          0.230116250660          0.229466088814          0.231337524159          0.230556255479          0.232477902896          0.231777695617          0.233273535117          0.232847069006          0.233533632164          0.233508823473          0.233179868362          0.233587406288          0.232264100176          0.233024092750          0.230960165666          0.231891139439          0.229532908849          0.230380523267          0.228292480131          0.228771665862          0.227546716669          0.227388725145          0.227567700817          0.226564350693          0.228597226883          0.226641399012          0.230950053263
        0.251118622660          0.231240324175          0.232073774786          0.236937100042          0.234640226703          0.236614691706          0.235577394123          0.235561170645          0.235223338414          0.234088126257          0.234028671046          0.232430796429          0.232399129721          0.230845495135          0.230734413134          0.229571992904          0.229391043534          0.228792790089          0.228629252319          0.228602208207          0.228570337565          0.228989756963          0.229178495998          0.229841530797          0.230272251602          0.230959868224          0.231565461459          0.232098348005          0.232729071722          0.233006842615          0.233463505565          0.233478447021          0.233565233589          0.233389219089          0.232974183438          0.232722730593          0.231791191021          0.231574243369          0.230262391534          0.230134869628          0.228735039548          0.228660744623          0.227597829788          0.227437369897          0.227225696336          0.226754078761          0.227959337744          0.226917142831          0.230185159626          0.228407822737
        0.250814793517          0.232007951114          0.231782659644          0.237643131602          0.234416760543          0.237053895168          0.235486022272          0.235615131783          0.235292532334          0.233739956668          0.234241743275          0.231767126116          0.232700093902          0.230036739358          0.231041645173          0.228831813447          0.229617759846          0.228326842209          0.228706107311          0.228556065361          0.228464733286          0.229408365634          0.228905941012          0.230649808348          0.229896934887          0.231971406155          0.231188009609          0.233051851705          0.232464029035          0.233624946535          0.233409736806          0.233536243893          0.233776270666          0.232777598720          0.233435112774          0.231492036962          0.232408002482          0.229948219207          0.230866911912          0.228492085379          0.229105225048          0.227489083356          0.227490122319          0.227276153426          0.226414795139          0.228151599355          0.226284727249          0.230465774656          0.227651567858          0.234966406034
        0.251647101573          0.231716885044          0.232472045911          0.237416608201          0.234848570689          0.236961496262          0.235535530995          0.235683897660          0.234938799511          0.233952361764          0.233570727383          0.232067046810          0.231883608576          0.230342825570          0.230294978383          0.229057566683          0.229147044019          0.228402966089          0.228656062507          0.228449796474          0.228878999567          0.229135032526          0.229708783106          0.230273583945          0.230902391551          0.231593069064          0.232135826570          0.232786108890          0.233077483276          0.233570663619          0.233463531396          0.233746765657          0.233160144634          0.233237791140          0.232198491839          0.232107844942          0.230774851321          0.230551668420          0.229217149003          0.228861400847          0.227928075095          0.227380726457          0.227324674584          0.226464386249          0.227806673153          0.226475165274          0.229821764565          0.227928967097          0.234187946260          0.233051581558
        0.251331531391          0.232406346042          0.232250901309          0.237854859927          0.234758170636          0.237012834585          0.235605730831          0.235331066015          0.235153429107          0.233283123591          0.233873569385          0.231253267647          0.232192557496          0.229598970891          0.230522962281          0.228589065091          0.229224807867          0.228354493370          0.228551343087          0.228865485168          0.228607581765          0.229939647462          0.229334852844          0.231281228592          0.230526323397          0.232543109116          0.231871904383          0.233401386797          0.233024551282          0.233625828054          0.233675380873          0.233131978852          0.233622183323          0.232003039687          0.232816781975          0.230477284765          0.231380911060          0.228904807490          0.229588462303          0.227686761545          0.227820927955          0.227217110947          0.226514337423          0.227858161757          0.226133882867          0.230016004491          0.227292417457          0.234473453863          0.232279635870          0.239563780484
        0.252079620200          0.232185166817          0.232677998681          0.237762984876          0.234805659264          0.237082968685          0.235249418505          0.235545593920          0.234478463822          0.233585328756          0.233052603068          0.231561230463          0.231442095393          0.229826018853          0.230049743455          0.228666158297          0.229173210042          0.228249281187          0.228964103805          0.228593521894          0.229408241144          0.229564992439          0.230337419324          0.230904347976          0.231471136192          0.232278496107          0.232482895745          0.233347999633          0.233076548735          0.233837347704          0.233057575956          0.233593557575          0.232383228779          0.232620571872          0.231180346525          0.231082394073          0.229727475742          0.229275302886          0.228408330674          0.227579164122          0.227653814760          0.226406479589          0.227905017500          0.226184487679          0.229667417884          0.227484339063          0.233818487634          0.232562803163          0.238770344265 
        0.251839639691          0.232612491341          0.232588687406          0.237812071987          0.234876253457          0.236725728651          0.235464939477          0.234870473126          0.234782750258          0.232765765661          0.233363050948          0.230812971385          0.231671158983          0.229354719816          0.230128075722          0.228615709321          0.229068840539          0.228662724926          0.228693210027          0.229395041130          0.229035175050          0.230568950174          0.229962381605          0.231850871622          0.231208070916          0.232890987990          0.232430452656          0.233400963082          0.233288656803          0.233220193914          0.233520007699          0.232355553912          0.233002304702          0.230985863097          0.231787441993          0.229431318501          0.230099556214          0.228097424543          0.228301206093          0.227413480862          0.226842898418          0.227797925313          0.226232109936          0.229719691749          0.227140000971          0.234015940365          0.231913035760          0.239061080409  
        0.252303829316          0.232523081067          0.232635170259          0.237883238230          0.234519730116          0.236942202805          0.234788092688          0.235175022841          0.233958602696          0.233075779871          0.232609518950          0.231041380777          0.231196106908          0.229432598333          0.230075993849          0.228511159790          0.229481660760          0.228391707724          0.229493467673          0.229021674332          0.230036444694          0.230193415280          0.230905396391          0.231587313387          0.231817578682          0.232838273765          0.232481793214          0.233613035956          0.232670766617          0.233682601637          0.232280699074          0.232974350306          0.231364539810          0.231592387030          0.230131833970          0.229802829092          0.228917462134          0.227990140536          0.228133556708          0.226602912207          0.228234617024          0.226125331487          0.229766329988          0.227191512054          0.233661902626          0.232108973308          0.238394775537   
        0.252206620164          0.232569884675          0.232705296785          0.237522961351          0.234734951270          0.236261892622          0.235092932164          0.234349748169          0.234270010334          0.232322958450          0.232839296155          0.230567454839          0.231274569400          0.229380993779          0.229971324034          0.228923707482          0.229210478725          0.229191567036          0.229120472200          0.230023053775          0.229661817995          0.231137123553          0.230642742967          0.232197607642          0.231765195443          0.232889931129          0.232693558937          0.232994904976          0.233132764441          0.232443005776          0.232899649306          0.231336936344          0.231971902488          0.229937981112          0.230504147054          0.228622210978          0.228809839491          0.227823234966          0.227321060640          0.227994109519          0.226559642422          0.229658612258          0.227237983892          0.233714800075          0.231757448285          0.238595309137    
        0.252258274999          0.232639877449          0.232351760472          0.237740692112          0.234059689590          0.236568461859          0.234267950779          0.234661706655          0.233514766804          0.232552617782          0.232363335853          0.230645783493          0.231223122152          0.229276495351          0.230385849191          0.228652892264          0.230012382015          0.228818832510          0.230122468551          0.229648419425          0.230604665932          0.230874316764          0.231251990457          0.232145203422          0.231817045062          0.233101968948          0.232077129393          0.233457344613          0.231895185761          0.233062258833          0.231262891885          0.231944268874          0.230316181213          0.230310102021          0.229321557612          0.228514720855          0.228642850396          0.227011605479          0.228715768523          0.226320567013          0.230098616837          0.227131299108          0.233763012480          0.231810083626          0.238236521830     
        0.252333902435          0.232286682630          0.232565067032          0.237057231534          0.234363624561          0.235738414725          0.234579444465          0.233904732655          0.233744762848          0.232076535859          0.232441507031          0.230594072898          0.231117557840          0.229689872571          0.230113560199          0.229453134519          0.229638561621          0.229819471666          0.229747490939          0.230590654841          0.230341893670          0.231483409877          0.231199269173          0.232196663181          0.232027986323          0.232484475225          0.232537972441          0.232218271459          0.232513103249          0.231424321577          0.231869666631          0.230288254720          0.230688144571          0.229127877717          0.229213075398          0.228347698051          0.227828196689          0.228404726118          0.227037284903          0.229856240543          0.227566667788          0.233653099151          0.231857426646          0.238289466269      
        0.251951638853          0.232499856081          0.231896033032          0.237364961798          0.233541528583          0.236051937340          0.233824516832          0.234135398626          0.233268950214          0.232154934239          0.232391589112          0.230488949484          0.231535114433          0.229418352045          0.230918977926          0.229080121978          0.230643344585          0.229445034604          0.230691932415          0.230328132954          0.230952110524          0.231430914193          0.231252542647          0.232408097293          0.231414115990          0.232946113665          0.231303790466          0.232837016803          0.230879523375          0.232031631680          0.230215995383          0.230660439543          0.229506655969          0.229019737854          0.229047717837          0.227534148257          0.229227036523          0.226728391549          0.230583904314          0.227326869677          0.234101444399          0.231748602524          0.238340863733       
        0.252182606338          0.231831112670          0.232197113279          0.236532346772          0.233851774260          0.235291746154          0.234054118009          0.233657794639          0.233346514846          0.232104120330          0.232284750556          0.230904877343          0.231261094078          0.230221236981          0.230543530578          0.230082277230          0.230267262093          0.230387563835          0.230428527600          0.230937233396          0.230898777464          0.231483218825          0.231462429125          0.231792659973          0.231873384241          0.231709616023          0.231920000082          0.231200981325          0.231484966842          0.230376203362          0.230587107118          0.229478130502          0.229397200870          0.228853673833          0.228230918088          0.228930865039          0.227544505224          0.230270263698          0.228046558397          0.233854577828          0.232192857194          0.238227857911        
        0.251457808997          0.232132092316          0.231382864400          0.236846637315          0.233100194855          0.235523088609          0.233579624029          0.233735940792          0.233298598219          0.231997797449          0.232705999385          0.230631776088          0.232071282789          0.229846955278          0.231552778934          0.229707198835          0.231214869395          0.230124783957          0.231040735986          0.230884306419          0.230953942531          0.231693658254          0.230851479868          0.232252847198          0.230643411370          0.232326966232          0.230291071159          0.231807400626          0.229835125303          0.230747885878          0.229408108272          0.229369091838          0.229234008499          0.228037854141          0.229633916483          0.227250577360          0.231099703179          0.227736353579          0.234595331390          0.231948167858          0.238686694727         
        0.251784129010          0.231318025656          0.231690095838          0.236085041885          0.233328563258          0.235044648241          0.233656408941          0.233686732133          0.233190434917          0.232417607237          0.232429989450          0.231439334975          0.231693687234          0.230852906167          0.231174997596          0.230651928454          0.230950427167          0.230735103374          0.230986694540          0.230938189920          0.231162863777          0.231081124860          0.231309181009          0.231020393588          0.231257651374          0.230694930406          0.230894730395          0.230154745219          0.230205069659          0.229567083774          0.229297832299          0.229204778719          0.228415675411          0.229438883212          0.227947875663          0.230800935786          0.228556535580          0.234276070321          0.232682605507          0.238434318857          
        0.250901312688          0.231625212355          0.230945888263          0.236316548723          0.232856920469          0.235122352420          0.233610466484          0.233578879319          0.233615131669          0.232142275094          0.233245241037          0.231062906211          0.232708323113          0.230476359639          0.232126863194          0.230388362944          0.231565283653          0.230681541369          0.231043697433          0.231147535929          0.230554348358          0.231539577927          0.230083122322          0.231635765183          0.229633754080          0.231299754643          0.229249691120          0.230525460438          0.229029450888          0.229457151424          0.229136810353          0.228386964015          0.229821723993          0.227754500441          0.231510322775          0.228261105344          0.235120024094          0.232366043664          0.239190364816           
        0.251234514851          0.230881044724          0.231171938296          0.235838211099          0.232932844589          0.235075001974          0.233501316307          0.234003200956          0.233337359175          0.232955893001          0.232865406758          0.232074543328          0.232328539680          0.231425030720          0.231861155960          0.231000931872          0.231510619071          0.230737278531          0.231252049279          0.230537936575          0.231010945978          0.230311641060          0.230695638641          0.230008971572          0.230235588038          0.229651554714          0.229618404022          0.229347496155          0.228918716634          0.229294931909          0.228318009490          0.229791851837          0.228133692388          0.231313457621          0.228962441178          0.234816030400          0.233203061977          0.238864571290            
        0.250427114559          0.231107116495          0.230705140596          0.235915401712          0.232888426098          0.234965622405          0.233928180127          0.233725366673          0.234156765122          0.232576731868          0.233885311098          0.231695860709          0.233285046821          0.231160248429          0.232478865261          0.230946700539          0.231568939274          0.230945767759          0.230644723901          0.230994845549          0.229787391848          0.230924924931          0.229075887354          0.230611835732          0.228595244661          0.230021036784          0.228446360849          0.229236917881          0.228759382553          0.228475974016          0.229725140929          0.228104340748          0.231700048998          0.228767834181          0.235537507328          0.232901557426          0.239724786410             
        0.250672476363          0.230640211584          0.230780145085          0.235869687000          0.232779041379          0.235394201442          0.233649430862          0.234545467674          0.233775131957          0.233595196273          0.233503607347          0.232649768047          0.233018063730          0.231775783046          0.232423804804          0.231004076974          0.231777331806          0.230338257843          0.231101057142          0.229770695091          0.230398921569          0.229303387981          0.229676305345          0.228968850180          0.228962928919          0.228846696717          0.228335632980          0.229076638728          0.227941359477          0.229883183862          0.228037267188          0.231669697253          0.229149881338          0.235337311052          0.233617316606          0.239414971732              
        0.250165509332          0.230715300274          0.230736565330          0.235759197998          0.233205622680          0.235114061658          0.234470717068          0.234163414548          0.234798960587          0.233213992118          0.234464279940          0.232383494575          0.233638361615          0.231721005461          0.232482617758          0.231212242549          0.231169474569          0.230794287160          0.229877732521          0.230382331722          0.228781259217          0.229904379023          0.228039411649          0.229337091119          0.227793895967          0.228735886489          0.228177166511          0.228257764055          0.229347252166          0.228194432517          0.231602951651          0.229119967616          0.235730139323          0.233418685255          0.240149409825               
        0.250247201042          0.230671490509          0.230628011950          0.236190636569          0.232927342878          0.235939938516          0.234088328454          0.235188845745          0.234415861330          0.234173766217          0.234196240162          0.233002326360          0.233583204650          0.231779408091          0.232691725303          0.230605249270          0.231626583397          0.229572039031          0.230489375327          0.228764704218          0.229381065915          0.228266188100          0.228406501643          0.228166429459          0.227683609000          0.228576971559          0.227361014388          0.229665046847          0.227661787043          0.231762111538          0.229053694767          0.235699431228          0.233808632451          0.239945749345                
        0.250199015541          0.230563066286          0.231050926415          0.235909019024          0.233746548097          0.235555330200          0.235113347991          0.234805099551          0.235379275550          0.233905918406          0.234818424535          0.232947232657          0.233641606607          0.231987966906          0.232081542622          0.231061430688          0.230400810850          0.230182978716          0.228870929753          0.229364387037          0.227745406729          0.228633448742          0.227239227258          0.228055848192          0.227525068195          0.227759470043          0.228763605662          0.227977432188          0.231222092165          0.229211189656          0.235630951035          0.233778057931          0.240344568503                 
        0.250081684174          0.230985676536          0.230775112760          0.236738380441          0.233365204724          0.236586743043          0.234729876192          0.235770576738          0.235110628372          0.234527983150          0.234763463841          0.233005832187          0.233851992832          0.231379510346          0.232540432389          0.229838352149          0.231013810076          0.228566695306          0.229471184183          0.227729357791          0.228112490676          0.227465728356          0.227129664709          0.227897463398          0.226711416736          0.229164434361          0.227082316021          0.231542409302          0.228676939731          0.235793068432          0.233710515189          0.240313875792                  
        0.250539464090          0.230710009548          0.231586817652          0.236352259067          0.234386856317          0.236200836307          0.235693539465          0.235501271969          0.235733597020          0.234472838424          0.234820700328          0.233215523363          0.233238069364          0.231837046907          0.231309722977          0.230449903601          0.229391453735          0.229166043866          0.227833955274          0.228096131026          0.226945239908          0.227355753768          0.226970211687          0.227082340728          0.228109476822          0.227480238226          0.230633625066          0.228993778386          0.235243158241          0.233871184311          0.240242294390                   
        0.250240685861          0.231521400049          0.231208982597          0.237387000422          0.234004696362          0.237171011721          0.235424984064          0.236126143196          0.235679054577          0.234530814242          0.235032655238          0.232603644696          0.233699460545          0.230610063379          0.231925195797          0.228831585479          0.229993265539          0.227531531608          0.228201669895          0.226929903261          0.226836455607          0.227197017598          0.226159015198          0.228483090288          0.226433139424          0.231037767471          0.228094944642          0.235569193788          0.233326086261          0.240408172415                    
        0.251120379945          0.231143696945          0.232221056221          0.236999916128          0.234964612015          0.236900560969          0.236047196748          0.236071174277          0.235734694406          0.234742224975          0.234414358603          0.233063664340          0.232462122272          0.231223656981          0.230296211004          0.229431828692          0.228351602293          0.227898465888          0.227032521628          0.226820722467          0.226675538934          0.226384693779          0.227552540430          0.226803892898          0.229973958063          0.228494635568          0.234644309072          0.233649366667          0.239846132409                     
        0.250710827358          0.232155513923          0.231842495671          0.237972450370          0.234697218992          0.237527496752          0.235993196155          0.236127924688          0.235948112218          0.234125430695          0.234878467346          0.231829971491          0.233080787779          0.229599709270          0.230900508800          0.227794587392          0.228720517276          0.226731776082          0.226924323141          0.226660908800          0.225866019754          0.227780381218          0.225880639813          0.230350760877          0.227442608176          0.235055542957          0.232732214168          0.240178939774                      
        0.251808227733          0.231777040032          0.232793243003          0.237701487401          0.235316392870          0.237472838605          0.236047204358          0.236341341846          0.235325887894          0.234588739281          0.233634126125          0.232446881096          0.231443521700          0.230202117604          0.229252075922          0.228162383910          0.227547709409          0.226623328277          0.226761776878          0.225851037391          0.227256343111          0.226106572612          0.229412192510          0.227815212804          0.233973205479          0.233140056005          0.239235306688                       
        0.251397715164          0.232727647915          0.232528447255          0.238329133592          0.235262992361          0.237528123779          0.236261506045          0.235718970820          0.235792266345          0.233346401340          0.234256076106          0.230814175396          0.232050832221          0.228558851922          0.229622585837          0.226993070549          0.227439706969          0.226462013725          0.225952546618          0.227242199490          0.225587056327          0.229642092671          0.226887146200          0.234356523712          0.232066553568          0.239654678771                        
        0.252429039004          0.232462870719          0.233141520755          0.238274837340          0.235315667951          0.237743440235          0.235637067412          0.236185853958          0.234542239403          0.233967477269          0.232610483131          0.231419825621          0.230394378757          0.228928152288          0.228444855959          0.226885053926          0.227275751486          0.225653470591          0.227342125008          0.225572727742          0.229113283401          0.227114431920          0.233401862208          0.232446775119          0.238551353539                         
        0.252141735496          0.233075961762          0.233088761526          0.238328795586          0.235529717662          0.237115887294          0.236104486406          0.234934272921          0.235166774540          0.232323994147          0.233220753258          0.229767790058          0.230766616498          0.227754192476          0.228336564755          0.226722179849          0.226465092130          0.227042056410          0.225672615629          0.229099233864          0.226591663848          0.233635635881          0.231499734871          0.238941945123                          
        0.252807201509          0.233023143134          0.233140584815          0.238545371715          0.234906287811          0.237585992783          0.234852068170          0.235559736177          0.233514801260          0.232933553766          0.231556555740          0.230139071656          0.229583491009          0.227646133579          0.228171718055          0.225913233041          0.227857003309          0.225374483515          0.229199532305          0.226577673658          0.233098036574          0.231731689206          0.237969535614                           
        0.252749728364          0.233075152716          0.233352786373          0.237914469955          0.235372539018          0.236326179371          0.235477564531          0.233905051067          0.234127273619          0.231271095423          0.231930334333          0.228958919086          0.229474462028          0.227481975262          0.227357970026          0.227302304015          0.226183980322          0.228897184113          0.226677080785          0.233083568032          0.231198192671          0.238207405779                            
        0.252806705801          0.233287223322          0.232734850869          0.238386534944          0.234123535457          0.236955504905          0.233823481235          0.234518619743          0.232457447027          0.231644589083          0.230742337710          0.228850287741          0.229309392147          0.226670607248          0.228755214929          0.225633175942          0.229718495324          0.226377977366          0.233186071540          0.231183961236          0.237660675354                             
        0.253036532580          0.232669622246          0.233196872830          0.237121823217          0.234747171267          0.235291057776          0.234436580301          0.232845572775          0.232832223453          0.230457453904          0.230632286752          0.228685346306          0.228491373585          0.228063761094          0.227075655732          0.229159360451          0.227190400703          0.232878289704          0.231285314578          0.237645326553                              
        0.252367147080          0.233131465209          0.231959301560          0.237753387994          0.233098304335          0.235908082375          0.232765379740          0.233221212757          0.231641019160          0.230347795804          0.230467649461          0.227869665587          0.229896121252          0.226389230401          0.230624061219          0.226637368482          0.233714268932          0.230980160182          0.237751291819                               
        0.252867935618          0.231894323791          0.232577184784          0.236083402158          0.233709362371          0.234225976791          0.233140204720          0.232027244319          0.231529927003          0.230182647045          0.229645029425          0.229270297528          0.228208024505          0.229926960690          0.228086004092          0.233145280833          0.231809064332          0.237436928231                                
        0.251526363842          0.232512018897          0.230943620933          0.236702341319          0.232043942288          0.234603381394          0.231948774315          0.231916299774          0.231366237800          0.229361305491          0.231057944856          0.227586881755          0.231774435118          0.227396566841          0.234635659493          0.231244800338          0.238290401645                                 
        0.252196286080          0.230878900273          0.231548973040          0.235015313233          0.232417286991          0.233403751131          0.231836946619          0.231751442468          0.230539813495          0.230771857685          0.229360983359          0.231143412218          0.229223657238          0.233926384689          0.232722894026          0.237709899336                                  
        0.250424943863          0.231484105406          0.229899160899          0.235393590768          0.231230488789          0.233291533835          0.231674536736          0.230923973577          0.231959560711          0.229077185813          0.232945990206          0.228599612041          0.235805964970          0.232019432706          0.239229969550                                   
        0.251081423176          0.229834654770          0.230268943391          0.234191121273          0.231118597247          0.233127280804          0.230846445113          0.232345325742          0.230255561064          0.232657417374          0.230382210687          0.235164004326          0.233883713387          0.238506702402                                    
        0.249292097942          0.230204387132          0.229093422954          0.234078002002          0.230957716690          0.232294303682          0.232269317453          0.230638727426          0.233855246282          0.230096877242          0.236997693573          0.233246957664          0.240422864193                                     
        0.249693261462          0.229029036266          0.228982429460          0.233914527538          0.230131796523          0.233725405743          0.230562651451          0.234243993732          0.231281331583          0.236704210312          0.235065868200          0.239768509917                                      
        0.248417978618          0.228918143644          0.228823359314          0.233078233658          0.231551104167          0.232008256830          0.234167776797          0.231665876056          0.237922492778          0.234774700761          0.241637232745                                       
        0.248297882067          0.228758942359          0.228004946052          0.234515266580          0.229849448195          0.235635617035          0.231590305888          0.238318145674          0.235983316328          0.241338395815                                        
        0.248124704940          0.227940826172          0.229411393807          0.232791966861          0.233443850034          0.233042057629          0.238240194880          0.236375643964          0.242579264212                                         
        0.247237514487          0.229346734027          0.227725378846          0.236432149302          0.230874270125          0.239733699157          0.236298610782          0.242983151878                                          
        0.248762016244          0.227661240045          0.231286689606          0.233829719371          0.237503492220          0.237779848511          0.242902362523                                           
        0.246933968386          0.231221473808          0.228740832183          0.240543849425          0.235568040050          0.244425545615                                            
        0.250795364674          0.228676347612          0.235308754717          0.238583558106          0.242150678926                                             
        0.248034825323          0.235242436328          0.233391231297          0.245250819200                                              
        0.255156798181          0.233325431640          0.239912819097                                               
        0.253077454864          0.239845299611                                                
        0.260149588517                                                 
