        0.154163090466          0.124678888970          0.125971043833          0.126785439210          0.127893340518          0.128607027723          0.128977384400          0.129168864844          0.129250885431          0.129287942062          0.129301798462          0.129307400295          0.129309164747          0.129309786292          0.129309912745          0.129309938382          0.129309921958          0.129309908832          0.129309896923          0.129309889552          0.129309884164          0.129309880570          0.129309877926          0.129309876026          0.129309874606          0.129309873555          0.129309872767          0.129309872181          0.129309871743          0.129309871418          0.129309871176          0.129309870996          0.129309870863          0.129309870765          0.129309870692          0.129309870638          0.129309870599          0.129309870570          0.129309870549          0.129309870533          0.129309870522          0.129309870513          0.129309870507          0.129309870503          0.129309870499          0.129309870497          0.129309870496          0.129309870495          0.129309870494          0.129309870494
        0.183345920061          0.145733131643          0.151133910461          0.150387865074          0.151896908022          0.152232113727          0.152640822235          0.152749421587          0.152836620423          0.152857686119          0.152872969957          0.152875787588          0.152878011339          0.152878180945          0.152878436250          0.152878390352          0.152878405226          0.152878380454          0.152878375402          0.152878366034          0.152878362085          0.152878358159          0.152878355835          0.152878353904          0.152878352574          0.152878351539          0.152878350786          0.152878350216          0.152878349795          0.152878349481          0.152878349248          0.152878349075          0.152878348947          0.152878348853          0.152878348783          0.152878348731          0.152878348693          0.152878348666          0.152878348645          0.152878348630          0.152878348619          0.152878348611          0.152878348605          0.152878348601          0.152878348598          0.152878348596          0.152878348595          0.152878348594          0.152878348593          0.152878348593
        0.181829253110          0.146580569164          0.151325075270          0.150584203927          0.151869136145          0.152162335767          0.152515525963          0.152612872552          0.152689092261          0.152708316809          0.152721783038          0.152724433740          0.152726402452          0.152726585285          0.152726810858          0.152726775751          0.152726788194          0.152726766932          0.152726762073          0.152726753758          0.152726750090          0.152726746547          0.152726744412          0.152726742658          0.152726741442          0.152726740501          0.152726739815          0.152726739297          0.152726738914          0.152726738627          0.152726738416          0.152726738259          0.152726738143          0.152726738057          0.152726737994          0.152726737947          0.152726737913          0.152726737887          0.152726737869          0.152726737856          0.152726737846          0.152726737838          0.152726737833          0.152726737829          0.152726737827          0.152726737825          0.152726737824          0.152726737823          0.152726737823          0.152726737823
        0.183924948490          0.147322156831          0.152347213630          0.151266510958          0.152555562458          0.152770089461          0.153120087868          0.153201729097          0.153277595146          0.153294070273          0.153307660718          0.153309879621          0.153311921248          0.153312041793          0.153312290706          0.153312247298          0.153312265919          0.153312243836          0.153312240618          0.153312232433          0.153312229294          0.153312225933          0.153312224035          0.153312222407          0.153312221296          0.153312220430          0.153312219803          0.153312219341          0.153312218978          0.153312218715          0.153312218522          0.153312218378          0.153312218271          0.153312218192          0.153312218134          0.153312218092          0.153312218060          0.153312218037          0.153312218023          0.153312218012          0.153312218002          0.153312217996          0.153312217991          0.153312217988          0.153312217985          0.153312217984          0.153312217983          0.153312217982          0.153312217982          0.153312217982
        0.184378303763          0.147800423421          0.152632694659          0.151511902384          0.152750296182          0.152954434358          0.153294176037          0.153374099992          0.153448249055          0.153464565838          0.153477913813          0.153480144874          0.153482158163          0.153482288916          0.153482535565          0.153482495485          0.153482514327          0.153482493257          0.153482490339          0.153482482532          0.153482479603          0.153482476415          0.153482474618          0.153482473092          0.153482472047          0.153482471233          0.153482470644          0.153482470119          0.153482469781          0.153482469535          0.153482469353          0.153482469213          0.153482469114          0.153482469040          0.153482468986          0.153482468945          0.153482468916          0.153482468894          0.153482468884          0.153482468872          0.153482468863          0.153482468857          0.153482468853          0.153482468850          0.153482468848          0.153482468846          0.153482468845          0.153482468845          0.153482468845          0.153482468846
        0.184868039707          0.147945356622          0.152788617827          0.151594094531          0.152829965167          0.153019237826          0.153358540597          0.153435794978          0.153510013007          0.153525899070          0.153539304121          0.153541471570          0.153543504741          0.153543626886          0.153543879100          0.153543838238          0.153543858587          0.153543837628          0.153543835173          0.153543827525          0.153543824762          0.153543821676          0.153543819967          0.153543818492          0.153543817507          0.153543816727          0.153543816185          0.153543815799          0.153543815490          0.153543815255          0.153543815084          0.153543814956          0.153543814861          0.153543814790          0.153543814738          0.153543814700          0.153543814672          0.153543814649          0.153543814629          0.153543814618          0.153543814610          0.153543814604          0.153543814600          0.153543814597          0.153543814595          0.153543814594          0.153543814593          0.153543814593          0.153543814594          0.153543814595
        0.185003078391          0.148045016161          0.152838619173          0.151634273969          0.152859852365          0.153047578523          0.153385104207          0.153462224793          0.153536182529          0.153552083936          0.153565456795          0.153567635101          0.153569665364          0.153569791066          0.153570043327          0.153570003480          0.153570024099          0.153570003531          0.153570001279          0.153569993815          0.153569991188          0.153569988207          0.153569986557          0.153569985142          0.153569984200          0.153569983453          0.153569982906          0.153569982497          0.153569982198          0.153569981972          0.153569981805          0.153569981682          0.153569981591          0.153569981523          0.153569981474          0.153569981437          0.153569981409          0.153569981390          0.153569981378          0.153569981368          0.153569981360          0.153569981354          0.153569981350          0.153569981348          0.153569981346          0.153569981345          0.153569981344          0.153569981345          0.153569981346          0.153569981347
        0.185106365522          0.148071879803          0.152863856536          0.151645465880          0.152870769297          0.153055988796          0.153393584247          0.153470293350          0.153544302152          0.153560141314          0.153573531972          0.153575701620          0.153577736873          0.153577861665          0.153578115321          0.153578075564          0.153578096647          0.153578076233          0.153578074176          0.153578066824          0.153578064291          0.153578061382          0.153578059812          0.153578058435          0.153578057521          0.153578056794          0.153578056273          0.153578055875          0.153578055583          0.153578055364          0.153578055202          0.153578055082          0.153578054993          0.153578054928          0.153578054879          0.153578054843          0.153578054818          0.153578054798          0.153578054785          0.153578054774          0.153578054767          0.153578054762          0.153578054758          0.153578054755          0.153578054754          0.153578054753          0.153578054753          0.153578054753          0.153578054755          0.153578054757
        0.185132513383          0.148089424794          0.152870957927          0.151651172244          0.152874667384          0.153059795950          0.153397116573          0.153473848157          0.153547820902          0.153563672002          0.153577058855          0.153579232234          0.153581267436          0.153581393348          0.153581647247          0.153581607896          0.153581629157          0.153581608928          0.153581606982          0.153581599721          0.153581597255          0.153581594392          0.153581592859          0.153581591508          0.153581590614          0.153581589904          0.153581589394          0.153581589003          0.153581588716          0.153581588502          0.153581588344          0.153581588226          0.153581588139          0.153581588075          0.153581588028          0.153581587993          0.153581587967          0.153581587948          0.153581587935          0.153581587925          0.153581587918          0.153581587912          0.153581587909          0.153581587906          0.153581587905          0.153581587905          0.153581587905          0.153581587906          0.153581587908          0.153581587912
        0.185150885420          0.148093333539          0.152874592048          0.151652445924          0.152876027905          0.153060775536          0.153398146179          0.153474819556          0.153548808954          0.153564651839          0.153578043352          0.153580215858          0.153582252381          0.153582378394          0.153582632741          0.153582593554          0.153582615013          0.153582594892          0.153582593042          0.153582585849          0.153582583429          0.153582580604          0.153582579094          0.153582577766          0.153582576886          0.153582576187          0.153582575686          0.153582575303          0.153582575022          0.153582574811          0.153582574655          0.153582574540          0.153582574454          0.153582574391          0.153582574344          0.153582574310          0.153582574284          0.153582574266          0.153582574252          0.153582574242          0.153582574235          0.153582574230          0.153582574227          0.153582574225          0.153582574224          0.153582574224          0.153582574225          0.153582574226          0.153582574230          0.153582574234
        0.185154582517          0.148095996772          0.152875369658          0.151653162276          0.152876461745          0.153061240160          0.153398572109          0.153475258881          0.153549243824          0.153565090694          0.153578482021          0.153580655693          0.153582692438          0.153582818862          0.153583073393          0.153583034392          0.153583055963          0.153583035939          0.153583034157          0.153583027011          0.153583024631          0.153583021834          0.153583020345          0.153583019032          0.153583018163          0.153583017473          0.153583016978          0.153583016599          0.153583016322          0.153583016114          0.153583015960          0.153583015845          0.153583015761          0.153583015699          0.153583015653          0.153583015619          0.153583015594          0.153583015575          0.153583015562          0.153583015552          0.153583015545          0.153583015541          0.153583015537          0.153583015536          0.153583015535          0.153583015535          0.153583015537          0.153583015540          0.153583015544          0.153583015551
        0.185157352846          0.148096380603          0.152875817045          0.151653254165          0.152876605088          0.153061330575          0.153398678858          0.153475358141          0.153549347541          0.153565193615          0.153578586203          0.153580759986          0.153582797164          0.153582923750          0.153583178474          0.153583139584          0.153583161253          0.153583141297          0.153583139566          0.153583132458          0.153583130106          0.153583127331          0.153583125856          0.153583124555          0.153583123694          0.153583123010          0.153583122521          0.153583122146          0.153583121871          0.153583121665          0.153583121513          0.153583121400          0.153583121316          0.153583121254          0.153583121208          0.153583121174          0.153583121150          0.153583121132          0.153583121119          0.153583121109          0.153583121102          0.153583121098          0.153583121095          0.153583121094          0.153583121093          0.153583121095          0.153583121097          0.153583121101          0.153583121108          0.153583121117
        0.185157656419          0.148096722686          0.152875856869          0.151653329608          0.152876640283          0.153061380495          0.153398723881          0.153475407391          0.153549396501          0.153565243785          0.153578636573          0.153580810775          0.153582848131          0.153582974905          0.153583229742          0.153583190947          0.153583212683          0.153583192778          0.153583191086          0.153583184007          0.153583181678          0.153583178919          0.153583177456          0.153583176163          0.153583175309          0.153583174630          0.153583174143          0.153583173771          0.153583173498          0.153583173293          0.153583173142          0.153583173030          0.153583172946          0.153583172885          0.153583172840          0.153583172806          0.153583172782          0.153583172764          0.153583172751          0.153583172742          0.153583172735          0.153583172731          0.153583172729          0.153583172728          0.153583172728          0.153583172730          0.153583172734          0.153583172740          0.153583172749          0.153583172761
        0.185158001981          0.148096719538          0.152875898748          0.151653322765          0.152876649890          0.153061383441          0.153398731227          0.153475414055          0.153549404393          0.153565251798          0.153578645011          0.153580819377          0.153582856921          0.153582983806          0.153583238739          0.153583200012          0.153583221799          0.153583201933          0.153583200269          0.153583193212          0.153583190899          0.153583188152          0.153583186697          0.153583185410          0.153583184561          0.153583183885          0.153583183401          0.153583183031          0.153583182760          0.153583182556          0.153583182405          0.153583182294          0.153583182211          0.153583182150          0.153583182104          0.153583182071          0.153583182047          0.153583182029          0.153583182017          0.153583182008          0.153583182001          0.153583181998          0.153583181996          0.153583181996          0.153583181997          0.153583182001          0.153583182006          0.153583182015          0.153583182027          0.153583182043
        0.185157974377          0.148096752441          0.152875887542          0.151653326994          0.152876648933          0.153061386890          0.153398734316          0.153475418387          0.153549408910          0.153565256742          0.153578650129          0.153580824683          0.153582862340          0.153582989321          0.153583244321          0.153583205645          0.153583227471          0.153583207633          0.153583205991          0.153583198950          0.153583196649          0.153583193911          0.153583192462          0.153583191180          0.153583190334          0.153583189661          0.153583189179          0.153583188811          0.153583188540          0.153583188337          0.153583188187          0.153583188075          0.153583187993          0.153583187932          0.153583187887          0.153583187854          0.153583187830          0.153583187813          0.153583187800          0.153583187791          0.153583187786          0.153583187782          0.153583187781          0.153583187782          0.153583187785          0.153583187790          0.153583187798          0.153583187810          0.153583187827          0.153583187849
        0.185158004309          0.148096737225          0.152875887536          0.151653321021          0.152876647361          0.153061384759          0.153398733403          0.153475417612          0.153549408554          0.153565256551          0.153578650124          0.153580824789          0.153582862542          0.153582989590          0.153583244642          0.153583206004          0.153583227859          0.153583208042          0.153583206416          0.153583199387          0.153583197094          0.153583194362          0.153583192918          0.153583191640          0.153583190797          0.153583190125          0.153583189645          0.153583189277          0.153583189008          0.153583188805          0.153583188656          0.153583188544          0.153583188462          0.153583188401          0.153583188357          0.153583188324          0.153583188300          0.153583188283          0.153583188271          0.153583188262          0.153583188257          0.153583188255          0.153583188254          0.153583188256          0.153583188261          0.153583188269          0.153583188280          0.153583188297          0.153583188319          0.153583188350
        0.185157982493          0.148096736884          0.152875881335          0.151653319339          0.152876645260          0.153061383922          0.153398732738          0.153475417378          0.153549408492          0.153565256677          0.153578650363          0.153580825125          0.153582862944          0.153582990044          0.153583245134          0.153583206525          0.153583228400          0.153583208600          0.153583206985          0.153583199965          0.153583197678          0.153583194951          0.153583193511          0.153583192235          0.153583191394          0.153583190724          0.153583190244          0.153583189878          0.153583189608          0.153583189406          0.153583189257          0.153583189146          0.153583189064          0.153583189003          0.153583188959          0.153583188926          0.153583188903          0.153583188886          0.153583188874          0.153583188866          0.153583188862          0.153583188860          0.153583188861          0.153583188865          0.153583188872          0.153583188883          0.153583188899          0.153583188922          0.153583188953          0.153583188995
        0.185157980648          0.148096730449          0.152875879069          0.151653316645          0.152876643774          0.153061382591          0.153398731823          0.153475416630          0.153549407930          0.153565256226          0.153578650008          0.153580824836          0.153582862708          0.153582989845          0.153583244964          0.153583206376          0.153583228267          0.153583208478          0.153583206872          0.153583199858          0.153583197576          0.153583194853          0.153583193415          0.153583192141          0.153583191301          0.153583190632          0.153583190153          0.153583189787          0.153583189518          0.153583189317          0.153583189168          0.153583189057          0.153583188975          0.153583188915          0.153583188871          0.153583188838          0.153583188815          0.153583188798          0.153583188787          0.153583188780          0.153583188777          0.153583188776          0.153583188779          0.153583188786          0.153583188796          0.153583188812          0.153583188834          0.153583188864          0.153583188906          0.153583188964
        0.185157972331          0.148096728316          0.152875876380          0.151653315251          0.152876642534          0.153061381784          0.153398731184          0.153475416180          0.153549407592          0.153565255985          0.153578649833          0.153580824713          0.153582862622          0.153582989789          0.153583244928          0.153583206356          0.153583228259          0.153583208479          0.153583206879          0.153583199870          0.153583197592          0.153583194871          0.153583193434          0.153583192162          0.153583191323          0.153583190655          0.153583190177          0.153583189811          0.153583189542          0.153583189341          0.153583189192          0.153583189082          0.153583189000          0.153583188940          0.153583188896          0.153583188864          0.153583188841          0.153583188825          0.153583188814          0.153583188808          0.153583188806          0.153583188808          0.153583188813          0.153583188823          0.153583188838          0.153583188859          0.153583188890          0.153583188932          0.153583188989          0.153583189067
        0.185157969496          0.148096725685          0.152875874892          0.151653313953          0.152876641643          0.153061381063          0.153398730647          0.153475415754          0.153549407261          0.153565255721          0.153578649620          0.153580824538          0.153582862476          0.153582989664          0.153583244819          0.153583206259          0.153583228170          0.153583208396          0.153583206802          0.153583199796          0.153583197520          0.153583194801          0.153583193366          0.153583192095          0.153583191257          0.153583190589          0.153583190111          0.153583189746          0.153583189478          0.153583189276          0.153583189128          0.153583189017          0.153583188936          0.153583188876          0.153583188832          0.153583188801          0.153583188778          0.153583188763          0.153583188754          0.153583188749          0.153583188748          0.153583188752          0.153583188761          0.153583188775          0.153583188796          0.153583188826          0.153583188868          0.153583188925          0.153583189003          0.153583189108
        0.185157966188          0.148096724280          0.152875873595          0.151653313103          0.152876640953          0.153061380563          0.153398730257          0.153475415461          0.153549407034          0.153565255545          0.153578649483          0.153580824430          0.153582862389          0.153582989592          0.153583244759          0.153583206207          0.153583228125          0.153583208356          0.153583206765          0.153583199761          0.153583197488          0.153583194770          0.153583193336          0.153583192065          0.153583191228          0.153583190561          0.153583190083          0.153583189718          0.153583189450          0.153583189249          0.153583189101          0.153583188990          0.153583188909          0.153583188850          0.153583188806          0.153583188775          0.153583188754          0.153583188739          0.153583188731          0.153583188728          0.153583188730          0.153583188737          0.153583188751          0.153583188771          0.153583188800          0.153583188841          0.153583188898          0.153583188976          0.153583189081          0.153583189224
        0.185157964411          0.148096723036          0.152875872727          0.151653312419          0.152876640446          0.153061380169          0.153398729957          0.153475415228          0.153549406852          0.153565255402          0.153578649368          0.153580824336          0.153582862311          0.153582989526          0.153583244701          0.153583206156          0.153583228078          0.153583208313          0.153583206724          0.153583199722          0.153583197450          0.153583194733          0.153583193300          0.153583192030          0.153583191193          0.153583190526          0.153583190049          0.153583189684          0.153583189416          0.153583189215          0.153583189067          0.153583188957          0.153583188876          0.153583188817          0.153583188774          0.153583188744          0.153583188723          0.153583188710          0.153583188704          0.153583188703          0.153583188709          0.153583188721          0.153583188740          0.153583188769          0.153583188809          0.153583188865          0.153583188943          0.153583189048          0.153583189190          0.153583189382
        0.185157962855          0.148096722213          0.152875872042          0.151653311931          0.152876640064          0.153061379883          0.153398729737          0.153475415059          0.153549406722          0.153565255300          0.153578649287          0.153580824271          0.153582862257          0.153582989481          0.153583244663          0.153583206122          0.153583228048          0.153583208285          0.153583206698          0.153583199698          0.153583197427          0.153583194711          0.153583193278          0.153583192009          0.153583191172          0.153583190505          0.153583190028          0.153583189664          0.153583189396          0.153583189195          0.153583189047          0.153583188938          0.153583188857          0.153583188798          0.153583188756          0.153583188727          0.153583188708          0.153583188696          0.153583188692          0.153583188695          0.153583188705          0.153583188723          0.153583188751          0.153583188791          0.153583188846          0.153583188923          0.153583189028          0.153583189170          0.153583189362          0.153583189620
        0.185157961823          0.148096721560          0.152875871549          0.151653311557          0.152876639781          0.153061379667          0.153398729572          0.153475414933          0.153549406623          0.153565255223          0.153578649226          0.153580824221          0.153582862216          0.153582989446          0.153583244633          0.153583206095          0.153583228024          0.153583208263          0.153583206677          0.153583199678          0.153583197407          0.153583194692          0.153583193260          0.153583191991          0.153583191154          0.153583190488          0.153583190011          0.153583189646          0.153583189379          0.153583189179          0.153583189031          0.153583188922          0.153583188842          0.153583188784          0.153583188743          0.153583188715          0.153583188697          0.153583188688          0.153583188688          0.153583188695          0.153583188711          0.153583188737          0.153583188776          0.153583188831          0.153583188907          0.153583189012          0.153583189153          0.153583189345          0.153583189603          0.153583189950
        0.185157961006          0.148096721092          0.152875871174          0.151653311283          0.152876639570          0.153061379508          0.153398729451          0.153475414840          0.153549406551          0.153565255167          0.153578649181          0.153580824185          0.153582862186          0.153582989421          0.153583244611          0.153583206077          0.153583228007          0.153583208247          0.153583206663          0.153583199665          0.153583197394          0.153583194680          0.153583193248          0.153583191979          0.153583191142          0.153583190476          0.153583189999          0.153583189635          0.153583189368          0.153583189168          0.153583189021          0.153583188912          0.153583188833          0.153583188776          0.153583188736          0.153583188710          0.153583188695          0.153583188689          0.153583188693          0.153583188706          0.153583188731          0.153583188768          0.153583188822          0.153583188898          0.153583189001          0.153583189143          0.153583189334          0.153583189592          0.153583189938          0.153583190400
        0.185157960420          0.148096720735          0.152875870899          0.151653311077          0.152876639414          0.153061379390          0.153398729361          0.153475414771          0.153549406498          0.153565255125          0.153578649148          0.153580824158          0.153582862165          0.153582989403          0.153583244596          0.153583206063          0.153583227995          0.153583208236          0.153583206652          0.153583199654          0.153583197385          0.153583194670          0.153583193239          0.153583191970          0.153583191134          0.153583190468          0.153583189991          0.153583189627          0.153583189360          0.153583189160          0.153583189014          0.153583188906          0.153583188828          0.153583188772          0.153583188734          0.153583188710          0.153583188698          0.153583188697          0.153583188707          0.153583188729          0.153583188765          0.153583188817          0.153583188892          0.153583188995          0.153583189135          0.153583189326          0.153583189584          0.153583189930          0.153583190392          0.153583191011
        0.185157959973          0.148096720472          0.152875870693          0.151653310926          0.152876639299          0.153061379303          0.153398729295          0.153475414721          0.153549406460          0.153565255095          0.153578649125          0.153580824139          0.153582862149          0.153582989390          0.153583244584          0.153583206053          0.153583227986          0.153583208228          0.153583206645          0.153583199647          0.153583197378          0.153583194664          0.153583193232          0.153583191964          0.153583191128          0.153583190462          0.153583189986          0.153583189622          0.153583189355          0.153583189156          0.153583189010          0.153583188903          0.153583188826          0.153583188773          0.153583188737          0.153583188716          0.153583188709          0.153583188714          0.153583188733          0.153583188766          0.153583188816          0.153583188889          0.153583188991          0.153583189131          0.153583189322          0.153583189579          0.153583189925          0.153583190386          0.153583191006          0.153583191816
        0.185157959645          0.148096720276          0.152875870540          0.151653310813          0.152876639213          0.153061379239          0.153398729246          0.153475414683          0.153549406431          0.153565255073          0.153578649107          0.153580824125          0.153582862138          0.153582989380          0.153583244576          0.153583206046          0.153583227979          0.153583208222          0.153583206639          0.153583199642          0.153583197373          0.153583194659          0.153583193228          0.153583191959          0.153583191124          0.153583190458          0.153583189982          0.153583189619          0.153583189353          0.153583189155          0.153583189009          0.153583188904          0.153583188829          0.153583188777          0.153583188745          0.153583188729          0.153583188728          0.153583188741          0.153583188771          0.153583188819          0.153583188890          0.153583188991          0.153583189130          0.153583189319          0.153583189576          0.153583189921          0.153583190383          0.153583191002          0.153583191811          0.153583192903
        0.185157959399          0.148096720130          0.152875870427          0.151653310730          0.152876639150          0.153061379192          0.153398729210          0.153475414656          0.153549406410          0.153565255057          0.153578649095          0.153580824115          0.153582862130          0.153582989374          0.153583244570          0.153583206041          0.153583227975          0.153583208218          0.153583206635          0.153583199639          0.153583197370          0.153583194656          0.153583193225          0.153583191957          0.153583191121          0.153583190456          0.153583189980          0.153583189618          0.153583189352          0.153583189155          0.153583189011          0.153583188907          0.153583188835          0.153583188787          0.153583188759          0.153583188749          0.153583188756          0.153583188781          0.153583188826          0.153583188894          0.153583188993          0.153583189130          0.153583189319          0.153583189575          0.153583189920          0.153583190380          0.153583190999          0.153583191809          0.153583192900          0.153583194273
        0.185157959217          0.148096720022          0.152875870344          0.151653310668          0.152876639104          0.153061379157          0.153398729184          0.153475414636          0.153549406395          0.153565255045          0.153578649085          0.153580824108          0.153582862124          0.153582989369          0.153583244566          0.153583206037          0.153583227972          0.153583208215          0.153583206633          0.153583199636          0.153583197368          0.153583194654          0.153583193223          0.153583191955          0.153583191120          0.153583190455          0.153583189980          0.153583189618          0.153583189354          0.153583189158          0.153583189016          0.153583188914          0.153583188845          0.153583188801          0.153583188780          0.153583188778          0.153583188797          0.153583188836          0.153583188902          0.153583188998          0.153583189133          0.153583189321          0.153583189575          0.153583189920          0.153583190380          0.153583190998          0.153583191807          0.153583192898          0.153583194271          0.153583196181
        0.185157959082          0.148096719943          0.152875870282          0.151653310623          0.152876639069          0.153061379131          0.153398729164          0.153475414622          0.153549406384          0.153565255036          0.153578649079          0.153580824103          0.153582862119          0.153582989365          0.153583244563          0.153583206035          0.153583227970          0.153583208213          0.153583206631          0.153583199635          0.153583197366          0.153583194653          0.153583193222          0.153583191955          0.153583191120          0.153583190456          0.153583189981          0.153583189620          0.153583189357          0.153583189163          0.153583189023          0.153583188925          0.153583188860          0.153583188823          0.153583188810          0.153583188819          0.153583188853          0.153583188913          0.153583189006          0.153583189139          0.153583189324          0.153583189577          0.153583189921          0.153583190380          0.153583190998          0.153583191807          0.153583192897          0.153583194270          0.153583196180          0.153583198380
        0.185157958982          0.148096719884          0.152875870236          0.151653310590          0.152876639044          0.153061379113          0.153398729150          0.153475414611          0.153549406376          0.153565255030          0.153578649074          0.153580824099          0.153582862116          0.153582989363          0.153583244561          0.153583206033          0.153583227968          0.153583208212          0.153583206630          0.153583199634          0.153583197366          0.153583194652          0.153583193222          0.153583191955          0.153583191121          0.153583190457          0.153583189984          0.153583189624          0.153583189363          0.153583189171          0.153583189035          0.153583188941          0.153583188882          0.153583188853          0.153583188851          0.153583188876          0.153583188930          0.153583189018          0.153583189147          0.153583189330          0.153583189581          0.153583189923          0.153583190382          0.153583190999          0.153583191807          0.153583192897          0.153583194269          0.153583196179          0.153583198379          0.153583201917
        0.185157958908          0.148096719840          0.152875870203          0.151653310565          0.152876639026          0.153061379099          0.153398729140          0.153475414603          0.153549406370          0.153565255026          0.153578649070          0.153580824096          0.153582862114          0.153582989361          0.153583244560          0.153583206032          0.153583227967          0.153583208211          0.153583206629          0.153583199634          0.153583197365          0.153583194652          0.153583193223          0.153583191956          0.153583191122          0.153583190460          0.153583189988          0.153583189630          0.153583189371          0.153583189182          0.153583189051          0.153583188963          0.153583188913          0.153583188895          0.153583188908          0.153583188953          0.153583189035          0.153583189160          0.153583189339          0.153583189588          0.153583189928          0.153583190385          0.153583191001          0.153583191808          0.153583192898          0.153583194269          0.153583196179          0.153583198379          0.153583201916          0.153583205272
        0.185157958854          0.148096719808          0.152875870178          0.151653310547          0.152876639012          0.153061379089          0.153398729132          0.153475414598          0.153549406366          0.153565255022          0.153578649068          0.153580824094          0.153582862112          0.153582989360          0.153583244559          0.153583206031          0.153583227966          0.153583208211          0.153583206629          0.153583199634          0.153583197366          0.153583194653          0.153583193224          0.153583191958          0.153583191125          0.153583190464          0.153583189994          0.153583189638          0.153583189383          0.153583189199          0.153583189073          0.153583188994          0.153583188955          0.153583188952          0.153583188986          0.153583189059          0.153583189177          0.153583189352          0.153583189597          0.153583189934          0.153583190389          0.153583191004          0.153583191810          0.153583192899          0.153583194270          0.153583196180          0.153583198379          0.153583201916          0.153583205272          0.153583213694
        0.185157958814          0.148096719784          0.152875870160          0.151653310534          0.152876639002          0.153061379081          0.153398729127          0.153475414594          0.153549406362          0.153565255020          0.153578649066          0.153580824093          0.153582862111          0.153582989359          0.153583244558          0.153583206030          0.153583227966          0.153583208211          0.153583206629          0.153583199634          0.153583197367          0.153583194655          0.153583193226          0.153583191961          0.153583191130          0.153583190470          0.153583190002          0.153583189650          0.153583189400          0.153583189222          0.153583189104          0.153583189036          0.153583189012          0.153583189030          0.153583189091          0.153583189201          0.153583189369          0.153583189609          0.153583189944          0.153583190396          0.153583191009          0.153583191814          0.153583192902          0.153583194272          0.153583196181          0.153583198380          0.153583201916          0.153583205272          0.153583213694          0.153583219345
        0.185157958784          0.148096719767          0.152875870147          0.151653310524          0.152876638995          0.153061379076          0.153398729123          0.153475414591          0.153549406360          0.153565255018          0.153578649065          0.153580824092          0.153582862111          0.153582989358          0.153583244558          0.153583206030          0.153583227966          0.153583208211          0.153583206630          0.153583199635          0.153583197368          0.153583194657          0.153583193229          0.153583191966          0.153583191136          0.153583190479          0.153583190015          0.153583189667          0.153583189422          0.153583189253          0.153583189147          0.153583189094          0.153583189090          0.153583189136          0.153583189234          0.153583189393          0.153583189627          0.153583189956          0.153583190405          0.153583191016          0.153583191819          0.153583192905          0.153583194274          0.153583196182          0.153583198381          0.153583201917          0.153583205272          0.153583213694          0.153583219344          0.153583248891
        0.185157958762          0.148096719754          0.152875870137          0.151653310517          0.152876638990          0.153061379072          0.153398729120          0.153475414588          0.153549406359          0.153565255017          0.153578649064          0.153580824091          0.153582862110          0.153582989358          0.153583244558          0.153583206030          0.153583227967          0.153583208212          0.153583206631          0.153583199637          0.153583197371          0.153583194660          0.153583193234          0.153583191972          0.153583191145          0.153583190492          0.153583190031          0.153583189690          0.153583189453          0.153583189295          0.153583189204          0.153583189172          0.153583189196          0.153583189278          0.153583189426          0.153583189651          0.153583189974          0.153583190418          0.153583191025          0.153583191826          0.153583192910          0.153583194278          0.153583196185          0.153583198383          0.153583201918          0.153583205273          0.153583213694          0.153583219345          0.153583248891          0.153583259021
        0.185157958746          0.148096719745          0.152875870130          0.151653310512          0.152876638986          0.153061379069          0.153398729118          0.153475414587          0.153549406357          0.153565255016          0.153578649063          0.153580824091          0.153582862110          0.153582989358          0.153583244558          0.153583206031          0.153583227968          0.153583208213          0.153583206633          0.153583199639          0.153583197374          0.153583194665          0.153583193241          0.153583191981          0.153583191158          0.153583190508          0.153583190054          0.153583189721          0.153583189496          0.153583189353          0.153583189282          0.153583189277          0.153583189338          0.153583189470          0.153583189684          0.153583189998          0.153583190436          0.153583191038          0.153583191835          0.153583192917          0.153583194283          0.153583196188          0.153583198385          0.153583201920          0.153583205274          0.153583213695          0.153583219345          0.153583248891          0.153583259021          0.153583372896
        0.185157958735          0.148096719738          0.152875870124          0.151653310508          0.152876638983          0.153061379067          0.153398729116          0.153475414586          0.153549406357          0.153565255016          0.153578649063          0.153580824091          0.153582862110          0.153582989358          0.153583244559          0.153583206032          0.153583227969          0.153583208215          0.153583206635          0.153583199643          0.153583197379          0.153583194672          0.153583193250          0.153583191994          0.153583191174          0.153583190531          0.153583190086          0.153583189764          0.153583189554          0.153583189431          0.153583189388          0.153583189420          0.153583189531          0.153583189729          0.153583190031          0.153583190460          0.153583191056          0.153583191848          0.153583192926          0.153583194290          0.153583196194          0.153583198389          0.153583201923          0.153583205276          0.153583213696          0.153583219346          0.153583248891          0.153583259021          0.153583372896          0.153583316332
        0.185157958726          0.148096719733          0.152875870121          0.151653310505          0.152876638981          0.153061379066          0.153398729115          0.153475414585          0.153549406356          0.153565255015          0.153578649063          0.153580824091          0.153582862111          0.153582989359          0.153583244560          0.153583206033          0.153583227971          0.153583208217          0.153583206639          0.153583199648          0.153583197386          0.153583194681          0.153583193262          0.153583192010          0.153583191197          0.153583190563          0.153583190128          0.153583189821          0.153583189632          0.153583189536          0.153583189531          0.153583189612          0.153583189789          0.153583190076          0.153583190493          0.153583191080          0.153583191866          0.153583192939          0.153583194299          0.153583196201          0.153583198394          0.153583201927          0.153583205279          0.153583213698          0.153583219348          0.153583248892          0.153583259022          0.153583372896          0.153583316332          0.153583561840
        0.185157958720          0.148096719729          0.152875870118          0.151653310503          0.152876638979          0.153061379065          0.153398729114          0.153475414584          0.153549406356          0.153565255015          0.153578649063          0.153580824091          0.153582862111          0.153582989360          0.153583244561          0.153583206035          0.153583227973          0.153583208221          0.153583206644          0.153583199654          0.153583197395          0.153583194693          0.153583193279          0.153583192033          0.153583191229          0.153583190605          0.153583190186          0.153583189900          0.153583189737          0.153583189679          0.153583189723          0.153583189871          0.153583190136          0.153583190538          0.153583191113          0.153583191890          0.153583192957          0.153583194312          0.153583196210          0.153583198401          0.153583201932          0.153583205282          0.153583213701          0.153583219349          0.153583248894          0.153583259023          0.153583372897          0.153583316332          0.153583561840          0.153582241576
        0.185157958715          0.148096719727          0.152875870116          0.151653310502          0.152876638978          0.153061379064          0.153398729114          0.153475414584          0.153549406356          0.153565255016          0.153578649063          0.153580824092          0.153582862112          0.153582989361          0.153583244563          0.153583206037          0.153583227977          0.153583208225          0.153583206650          0.153583199663          0.153583197407          0.153583194710          0.153583193302          0.153583192065          0.153583191271          0.153583190663          0.153583190264          0.153583190005          0.153583189880          0.153583189871          0.153583189981          0.153583190218          0.153583190598          0.153583191157          0.153583191923          0.153583192982          0.153583194330          0.153583196223          0.153583198411          0.153583201939          0.153583205288          0.153583213705          0.153583219352          0.153583248896          0.153583259024          0.153583372898          0.153583316333          0.153583561840          0.153582241576          0.153580603072
        0.185157958712          0.148096719725          0.152875870114          0.151653310501          0.152876638978          0.153061379063          0.153398729114          0.153475414584          0.153549406356          0.153565255016          0.153578649064          0.153580824093          0.153582862113          0.153582989363          0.153583244565          0.153583206041          0.153583227981          0.153583208232          0.153583206659          0.153583199676          0.153583197424          0.153583194733          0.153583193333          0.153583192107          0.153583191329          0.153583190741          0.153583190370          0.153583190148          0.153583190073          0.153583190130          0.153583190328          0.153583190680          0.153583191218          0.153583191968          0.153583193014          0.153583194355          0.153583196241          0.153583198424          0.153583201948          0.153583205295          0.153583213710          0.153583219356          0.153583248898          0.153583259026          0.153583372899          0.153583316334          0.153583561841          0.153582241576          0.153580603072          0.153566188195
        0.185157958709          0.148096719723          0.152875870113          0.151653310500          0.152876638977          0.153061379063          0.153398729114          0.153475414584          0.153549406356          0.153565255016          0.153578649065          0.153580824094          0.153582862115          0.153582989366          0.153583244569          0.153583206046          0.153583227988          0.153583208241          0.153583206672          0.153583199693          0.153583197447          0.153583194764          0.153583193376          0.153583192165          0.153583191407          0.153583190847          0.153583190512          0.153583190340          0.153583190331          0.153583190477          0.153583190790          0.153583191300          0.153583192028          0.153583193059          0.153583194387          0.153583196265          0.153583198442          0.153583201961          0.153583205304          0.153583213717          0.153583219361          0.153583248902          0.153583259029          0.153583372901          0.153583316335          0.153583561842          0.153582241577          0.153580603073          0.153566188195          0.153539290470
        0.185157958708          0.148096719722          0.152875870113          0.151653310500          0.152876638977          0.153061379063          0.153398729114          0.153475414585          0.153549406357          0.153565255017          0.153578649066          0.153580824096          0.153582862118          0.153582989369          0.153583244574          0.153583206052          0.153583227997          0.153583208254          0.153583206689          0.153583199716          0.153583197478          0.153583194807          0.153583193434          0.153583192243          0.153583191513          0.153583190990          0.153583190705          0.153583190599          0.153583190678          0.153583190939          0.153583191410          0.153583192110          0.153583193120          0.153583194432          0.153583196298          0.153583198466          0.153583201979          0.153583205317          0.153583213727          0.153583219368          0.153583248907          0.153583259032          0.153583372904          0.153583316337          0.153583561843          0.153582241578          0.153580603073          0.153566188196          0.153539290470          0.153423466157
        0.185157958706          0.148096719722          0.152875870112          0.151653310499          0.152876638977          0.153061379063          0.153398729114          0.153475414585          0.153549406358          0.153565255019          0.153578649068          0.153580824098          0.153582862121          0.153582989374          0.153583244580          0.153583206062          0.153583228010          0.153583208271          0.153583206712          0.153583199747          0.153583197521          0.153583194865          0.153583193512          0.153583192349          0.153583191656          0.153583191182          0.153583190963          0.153583190946          0.153583191140          0.153583191559          0.153583192220          0.153583193201          0.153583194493          0.153583196343          0.153583198499          0.153583202004          0.153583205335          0.153583213740          0.153583219378          0.153583248914          0.153583259038          0.153583372908          0.153583316340          0.153583561845          0.153582241579          0.153580603074          0.153566188196          0.153539290471          0.153423466157          0.153203484370
        0.185157958706          0.148096719721          0.152875870112          0.151653310499          0.152876638977          0.153061379064          0.153398729115          0.153475414586          0.153549406359          0.153565255021          0.153578649071          0.153580824102          0.153582862126          0.153582989381          0.153583244589          0.153583206074          0.153583228027          0.153583208294          0.153583206743          0.153583199790          0.153583197579          0.153583194943          0.153583193618          0.153583192492          0.153583191848          0.153583191440          0.153583191310          0.153583191408          0.153583191760          0.153583192369          0.153583193312          0.153583194574          0.153583196403          0.153583198543          0.153583202036          0.153583205359          0.153583213758          0.153583219391          0.153583248924          0.153583259045          0.153583372913          0.153583316344          0.153583561848          0.153582241581          0.153580603076          0.153566188197          0.153539290471          0.153423466158          0.153203484371          0.152461297542
        0.185157958705          0.148096719721          0.152875870112          0.151653310500          0.152876638978          0.153061379064          0.153398729116          0.153475414588          0.153549406361          0.153565255023          0.153578649074          0.153580824107          0.153582862133          0.153582989390          0.153583244602          0.153583206091          0.153583228050          0.153583208325          0.153583206786          0.153583199847          0.153583197657          0.153583195049          0.153583193760          0.153583192684          0.153583192106          0.153583191787          0.153583191772          0.153583192028          0.153583192570          0.153583193461          0.153583194685          0.153583196485          0.153583198604          0.153583202081          0.153583205392          0.153583213782          0.153583219409          0.153583248937          0.153583259054          0.153583372920          0.153583316349          0.153583561852          0.153582241584          0.153580603078          0.153566188199          0.153539290472          0.153423466158          0.153203484371          0.152461297542          0.151207042052
        0.185157958705          0.148096719721          0.152875870112          0.151653310500          0.152876638978          0.153061379065          0.153398729117          0.153475414589          0.153549406364          0.153565255027          0.153578649079          0.153580824113          0.153582862142          0.153582989402          0.153583244619          0.153583206114          0.153583228081          0.153583208368          0.153583206844          0.153583199926          0.153583197763          0.153583195191          0.153583193953          0.153583192942          0.153583192454          0.153583192249          0.153583192392          0.153583192838          0.153583193662          0.153583194834          0.153583196596          0.153583198686          0.153583202142          0.153583205437          0.153583213815          0.153583219433          0.153583248955          0.153583259067          0.153583372929          0.153583316356          0.153583561857          0.153582241588          0.153580603080          0.153566188201          0.153539290474          0.153423466159          0.153203484372          0.152461297543          0.151207042052          0.147522130432
        0.185157958705          0.148096719721          0.152875870113          0.151653310501          0.152876638979          0.153061379067          0.153398729119          0.153475414592          0.153549406367          0.153565255032          0.153578649086          0.153580824123          0.153582862154          0.153582989419          0.153583244642          0.153583206145          0.153583228124          0.153583208425          0.153583206922          0.153583200031          0.153583197905          0.153583195384          0.153583194211          0.153583193290          0.153583192916          0.153583192869          0.153583193202          0.153583193929          0.153583195035          0.153583196744          0.153583198796          0.153583202223          0.153583205498          0.153583213859          0.153583219466          0.153583248979          0.153583259085          0.153583372942          0.153583316365          0.153583561864          0.153582241593          0.153580603084          0.153566188204          0.153539290476          0.153423466161          0.153203484373          0.152461297543          0.151207042053          0.147522130432          0.142359390206
        0.185157958705          0.148096719721          0.152875870113          0.151653310501          0.152876638980          0.153061379068          0.153398729122          0.153475414596          0.153549406372          0.153565255038          0.153578649095          0.153580824135          0.153582862171          0.153582989442          0.153583244673          0.153583206188          0.153583228181          0.153583208504          0.153583207028          0.153583200174          0.153583198098          0.153583195642          0.153583194558          0.153583193752          0.153583193535          0.153583193680          0.153583194294          0.153583195302          0.153583196945          0.153583198945          0.153583202334          0.153583205579          0.153583213920          0.153583219511          0.153583249012          0.153583259109          0.153583372960          0.153583316379          0.153583561874          0.153582241600          0.153580603089          0.153566188207          0.153539290478          0.153423466163          0.153203484374          0.152461297544          0.151207042054          0.147522130432          0.142359390206 
        0.185157958705          0.148096719722          0.152875870114          0.151653310503          0.152876638982          0.153061379071          0.153398729125          0.153475414600          0.153549406379          0.153565255047          0.153578649107          0.153580824152          0.153582862194          0.153582989474          0.153583244716          0.153583206246          0.153583228260          0.153583208609          0.153583207170          0.153583200366          0.153583198356          0.153583195989          0.153583195020          0.153583194371          0.153583194346          0.153583194771          0.153583195667          0.153583197213          0.153583199146          0.153583202483          0.153583205690          0.153583214002          0.153583219571          0.153583249057          0.153583259142          0.153583372985          0.153583316396          0.153583561887          0.153582241610          0.153580603096          0.153566188212          0.153539290482          0.153423466165          0.153203484376          0.152461297546          0.151207042054          0.147522130433          0.142359390206  
        0.185157958706          0.148096719723          0.152875870115          0.151653310505          0.152876638985          0.153061379075          0.153398729130          0.153475414607          0.153549406388          0.153565255060          0.153578649124          0.153580824175          0.153582862226          0.153582989516          0.153583244774          0.153583206324          0.153583228365          0.153583208752          0.153583207363          0.153583200625          0.153583198703          0.153583196451          0.153583195640          0.153583195182          0.153583195437          0.153583196144          0.153583197578          0.153583199414          0.153583202684          0.153583205838          0.153583214112          0.153583219653          0.153583249117          0.153583259187          0.153583373018          0.153583316421          0.153583561905          0.153582241623          0.153580603106          0.153566188220          0.153539290487          0.153423466169          0.153203484379          0.152461297548          0.151207042056          0.147522130434          0.142359390207   
        0.185157958707          0.148096719724          0.152875870117          0.151653310507          0.152876638988          0.153061379079          0.153398729137          0.153475414616          0.153549406400          0.153565255077          0.153578649147          0.153580824206          0.153582862268          0.153582989574          0.153583244852          0.153583206430          0.153583228508          0.153583208944          0.153583207621          0.153583200972          0.153583199165          0.153583197071          0.153583196450          0.153583196273          0.153583196810          0.153583198055          0.153583199778          0.153583202951          0.153583206039          0.153583214261          0.153583219763          0.153583249199          0.153583259248          0.153583373062          0.153583316454          0.153583561929          0.153582241641          0.153580603119          0.153566188229          0.153539290494          0.153423466174          0.153203484383          0.152461297551          0.151207042058          0.147522130435          0.142359390208    
        0.185157958709          0.148096719726          0.152875870120          0.151653310511          0.152876638993          0.153061379086          0.153398729146          0.153475414629          0.153549406417          0.153565255100          0.153578649179          0.153580824249          0.153582862326          0.153582989652          0.153583244958          0.153583206572          0.153583228700          0.153583209203          0.153583207968          0.153583201434          0.153583199785          0.153583197881          0.153583197542          0.153583197646          0.153583198721          0.153583200255          0.153583203316          0.153583206307          0.153583214462          0.153583219912          0.153583249310          0.153583259329          0.153583373123          0.153583316498          0.153583561962          0.153582241665          0.153580603137          0.153566188242          0.153539290504          0.153423466181          0.153203484388          0.152461297554          0.151207042061          0.147522130437          0.142359390209     
        0.185157958711          0.148096719729          0.152875870123          0.151653310516          0.152876639000          0.153061379095          0.153398729158          0.153475414646          0.153549406440          0.153565255131          0.153578649221          0.153580824307          0.153582862404          0.153582989758          0.153583245100          0.153583206765          0.153583228959          0.153583209550          0.153583208430          0.153583202054          0.153583200595          0.153583198973          0.153583198915          0.153583199557          0.153583200921          0.153583203793          0.153583206672          0.153583214730          0.153583220113          0.153583249458          0.153583259440          0.153583373204          0.153583316559          0.153583562007          0.153582241698          0.153580603161          0.153566188260          0.153539290517          0.153423466191          0.153203484395          0.152461297559          0.151207042064          0.147522130440          0.142359390211      
        0.185157958714          0.148096719732          0.152875870128          0.151653310522          0.152876639009          0.153061379108          0.153398729175          0.153475414669          0.153549406472          0.153565255174          0.153578649279          0.153580824385          0.153582862510          0.153582989901          0.153583245293          0.153583207023          0.153583229306          0.153583210012          0.153583209050          0.153583202864          0.153583201687          0.153583200346          0.153583200825          0.153583201758          0.153583204459          0.153583207149          0.153583215094          0.153583220381          0.153583249659          0.153583259588          0.153583373315          0.153583316641          0.153583562067          0.153582241743          0.153580603194          0.153566188284          0.153539290535          0.153423466204          0.153203484404          0.152461297566          0.151207042069          0.147522130444          0.142359390213       
        0.185157958719          0.148096719737          0.152875870135          0.151653310531          0.152876639021          0.153061379124          0.153398729198          0.153475414700          0.153549406514          0.153565255232          0.153578649357          0.153580824491          0.153582862653          0.153582990093          0.153583245551          0.153583207370          0.153583229768          0.153583210632          0.153583209860          0.153583203956          0.153583203060          0.153583202257          0.153583203026          0.153583205295          0.153583207815          0.153583215571          0.153583220745          0.153583249927          0.153583259790          0.153583373464          0.153583316751          0.153583562149          0.153582241803          0.153580603239          0.153566188317          0.153539290559          0.153423466222          0.153203484417          0.152461297576          0.151207042076          0.147522130448          0.142359390217        
        0.185157958724          0.148096719743          0.152875870144          0.151653310543          0.152876639038          0.153061379147          0.153398729229          0.153475414743          0.153549406572          0.153565255310          0.153578649463          0.153580824633          0.153582862845          0.153582990351          0.153583245898          0.153583207832          0.153583230388          0.153583211442          0.153583210952          0.153583205329          0.153583204971          0.153583204457          0.153583206564          0.153583208651          0.153583216237          0.153583221222          0.153583250292          0.153583260057          0.153583373665          0.153583316900          0.153583562259          0.153582241885          0.153580603299          0.153566188362          0.153539290592          0.153423466246          0.153203484435          0.152461297589          0.151207042086          0.147522130455          0.142359390222         
        0.185157958732          0.148096719752          0.152875870156          0.151653310560          0.152876639061          0.153061379179          0.153398729272          0.153475414800          0.153549406650          0.153565255415          0.153578649606          0.153580824826          0.153582863103          0.153582990698          0.153583246360          0.153583208452          0.153583231198          0.153583212534          0.153583212325          0.153583207239          0.153583207171          0.153583207995          0.153583209920          0.153583217074          0.153583221889          0.153583250769          0.153583260422          0.153583373933          0.153583317101          0.153583562408          0.153582241995          0.153580603381          0.153566188422          0.153539290637          0.153423466279          0.153203484459          0.152461297607          0.151207042099          0.147522130464          0.142359390228          
        0.185157958743          0.148096719764          0.152875870173          0.151653310583          0.152876639092          0.153061379221          0.153398729330          0.153475414878          0.153549406756          0.153565255558          0.153578649798          0.153580825084          0.153582863451          0.153582991161          0.153583246980          0.153583209262          0.153583232290          0.153583213907          0.153583214235          0.153583209440          0.153583210709          0.153583211351          0.153583218342          0.153583222725          0.153583251435          0.153583260899          0.153583374297          0.153583317369          0.153583562609          0.153582242144          0.153580603492          0.153566188504          0.153539290697          0.153423466324          0.153203484492          0.152461297631          0.151207042116          0.147522130477          0.142359390237           
        0.185157958758          0.148096719780          0.152875870196          0.151653310614          0.152876639135          0.153061379279          0.153398729408          0.153475414984          0.153549406899          0.153565255751          0.153578650056          0.153580825431          0.153582863913          0.153582991780          0.153583247790          0.153583210354          0.153583233663          0.153583215817          0.153583216436          0.153583212978          0.153583214065          0.153583219773          0.153583223993          0.153583252271          0.153583261565          0.153583374774          0.153583317733          0.153583562877          0.153582242345          0.153580603640          0.153566188615          0.153539290779          0.153423466384          0.153203484537          0.152461297663          0.151207042140          0.147522130494          0.142359390249            
        0.185157958779          0.148096719802          0.152875870227          0.151653310656          0.152876639192          0.153061379357          0.153398729513          0.153475415127          0.153549407091          0.153565256009          0.153578650404          0.153580825893          0.153582864533          0.153582992591          0.153583248882          0.153583211727          0.153583235573          0.153583218018          0.153583219974          0.153583216333          0.153583222487          0.153583225424          0.153583253539          0.153583262401          0.153583375440          0.153583318210          0.153583563241          0.153582242613          0.153580603841          0.153566188763          0.153539290890          0.153423466466          0.153203484597          0.152461297708          0.151207042173          0.147522130518          0.142359390266             
        0.185157958807          0.148096719833          0.152875870270          0.151653310713          0.152876639270          0.153061379462          0.153398729656          0.153475415319          0.153549407349          0.153565256356          0.153578650866          0.153580826513          0.153582865343          0.153582993682          0.153583250255          0.153583213638          0.153583237774          0.153583221556          0.153583223330          0.153583224756          0.153583228138          0.153583254971          0.153583263670          0.153583376276          0.153583318876          0.153583563719          0.153582242977          0.153580604109          0.153566188964          0.153539291038          0.153423466576          0.153203484679          0.152461297768          0.151207042217          0.147522130549          0.142359390288              
        0.185157958844          0.148096719874          0.152875870327          0.151653310790          0.152876639375          0.153061379604          0.153398729848          0.153475415577          0.153549407696          0.153565256818          0.153578651485          0.153580827323          0.153582866434          0.153582995055          0.153583252165          0.153583215838          0.153583241312          0.153583224911          0.153583231752          0.153583230407          0.153583257685          0.153583265101          0.153583377545          0.153583319712          0.153583564385          0.153582243455          0.153580604474          0.153566189232          0.153539291239          0.153423466725          0.153203484789          0.152461297849          0.151207042276          0.147522130592          0.142359390319               
        0.185157958896          0.148096719929          0.152875870405          0.151653310895          0.152876639517          0.153061379796          0.153398730106          0.153475415924          0.153549408158          0.153565257438          0.153578652296          0.153580828415          0.153582867807          0.153582996966          0.153583254366          0.153583219376          0.153583244667          0.153583233334          0.153583237403          0.153583259953          0.153583267815          0.153583378976          0.153583320981          0.153583565221          0.153582244121          0.153580604951          0.153566189597          0.153539291507          0.153423466926          0.153203484937          0.152461297959          0.151207042357          0.147522130650          0.142359390360                
        0.185157958965          0.148096720005          0.152875870510          0.151653311036          0.152876639709          0.153061380053          0.153398730453          0.153475416386          0.153549408778          0.153565258248          0.153578653387          0.153580829788          0.153582869718          0.153582999166          0.153583257904          0.153583222732          0.153583253090          0.153583238985          0.153583266949          0.153583270084          0.153583381690          0.153583322412          0.153583566489          0.153582244957          0.153580605617          0.153566190074          0.153539291871          0.153423467193          0.153203485138          0.152461298106          0.151207042465          0.147522130729          0.142359390416                 
        0.185157959060          0.148096720107          0.152875870652          0.151653311226          0.152876639966          0.153061380399          0.153398730914          0.153475417005          0.153549409588          0.153565259339          0.153578654760          0.153580831699          0.153582871919          0.153583002704          0.153583261260          0.153583231154          0.153583258741          0.153583268531          0.153583277080          0.153583383959          0.153583325126          0.153583567921          0.153582246225          0.153580606453          0.153566190740          0.153539292348          0.153423467557          0.153203485405          0.152461298306          0.151207042612          0.147522130835          0.142359390492                  
        0.185157959187          0.148096720245          0.152875870844          0.151653311481          0.152876640312          0.153061380860          0.153398731533          0.153475417815          0.153549410679          0.153565260712          0.153578656671          0.153580833899          0.153582875456          0.153583006060          0.153583269682          0.153583236805          0.153583288287          0.153583278662          0.153583390955          0.153583327395          0.153583570634          0.153582247656          0.153580607722          0.153566191576          0.153539293014          0.153423468034          0.153203485769          0.152461298572          0.151207042810          0.147522130978          0.142359390595                   
        0.185157959359          0.148096720430          0.152875871101          0.151653311823          0.152876640772          0.153061381478          0.153398732343          0.153475418906          0.153549412052          0.153565262623          0.153578658871          0.153580837437          0.153582878812          0.153583014482          0.153583275333          0.153583266352          0.153583298418          0.153583392537          0.153583334391          0.153583572903          0.153582250370          0.153580609153          0.153566192844          0.153539293850          0.153423468699          0.153203486245          0.152461298934          0.151207043073          0.147522131171          0.142359390732                    
        0.185157959591          0.148096720679          0.152875871447          0.151653312280          0.152876641389          0.153061382285          0.153398733433          0.153475420278          0.153549413962          0.153565264823          0.153578662409          0.153580840793          0.153582887235          0.153583020134          0.153583304879          0.153583276482          0.153583412293          0.153583335973          0.153583579899          0.153582252639          0.153580611867          0.153566194275          0.153539295118          0.153423469535          0.153203486909          0.152461299407          0.151207043432          0.147522131428          0.142359390919                     
        0.185157959903          0.148096721014          0.152875871907          0.151653312892          0.152876642195          0.153061383373          0.153398734804          0.153475422187          0.153549416162          0.153565268360          0.153578665765          0.153580849215          0.153582892886          0.153583049680          0.153583315010          0.153583390357          0.153583355729          0.153583581481          0.153582259635          0.153580614135          0.153566196989          0.153539296549          0.153423470802          0.153203487743          0.152461300068          0.151207043902          0.147522131778          0.142359391167                      
        0.185157960321          0.148096721459          0.152875872524          0.151653313692          0.152876643282          0.153061384741          0.153398736713          0.153475424386          0.153549419699          0.153565271716          0.153578674187          0.153580854866          0.153582922432          0.153583059810          0.153583428885          0.153583333793          0.153583601237          0.153582261217          0.153580621131          0.153566199257          0.153539299262          0.153423472231          0.153203489008          0.152461300898          0.151207044558          0.147522132236          0.142359391505                       
        0.185157960878          0.148096722057          0.152875873330          0.151653314770          0.152876644648          0.153061386645          0.153398738911          0.153475427921          0.153549423054          0.153565280137          0.153578679838          0.153580884412          0.153582932562          0.153583173685          0.153583372321          0.153583579302          0.153582280973          0.153580622713          0.153566206253          0.153539301530          0.153423474942          0.153203490436          0.152461302158          0.151207045381          0.147522132876          0.142359391947                        
        0.185157961626          0.148096722838          0.152875874417          0.151653316125          0.152876646550          0.153061388839          0.153398742444          0.153475431275          0.153549431475          0.153565285788          0.153578709383          0.153580894542          0.153583046437          0.153583117121          0.153583617829          0.153582259037          0.153580642469          0.153566207834          0.153539308524          0.153423477209          0.153203493143          0.152461303578          0.151207046630          0.147522133679          0.142359392564                         
        0.185157962602          0.148096723891          0.152875875783          0.151653318012          0.152876648741          0.153061392364          0.153398745796          0.153475439691          0.153549437125          0.153565315330          0.153578719513          0.153581008415          0.153582989873          0.153583362629          0.153582297565          0.153580620534          0.153566227588          0.153539310106          0.153423484198          0.153203495406          0.152461306273          0.151207048039          0.147522134898          0.142359393340                          
        0.185157963918          0.148096725215          0.152875877685          0.151653320185          0.152876652262          0.153061395709          0.153398754208          0.153475445339          0.153549466665          0.153565325460          0.153578833385          0.153580951852          0.153583235381          0.153582042367          0.153580659061          0.153566205655          0.153539329856          0.153423485778          0.153203502385          0.152461308525          0.151207050711          0.147522136273          0.142359394515                           
        0.185157965574          0.148096727057          0.152875879876          0.151653323678          0.152876655603          0.153061404103          0.153398759853          0.153475474864          0.153549476793          0.153565439321          0.153578776823          0.153581197357          0.153581915120          0.153580403865          0.153566244178          0.153539307927          0.153423505513          0.153203503963          0.152461315470          0.151207052944          0.147522138879          0.142359395842                            
        0.185157967877          0.148096729179          0.152875883397          0.151653326992          0.152876663986          0.153061409735          0.153398789363          0.153475484987          0.153549590643          0.153565382764          0.153579022324          0.153579877113          0.153580276620          0.153565989007          0.153539346444          0.153423483601          0.153203523670          0.152461317040          0.151207059832          0.147522141059          0.142359398358                             
        0.185157970530          0.148096732591          0.152875886737          0.151653335309          0.152876669611          0.153061439180          0.153398799482          0.153475598782          0.153549534091          0.153565628244          0.153577702099          0.153578238635          0.153565861773          0.153539091317          0.153423522088          0.153203501789          0.152461336652          0.151207061390          0.147522147779          0.142359400460                              
        0.185157974795          0.148096735827          0.152875895121          0.151653340889          0.152876699022          0.153061449276          0.153398913220          0.153475542258          0.153549779546          0.153564308134          0.153576063643          0.153563823980          0.153538964105          0.153423267154          0.153203540222          0.152461314876          0.151207080840          0.147522149298          0.142359406945                               
        0.185157978841          0.148096743948          0.152875900746          0.151653370064          0.152876709105          0.153061562764          0.153398856724          0.153475787594          0.153548459572          0.153562669822          0.153561649193          0.153536926669          0.153423140039          0.153203285653          0.152461353123          0.151207059244          0.147522168274          0.142359408411                                
        0.185157988995          0.148096749397          0.152875930156          0.151653380067          0.152876822457          0.153061506393          0.153399101937          0.153474468257          0.153546821429          0.153548256628          0.153534752262          0.153421104139          0.153203158720          0.152461099787          0.151207097176          0.147522147204          0.142359426724                                 
        0.185157995808          0.148096777888          0.152875940240          0.151653492511          0.152876766153          0.153061751067          0.153397783259          0.153472830903          0.153532409723          0.153521362043          0.153418931373          0.153201125739          0.152460973469          0.151206845924          0.147522184212          0.142359406391                                  
        0.185158031428          0.148096787657          0.152876053591          0.151653436658          0.152877010532          0.153060435289          0.153396146723          0.153458426141          0.153505517914          0.153405551255          0.153198956088          0.152458950337          0.151206720645          0.147521939083          0.142359442103                                   
        0.185158043641          0.148096897464          0.152875997287          0.151653679081          0.152875696342          0.153058802352          0.153381749159          0.153431547291          0.153389719078          0.153185595155          0.152456791197          0.151204714157          0.147521816857          0.142359205554                                    
        0.185158180928          0.148096842921          0.152876241665          0.151652375407          0.152874065376          0.153044436450          0.153354883739          0.153315804255          0.153169785678          0.152443494990          0.151202572780          0.147519859267          0.142359087605                                     
        0.185158112735          0.148097079659          0.152874927481          0.151650757492          0.152859716813          0.153017630112          0.153239198536          0.153095976837          0.152427762102          0.151189385957          0.147517770075          0.142357198523                                      
        0.185158408717          0.148095806558          0.152873296524          0.151636523748          0.152832942830          0.152902199320          0.153019480956          0.152354310824          0.151173782498          0.147504904615          0.142355182446                                       
        0.185156817023          0.148094226587          0.152858948034          0.151609964011          0.152717651359          0.152682964937          0.152278185523          0.151100935483          0.147489681412          0.142342767230                                        
        0.185154841664          0.148080326654          0.152832174184          0.151495595110          0.152498681584          0.151943299740          0.151025436444          0.147418609677          0.142328076784                                         
        0.185137463270          0.148054389800          0.152716883294          0.151278377546          0.151759909139          0.150693305670          0.147344950547          0.142259492302                                          
        0.185105035711          0.147942703091          0.152497914620          0.150545516804          0.150511423771          0.147020913791          0.142188410975                                           
        0.184965399377          0.147730579738          0.151759145890          0.149307021894          0.146843464350          0.141875714332                                            
        0.184700192105          0.147014906130          0.150510666801          0.145668413715          0.141704474978                                             
        0.183805421008          0.145805456544          0.146842725827          0.140570546859                                              
        0.182293306379          0.142252181420          0.141703762301                                               
        0.177850823318          0.137273870321                                                
        0.171626688694                                                 
