        0.138314443801          0.104916600416          0.107754918834          0.110291386411          0.111645611102          0.112402985256          0.111872414631          0.111054921819          0.110202729822          0.109766498035          0.109826388632          0.110287230526          0.110886318432          0.111341885674          0.111467055971          0.111241122134          0.110801833533          0.110369864811          0.110143287811          0.110210444323          0.110518389679          0.110907011537          0.111189448114          0.111239820226          0.111047945057          0.110717658555          0.110412378789          0.110275691039          0.110364939301          0.110628059434          0.110932619886          0.111131504852          0.111133164692          0.110943238795          0.110658805001          0.110419394079          0.110339204624          0.110453151243          0.110701991996          0.110962720621          0.111108857359          0.111071351515          0.110870967539          0.110607050313          0.110408630185          0.110371776793          0.110513412393          0.110763623672          0.110999926825          0.111106827118
        0.174849827224          0.130182980919          0.137093701128          0.137631403458          0.138618446405          0.138829038570          0.138234820060          0.137622141080          0.137111778857          0.136984425683          0.137189160009          0.137595180461          0.137989291933          0.138199588974          0.138153459534          0.137899839767          0.137574812147          0.137333576808          0.137279791456          0.137423289173          0.137682819782          0.137929495564          0.138048947130          0.137993028182          0.137798175983          0.137563814267          0.137402751075          0.137387802726          0.137519513574          0.137729035513          0.137913392771          0.137985429677          0.137914521231          0.137739228738          0.137546818738          0.137430288621          0.137443840656          0.137577932992          0.137765280771          0.137914290254          0.137953478139          0.137865503282          0.137694719640          0.137525008941          0.137438876451          0.137477617740          0.137621657476          0.137800357447          0.137926422993          0.137938264273
        0.173236970142          0.130255953531          0.136772746393          0.136451363162          0.137233809816          0.137283909425          0.136874210451          0.136504201244          0.136238791468          0.136236803711          0.136420921631          0.136687167008          0.136898400271          0.136967862592          0.136881188732          0.136695958567          0.136507735331          0.136403934379          0.136425380774          0.136551868402          0.136716276520          0.136838820625          0.136864676592          0.136787720728          0.136650413897          0.136521225816          0.136461187497          0.136495595471          0.136603776398          0.136730881246          0.136815266675          0.136818007514          0.136740587931          0.136622841348          0.136522743174          0.136488162028          0.136534195719          0.136636726952          0.136744887456          0.136806076623          0.136791336219          0.136708937201          0.136599855552          0.136517555201          0.136501973026          0.136560275341          0.136663597370          0.136761234826          0.136805357877          0.136774281516
        0.175539506454          0.131346725422          0.137555922635          0.136910159080          0.137606652966          0.137770866423          0.137553817891          0.137378998391          0.137222439761          0.137215349548          0.137296325591          0.137418190284          0.137511062405          0.137537858222          0.137496126690          0.137415607488          0.137339605650          0.137303843972          0.137321083736          0.137377797245          0.137443171855          0.137485111259          0.137485351668          0.137446904115          0.137391044741          0.137345974228          0.137332944880          0.137356514110          0.137403300332          0.137449366272          0.137472262092          0.137461773649          0.137424333528          0.137379264204          0.137348950360          0.137347855204          0.137375712041          0.137418065442          0.137453696818          0.137465153075          0.137447204981          0.137409186594          0.137370194414          0.137349579673          0.137357420264          0.137389632604          0.137430081610          0.137458606332          0.137460990027          0.137435984588
        0.176240587250          0.131372399579          0.137438109648          0.136639016913          0.137462990254          0.137805887994          0.137780730586          0.137713997516          0.137554515692          0.137448435290          0.137388847727          0.137394645508          0.137444748239          0.137514353080          0.137574317445          0.137603562629          0.137594740143          0.137555758769          0.137505489846          0.137465625818          0.137451929246          0.137468224674          0.137505493688          0.137546337568          0.137572805550          0.137574133636          0.137551065981          0.137515024755          0.137482674831          0.137468378908          0.137477895062          0.137506073774          0.137539498511          0.137562776994          0.137565559561          0.137547105617          0.137516398373          0.137487851521          0.137474616755          0.137482566705          0.137507696448          0.137538100672          0.137559567473          0.137562172929          0.137544835641          0.137515759729          0.137488589839          0.137476055820          0.137484047018          0.137508860887
        0.176181433727          0.131187076068          0.137144685766          0.136468685038          0.137460178654          0.137980312070          0.138049325573          0.137975027080          0.137720068436          0.137483348921          0.137318315641          0.137287838359          0.137380479782          0.137545526790          0.137706441460          0.137795796609          0.137781585188          0.137678475994          0.137538579446          0.137426640922          0.137391019527          0.137443204054          0.137554570681          0.137671175048          0.137739300335          0.137729855933          0.137650628536          0.137541259163          0.137453827317          0.137428376008          0.137474753622          0.137568956729          0.137665281079          0.137718252818          0.137703916979          0.137630584041          0.137534244601          0.137461088699          0.137445535692          0.137494147525          0.137582904445          0.137668961185          0.137711180868          0.137689670538          0.137615097076          0.137523446116          0.137458775231          0.137452172376          0.137506907642          0.137596829607
        0.175863960384          0.130869058360          0.136934412584          0.136428788804          0.137589443329          0.138200614683          0.138259353046          0.138090246025          0.137707085317          0.137368173839          0.137169294563          0.137181961226          0.137368731376          0.137632281074          0.137850944741          0.137933700565          0.137855762036          0.137664737307          0.137454910319          0.137322593067          0.137323114928          0.137448311736          0.137633600479          0.137790178644          0.137846789716          0.137781693465          0.137630603196          0.137467841062          0.137370350956          0.137381759208          0.137493096749          0.137648616622          0.137773308774          0.137808723888          0.137740147820          0.137602567838          0.137463068585          0.137388404614          0.137413300406          0.137524420915          0.137667361900          0.137773070275          0.137790971291          0.137713013063          0.137577256337          0.137449420177          0.137391276337          0.137431000833          0.137549616614          0.137690003339
        0.175419049147          0.130670445142          0.136890856926          0.136554293532          0.137801748560          0.138398966763          0.138361715566          0.138065178730          0.137582544098          0.137212688132          0.137058785084          0.137165537888          0.137449136116          0.137768057523          0.137978207226          0.137996633957          0.137831676734          0.137572595620          0.137344291397          0.137249138688          0.137322378178          0.137520102214          0.137743594884          0.137887376812          0.137888130973          0.137752096224          0.137549179035          0.137377788229          0.137317765122          0.137393651865          0.137565003710          0.137747423319          0.137853639992          0.137834876390          0.137703043791          0.137523724074          0.137383867045          0.137349975114          0.137436730065          0.137600742823          0.137762040547          0.137842765210          0.137804503576          0.137666453002          0.137495870364          0.137375520645          0.137363791157          0.137466566305          0.137634306252          0.137785763508
        0.175149620635          0.130630883730          0.137019383332          0.136763521834          0.137999133147          0.138498049209          0.138334081288          0.137938344281          0.137425942953          0.137101899210          0.137042423935          0.137245678369          0.137583920529          0.137893573844          0.138038958974          0.137970424994          0.137737906920          0.137461025420          0.137270409977          0.137248102684          0.137393564471          0.137628929187          0.137839087906          0.137926753911          0.137856699443          0.137669280594          0.137458267845          0.137324706523          0.137329182983          0.137464765639          0.137662526045          0.137826049415          0.137877937590          0.137796104428          0.137622959309          0.137443738105          0.137344914833          0.137372823511          0.137512125593          0.137694037112          0.137830005339          0.137854500720          0.137756389865          0.137583946903          0.137421262199          0.137347512953          0.137398702113          0.137550216102          0.137728577963          0.137846828035
        0.175101220219          0.130751248430          0.137236240099          0.136958119824          0.138100104808          0.138469884183          0.138207582656          0.137782085239          0.137316202892          0.137086971840          0.137124096391          0.137381774173          0.137710382149          0.137954943295          0.138013221432          0.137877223529          0.137627191782          0.137388327311          0.137270760983          0.137320663678          0.137503562908          0.137725314020          0.137879139427          0.137895941473          0.137774630726          0.137579361234          0.137406417045          0.137337470103          0.137401580939          0.137563372774          0.137742003774          0.137851046031          0.137839863899          0.137716867086          0.137544044709          0.137406045450          0.137369081349          0.137449439055          0.137606437234          0.137762814521          0.137842446769          0.137807135198          0.137674802178          0.137510472015          0.137394540382          0.137383722843          0.137483517392          0.137645440453          0.137790409127          0.137847084584
        0.175269670418          0.130951109278          0.137438725175          0.137056217000          0.138074035062          0.138343393312          0.138051827808          0.137672570489          0.137301670737          0.137169121152          0.137260749244          0.137508869474          0.137772431902          0.137929877292          0.137920629892          0.137767048770          0.137554995697          0.137389182341          0.137343856896          0.137431243728          0.137600578372          0.137766028326          0.137848988283          0.137814500149          0.137685293101          0.137528058752          0.137419720246          0.137410423671          0.137500777311          0.137643478617          0.137767655652          0.137813629007          0.137761258370          0.137638547383          0.137506916622          0.137430765078          0.137446260570          0.137544342634          0.137675841469          0.137775908241          0.137795736196          0.137726180894          0.137601926705          0.137484319896          0.137431306724          0.137469102481          0.137579332542          0.137707897022          0.137791317428          0.137787837276
        0.175544774728          0.131135262326          0.137542874824          0.137028011696          0.137948679869          0.138187134633          0.137941856826          0.137657352833          0.137383149109          0.137305201523          0.137387441401          0.137570728614          0.137747304555          0.137837208961          0.137810238154          0.137694457816          0.137555323462          0.137461711096          0.137453931476          0.137527890350          0.137641074570          0.137735750678          0.137767408187          0.137724919002          0.137633606967          0.137540869938          0.137492150979          0.137509154458          0.137580536336          0.137668908600          0.137730086881          0.137734852765          0.137682671703          0.137601028651          0.137531153747          0.137507442559          0.137540723269          0.137613418972          0.137688719169          0.137729037350          0.137714593145          0.137653019129          0.137575370715          0.137520600959          0.137516192854          0.137564492826          0.137641479132          0.137708602123          0.137731912358          0.137699071253
        0.175797444783          0.131226337056          0.137517907082          0.136901779854          0.137792583744          0.138076279822          0.137925465310          0.137737525375          0.137517877555          0.137430706945          0.137448373123          0.137544942116          0.137654084659          0.137726170745          0.137736771900          0.137693670037          0.137626586450          0.137570512328          0.137549437418          0.137567458120          0.137610057781          0.137653503034          0.137677081496          0.137672306357          0.137645299948          0.137612067741          0.137589658544          0.137587816834          0.137605053153          0.137630578092          0.137650593247          0.137655465827          0.137644187292          0.137624134629          0.137606611858          0.137600713671          0.137608737849          0.137625405557          0.137641085677          0.137647153860          0.137640596081          0.137625464543          0.137610501875          0.137604269291          0.137610412050          0.137625608405          0.137641321485          0.137648448623          0.137642399862          0.137625859552
        0.175923136435          0.131196724865          0.137392148496          0.136745748458          0.137681039895          0.138058727009          0.138004078927          0.137870678486          0.137641792342          0.137490275496          0.137421509711          0.137450860106          0.137542192110          0.137651668525          0.137734688120          0.137763420614          0.137733783608          0.137664475982          0.137587648664          0.137535306954          0.137526822550          0.137562186665          0.137623336035          0.137682660462          0.137714989162          0.137708006822          0.137666824827          0.137611007086          0.137565581583          0.137550052972          0.137570154184          0.137615791966          0.137665920983          0.137698080326          0.137698336485          0.137667267549          0.137619429022          0.137576642370          0.137558156425          0.137572070817          0.137611812467          0.137659193011          0.137692647029          0.137696953772          0.137670095693          0.137624188979          0.137580062648          0.137557895113          0.137568085312          0.137606450393
        0.175884670261          0.131073991521          0.137234769827          0.136634571148          0.137662336443          0.138136130080          0.138135685441          0.137993080438          0.137699894939          0.137462202404          0.137326481785          0.137338141707          0.137466777230          0.137648449627          0.137803067233          0.137869092086          0.137826200917          0.137701258137          0.137554271392          0.137451034215          0.137434544915          0.137507408290          0.137632482483          0.137750954467          0.137809417764          0.137783666462          0.137688626903          0.137570324880          0.137483995578          0.137468599303          0.137529386878          0.137636271773          0.137738451497          0.137788302623          0.137763412827          0.137676605627          0.137569478554          0.137492651959          0.137482034647          0.137542156193          0.137644250998          0.137739901566          0.137783829473          0.137755180770          0.137667355631          0.137561773147          0.137488463155          0.137482535350          0.137547519878          0.137653409745
        0.175719447971          0.130923579271          0.137121717378          0.136615868253          0.137738514365          0.138266630250          0.138256799791          0.138049922335          0.137670679800          0.137366279014          0.137213067865          0.137262051822          0.137462741662          0.137715805612          0.137907543048          0.137960233398          0.137861744358          0.137666783920          0.137469083269          0.137357967841          0.137378982964          0.137515659387          0.137699717217          0.137844187496          0.137883830442          0.137804274360          0.137646883630          0.137487828418          0.137401723455          0.137426999862          0.137548925489          0.137707715107          0.137827474529          0.137852151091          0.137771589381          0.137625624897          0.137484591719          0.137415702631          0.137451260568          0.137573620189          0.137723846251          0.137829875333          0.137840838922          0.137751304740          0.137603939597          0.137469298954          0.137412279757          0.137461094781          0.137593476301          0.137746766699
        0.175516121090          0.130816781106          0.137101783306          0.136691371147          0.137868065021          0.138386860914          0.138312734084          0.138019791321          0.137574018592          0.137252335364          0.137136568234          0.137257557898          0.137529495289          0.137819527930          0.137997829723          0.137994899067          0.137826459537          0.137580920645          0.137375478421          0.137301929509          0.137386715285          0.137582260823          0.137792193456          0.137917765802          0.137903601968          0.137761769136          0.137563744139          0.137405018330          0.137359621748          0.137445985341          0.137619709030          0.137795971506          0.137890498182          0.137859517271          0.137719879116          0.137540119653          0.137407110656          0.137384413160          0.137482146843          0.137652531034          0.137813038763          0.137886061018          0.137836168957          0.137687184456          0.137510870493          0.137392595242          0.137390317906          0.137506452683          0.137686122205          0.137842883587
        0.175371330522          0.130798893710          0.137177340414          0.136819703035          0.137987834772          0.138442194866          0.138282082738          0.137922576722          0.137459728070          0.137175640276          0.137131924149          0.137324088122          0.137632889180          0.137909401612          0.138032035697          0.137959160990          0.137740212912          0.137487040148          0.137319249129          0.137309483568          0.137453080501          0.137674413334          0.137865375164          0.137937109836          0.137860691798          0.137678294601          0.137480685620          0.137362725455          0.137378412281          0.137516514677          0.137707631906          0.137858601302          0.137897453693          0.137807429534          0.137634067007          0.137462407427          0.137375630664          0.137415091506          0.137560785195          0.137741375238          0.137868825720          0.137880987973          0.137771688855          0.137593829176          0.137433950355          0.137370444842          0.137435455829          0.137598805153          0.137781869977          0.137895093216
        0.175346656200          0.130871288551          0.137306986336          0.136938165243          0.138043233469          0.138411231387          0.138184668541          0.137808061498          0.137383001343          0.137171054332          0.137198506502          0.137427477310          0.137722708631          0.137943519452          0.137996187821          0.137872815009          0.137646288020          0.137430838375          0.137326871354          0.137375904957          0.137545243609          0.137747557843          0.137884650433          0.137894123732          0.137777164578          0.137595232522          0.137438439709          0.137381583983          0.137448990019          0.137604441949          0.137770223663          0.137865495406          0.137845307381          0.137721588423          0.137556372047          0.137430984205          0.137406374377          0.137493767943          0.137649622411          0.137797117217          0.137863692242          0.137816458756          0.137678319319          0.137516940108          0.137411863128          0.137415643763          0.137527832886          0.137694529277          0.137834021845          0.137876455310
        0.175444310768          0.130994164244          0.137427454449          0.136992677596          0.138012724485          0.138313742737          0.138070167534          0.137731362006          0.137378581630          0.137237838867          0.137302072982          0.137517457534          0.137756983801          0.137907815426          0.137909962639          0.137779010740          0.137590240639          0.137438654189          0.137393499590          0.137468262539          0.137618564786          0.137766996801          0.137841817302          0.137810743670          0.137694258970          0.137553167393          0.137457500932          0.137452367326          0.137537108729          0.137667208082          0.137777280947          0.137813507007          0.137759626026          0.137644066080          0.137525141584          0.137461933969          0.137485252549          0.137582789753          0.137705532722          0.137792144349          0.137799323537          0.137723256524          0.137601612435          0.137495052618          0.137457268704          0.137508216100          0.137623731112          0.137746839975          0.137815539903          0.137793665842
        0.175610752086          0.131107430220          0.137483874146          0.136962005100          0.137915831912          0.138199312659          0.137993577856          0.137727110798          0.137445595238          0.137341635792          0.137392271045          0.137551975887          0.137721539146          0.137821827705          0.137816357936          0.137723149845          0.137598257943          0.137505500377          0.137486079825          0.137541810322          0.137638240771          0.137724405804          0.137758668274          0.137728051039          0.137652399090          0.137572438934          0.137528501148          0.137540705289          0.137600098040          0.137674496852          0.137725528630          0.137728055450          0.137682322017          0.137613048267          0.137556305564          0.137541028144          0.137574490205          0.137638919432          0.137700788116          0.137728010091          0.137706352198          0.137646771690          0.137579941920          0.137540674574          0.137550055444          0.137604325645          0.137676256634          0.137728584562          0.137732986503          0.137685095841
        0.175764813880          0.131159350956          0.137454361440          0.136865625108          0.137801875081          0.138122829771          0.137989425422          0.137794307412          0.137549559901          0.137431994607          0.137426970047          0.137516761784          0.137635788569          0.137728414585          0.137760637416          0.137731287329          0.137665227096          0.137598209759          0.137559768490          0.137561653141          0.137595843947          0.137641454620          0.137676148522          0.137686331606          0.137671791922          0.137643556309          0.137616960839          0.137603830172          0.137607546437          0.137622926531          0.137640262093          0.137650917057          0.137651443329          0.137644333717          0.137635515626          0.137630385475          0.137630753802          0.137634332665          0.137636833134          0.137635220801          0.137630031209          0.137625240210          0.137625686038          0.137633577444          0.137646284190          0.137656985064          0.137658161121          0.137646214717          0.137624603150          0.137603365270
        0.175836389780          0.131129690114          0.137358143577          0.136752500704          0.137725559027          0.138118723552          0.138056632718          0.137898356041          0.137639941979          0.137466727149          0.137391845121          0.137431148524          0.137542490826          0.137672742718          0.137768770416          0.137798232325          0.137757909919          0.137671879396          0.137579619891          0.137519307878          0.137512972040          0.137559002349          0.137634455607          0.137705710942          0.137742874345          0.137731977399          0.137680059324          0.137611281617          0.137556016363          0.137537721677          0.137563174562          0.137620054648          0.137682710119          0.137723505359          0.137724832050          0.137686622449          0.137626170861          0.137570417058          0.137544101850          0.137558945558          0.137608511597          0.137670963123          0.137718549828          0.137729766205          0.137698919637          0.137638898303          0.137575837547          0.137537896015          0.137542922027          0.137590313328
        0.175797772570          0.131037186864          0.137244388728          0.136676856415          0.137721272023          0.138185859812          0.138160569011          0.137988655601          0.137674532867          0.137431504209          0.137306211439          0.137337853528          0.137486769584          0.137680754251          0.137835551598          0.137890736873          0.137831399437          0.137691567975          0.137537155941          0.137436365209          0.137430462625          0.137517221265          0.137653697405          0.137776618418          0.137831104397          0.137794887991          0.137687346797          0.137559629253          0.137470727642          0.137460558435          0.137532208512          0.137651174637          0.137761701489          0.137812627914          0.137780881725          0.137681879097          0.137562135990          0.137477600953          0.137467745722          0.137537315396          0.137654081843          0.137763643440          0.137814544668          0.137782217389          0.137680678428          0.137556463665          0.137467442144          0.137456138548          0.137529758936          0.137656135620
        0.175673891477          0.130928767243          0.137167836056          0.136672709899          0.137787984526          0.138289604623          0.138250644785          0.138022998414          0.137639048491          0.137345686235          0.137212807390          0.137282011085          0.137494592038          0.137747288147          0.137927783916          0.137963945074          0.137850809474          0.137648856153          0.137454019334          0.137353700936          0.137388519416          0.137536257211          0.137724353203          0.137864569868          0.137893729030          0.137801901440          0.137635454661          0.137474146208          0.137393398013          0.137429415718          0.137563112481          0.137729908961          0.137850543022          0.137868392838          0.137775870081          0.137617611928          0.137469129726          0.137401076566          0.137445932363          0.137582661891          0.137746499230          0.137859354901          0.137866712690          0.137763713064          0.137598019341          0.137447886479          0.137385521539          0.137442790919          0.137595350809          0.137772886649
        0.175527886810          0.130856338744          0.137163064770          0.136738940428          0.137891259117          0.138379414284          0.138284703613          0.137987169022          0.137552940146          0.137252086255          0.137156817933          0.137289645307          0.137560876306          0.137839238889          0.138000700409          0.137983056794          0.137807809193          0.137565473314          0.137371161431          0.137311584446          0.137407356914          0.137606670711          0.137812029911          0.137926905386          0.137900453578          0.137749739557          0.137549741095          0.137396625370          0.137362074608          0.137460113706          0.137641601049          0.137818475044          0.137906020743          0.137863098880          0.137711343779          0.137524384777          0.137392417723          0.137379079186          0.137491065558          0.137674826091          0.137841930523          0.137911234990          0.137847929254          0.137680801088          0.137489228748          0.137365783555          0.137371988800          0.137508160763          0.137711836680          0.137886098003
        0.175429861894          0.130852420504          0.137229309245          0.136841327462          0.137980752684          0.138413205922          0.138248602685          0.137900728168          0.137459120612          0.137195963167          0.137164328235          0.137355754555          0.137652615924          0.137911937991          0.138019589761          0.137939827081          0.137724214673          0.137482451018          0.137328920698          0.137330297145          0.137477613240          0.137694158445          0.137874160446          0.137933419235          0.137848085016          0.137663842163          0.137472073629          0.137365181012          0.137392645047          0.137538444225          0.137729979650          0.137873750362          0.137900521818          0.137798376746          0.137617945757          0.137447535104          0.137370300807          0.137424079988          0.137583064439          0.137770063778          0.137893605343          0.137892247516          0.137764825549          0.137571845531          0.137406993289          0.137352131481          0.137437218241          0.137624466935          0.137824840499          0.137939799661
        0.175423970119          0.130915877099          0.137332362868          0.136929934253          0.138014502569          0.138376907981          0.138161971294          0.137806694770          0.137402917576          0.137203446876          0.137230385461          0.137447404025          0.137725220424          0.137930739423          0.137976261422          0.137856125950          0.137641110233          0.137440171502          0.137347615532          0.137400520275          0.137565041372          0.137756215646          0.137880596704          0.137880969067          0.137762110152          0.137586119940          0.137440603532          0.137395735318          0.137470942701          0.137626765730          0.137785184311          0.137868177183          0.137835725674          0.137704913461          0.137541053049          0.137425398131          0.137415283996          0.137516040256          0.137678238779          0.137821663825          0.137874542723          0.137809071911          0.137655808922          0.137489571730          0.137393323197          0.137417338587          0.137553473258          0.137737392060          0.137878456314          0.137903623335
        0.175509052817          0.131013899951          0.137421992736          0.136963191091          0.137978431043          0.138290191397          0.138067868174          0.137750455497          0.137410471813          0.137269584214          0.137322073703          0.137520038046          0.137744069773          0.137887460649          0.137892587521          0.137773042335          0.137598879279          0.137458945980          0.137417920239          0.137488011489          0.137627150878          0.137762705920          0.137828198591          0.137795038060          0.137684434333          0.137554715736          0.137471241131          0.137474113101          0.137559327919          0.137682024134          0.137779665233          0.137803434854          0.137742313285          0.137628077405          0.137518989486          0.137470465858          0.137507320576          0.137611272831          0.137729888228          0.137802653454          0.137791421660          0.137700108900          0.137573595744          0.137475978630          0.137458614548          0.137533662645          0.137666444294          0.137791046846          0.137842328296          0.137789108008
        0.175641162643          0.131098667720          0.137456190250          0.136927212072          0.137892086853          0.138196112657          0.138011676314          0.137758138085          0.137476780267          0.137361416664          0.137394820344          0.137539021427          0.137700947011          0.137803925516          0.137809611026          0.137730917314          0.137617785357          0.137529396538          0.137505547515          0.137550247466          0.137633774457          0.137710448738          0.137742399766          0.137717480331          0.137653149688          0.137585487141          0.137549758697          0.137562629760          0.137614711156          0.137676635320          0.137715059390          0.137710153775          0.137665599977          0.137606139393          0.137564193250          0.137562639794          0.137602680073          0.137663043219          0.137711006175          0.137719668988          0.137682591648          0.137618021453          0.137560132250          0.137541409353          0.137575075076          0.137646754328          0.137720213107          0.137755046143          0.137727954401          0.137646824129
        0.175755916312          0.131130403168          0.137420704169          0.136841452326          0.137798348218          0.138140012216          0.138019477539          0.137824659812          0.137568796301          0.137434306575          0.137413945521          0.137496079694          0.137617598373          0.137721096669          0.137767601786          0.137749945065          0.137688375412          0.137617162052          0.137567911688          0.137557005972          0.137581670374          0.137624805045          0.137664977555          0.137686314149          0.137684041373          0.137664133076          0.137638401978          0.137618135025          0.137609452189          0.137612174242          0.137621925157          0.137633572997          0.137643782114          0.137651464772          0.137656493638          0.137658122056          0.137654569231          0.137644289574          0.137628166697          0.137610987012          0.137600638590          0.137604681258          0.137625689229          0.137658000228          0.137688289687          0.137700639742          0.137684342625          0.137640826475          0.137585830046          0.137544634372
        0.175799552971          0.131095851699          0.137334861004          0.136748466028          0.137742402657          0.138147908261          0.138086118640          0.137916861865          0.137641794267          0.137453514852          0.137371121142          0.137412884268          0.137534900585          0.137679167700          0.137786688377          0.137820604947          0.137776216861          0.137679592550          0.137574737278          0.137504991660          0.137496134571          0.137547479331          0.137633880140          0.137717259986          0.137762744285          0.137752835563          0.137693963020          0.137612937809          0.137545073042          0.137519136279          0.137545431492          0.137611820368          0.137689161003          0.137743820247          0.137752031692          0.137710064314          0.137635876712          0.137561532970          0.137519582299          0.137529121994          0.137587364863          0.137670294972          0.137742340416          0.137771274994          0.137742230018          0.137664833585          0.137570216049          0.137498815302          0.137483740940          0.137536329895
        0.175753911317          0.131013676263          0.137241363030          0.136693049215          0.137750207163          0.138214589290          0.138178373540          0.137989922380          0.137660984787          0.137410684399          0.137287977807          0.137330251598          0.137492990208          0.137698227092          0.137857316166          0.137908424788          0.137838620360          0.137686383702          0.137522706039          0.137419469644          0.137418829579          0.137516377370          0.137664793429          0.137795922593          0.137851409308          0.137808357263          0.137688727762          0.137548539168          0.137452040329          0.137442652074          0.137523667066          0.137657164264          0.137781474588          0.137839318177          0.137803932556          0.137691334030          0.137553102725          0.137452955953          0.137437727374          0.137515835676          0.137652943531          0.137786907175          0.137855579907          0.137825177522          0.137706388857          0.137550696982          0.137428226547          0.137396750625          0.137475430626          0.137634815027
        0.175643830266          0.130924634693          0.137185339532          0.136700889645          0.137816603596          0.138306799144          0.138251383368          0.138009013422          0.137618018699          0.137327457417          0.137205319766          0.137288297586          0.137511951023          0.137768730986          0.137945021568          0.137970717256          0.137845288620          0.137634233965          0.137437097910          0.137342105323          0.137387658399          0.137547189328          0.137743335074          0.137884466430          0.137906810538          0.137802998705          0.137624216300          0.137455421047          0.137375489912          0.137420810923          0.137568906567          0.137749356370          0.137876850218          0.137891097455          0.137785080077          0.137608450644          0.137444443881          0.137371036147          0.137424362432          0.137581306438          0.137769432615          0.137900026217          0.137909363605          0.137789215203          0.137592145065          0.137408633888          0.137326108334          0.137388366212          0.137573803342          0.137802610504
        0.175524042157          0.130871605555          0.137192826056          0.136766807468          0.137908474492          0.138379687371          0.138270328429          0.137965821196          0.137534598891          0.137244682794          0.137163283007          0.137307132753          0.137582286764          0.137856269339          0.138007160992          0.137977224916          0.137792968303          0.137548476010          0.137359621907          0.137310834765          0.137418346818          0.137625579467          0.137831720915          0.137939713288          0.137901294443          0.137738329822          0.137530961061          0.137378761775          0.137353545647          0.137465924650          0.137660948221          0.137844575142          0.137928475365          0.137872089100          0.137702043623          0.137499659909          0.137362418204          0.137357566669          0.137489701944          0.137697638956          0.137882391879          0.137953655800          0.137873244490          0.137674815710          0.137449950463          0.137306414888          0.137317620829          0.137486596843          0.137741425666          0.137965194336
        0.175452331807          0.130879154612          0.137258840447          0.136857914240          0.137981126992          0.138398475289          0.138226944680          0.137882141270          0.137451659053          0.137202552742          0.137182020787          0.137377322302          0.137669664342          0.137918268588          0.138013534436          0.137924753352          0.137707059286          0.137470883099          0.137328265881          0.137341431363          0.137496616332          0.137713830298          0.137886837618          0.137934068379          0.137836489933          0.137644945334          0.137454198981          0.137356734829          0.137398566967          0.137557847761          0.137756035188          0.137896071858          0.137909339910          0.137788921270          0.137593129855          0.137417536371          0.137348866550          0.137422808689          0.137605907444          0.137810459260          0.137935889804          0.137917407439          0.137758708716          0.137532492490          0.137347632079          0.137297844156          0.137415741942          0.137654066856          0.137903847199          0.138042650617
        0.175461992517          0.130942291381          0.137350459326          0.136929879864          0.137999886313          0.138354953498          0.138143097609          0.137799015113          0.137409461584          0.137221262986          0.137252145078          0.137464601884          0.137731581271          0.137924583121          0.137960993047          0.137838754925          0.137629391658          0.137439490325          0.137358840257          0.137419657982          0.137584803022          0.137768885129          0.137881139368          0.137869204443          0.137743038374          0.137568130031          0.137432144553          0.137401734637          0.137490448411          0.137652874216          0.137807472658          0.137876884188          0.137826115344          0.137679946040          0.137510959227          0.137403960189          0.137414084379          0.137538964642          0.137718658182          0.137863892393          0.137899587034          0.137802811190          0.137616316969          0.137430121486          0.137339034888          0.137395933466          0.137583139167          0.137816387620          0.137981218926          0.137986453773
        0.175546588317          0.131029508606          0.137423117570          0.136948347822          0.137956547544          0.138271032119          0.138059888625          0.137756779142          0.137428226462          0.137291436205          0.137339422659          0.137526514791          0.137737925438          0.137872079283          0.137875004282          0.137761084250          0.137598022908          0.137470118247          0.137437114920          0.137507868826          0.137639877228          0.137763220126          0.137816311170          0.137775774091          0.137666240217          0.137546112124          0.137477198572          0.137493661898          0.137585500145          0.137704333123          0.137788318196          0.137793695241          0.137717164284          0.137597798068          0.137497424185          0.137469232671          0.137530281192          0.137651732570          0.137772106647          0.137827621547          0.137785026386          0.137660439895          0.137513963279          0.137421564425          0.137437178977          0.137563360010          0.137745450977          0.137893751507          0.137925049213          0.137805009535
        0.175663923749          0.131098364391          0.137442148639          0.136905234139          0.137872927120          0.138187828893          0.138017678042          0.137775660165          0.137498544730          0.137378815073          0.137401399755          0.137532951955          0.137685545016          0.137786195667          0.137797403150          0.137729786471          0.137628752896          0.137548506590          0.137525419705          0.137563022740          0.137634304816          0.137698499076          0.137722977728          0.137699054010          0.137644303628          0.137591267433          0.137569232014          0.137588803122          0.137637038233          0.137685269781          0.137705233210          0.137684839917          0.137635097127          0.137584348831          0.137562800715          0.137585534360          0.137643133509          0.137705255246          0.137735926828          0.137713169059          0.137642753330          0.137558165657          0.137505493087          0.137519819926          0.137604714523          0.137725745534          0.137822871842          0.137837671638          0.137743730327          0.137566004390
        0.175756930366          0.131115983332          0.137399236745          0.136822224209          0.137789997264          0.138145686584          0.138036669948          0.137846186042          0.137586087126          0.137440899486          0.137407941728          0.137480721164          0.137599818289          0.137708709564          0.137766191426          0.137760619035          0.137707267650          0.137636929439          0.137580670174          0.137557550929          0.137569707540          0.137605293159          0.137646362252          0.137677206356          0.137689559010          0.137683415242          0.137664479935          0.137640432952          0.137618072806          0.137602303556          0.137596500235          0.137602875951          0.137621739230          0.137649828764          0.137679218226          0.137698491727          0.137696745028          0.137669174017          0.137621599875          0.137571026763          0.137540586554          0.137549789983          0.137603862635          0.137687487623          0.137767212957          0.137803250439          0.137766892892          0.137656506400          0.137504893192          0.137372427279
        0.175781243814          0.131074651170          0.137316020844          0.136739975072          0.137747972392          0.138164766754          0.138107332640          0.137933923463          0.137648275056          0.137447508239          0.137355814075          0.137395135467          0.137522448499          0.137677563746          0.137797079807          0.137839214584          0.137795778764          0.137692246732          0.137575255577          0.137493033285          0.137476602031          0.137528764716          0.137624573177          0.137722514715          0.137781775189          0.137778735254          0.137716167311          0.137621521592          0.137535181996          0.137493664124          0.137514618122          0.137589575854          0.137687274339          0.137766317141          0.137792248542          0.137752159913          0.137660718546          0.137554929045          0.137479562320          0.137468950637          0.137532272992          0.137648223242          0.137771620658          0.137850079836          0.137844782880          0.137747330351          0.137585835923          0.137417826649          0.137311451440          0.137324871215
        0.175726251104          0.130995149859          0.137233309575          0.136698357337          0.137766962208          0.138235489280          0.138195162549          0.137996196816          0.137654878530          0.137395381117          0.137270289407          0.137317837480          0.137491324751          0.137708435628          0.137875671269          0.137927743362          0.137851102515          0.137686817289          0.137510733881          0.137399955627          0.137400107765          0.137506981582          0.137669864404          0.137814720619          0.137877097824          0.137830417516          0.137697238607          0.137538626380          0.137426565923          0.137411809772          0.137501320433          0.137655094073          0.137803754475          0.137879351913          0.137845912020          0.137716116175          0.137546473102          0.137412924623          0.137377524122          0.137460643497          0.137630691623          0.137815985380          0.137934239721          0.137927661318          0.137788849102          0.137566285596          0.137347233909          0.137224481780          0.137263932358          0.137474844776
        0.175619683731          0.130916410480          0.137191240148          0.136717275259          0.137837433691          0.138323317120          0.138257434285          0.138002730838          0.137602640334          0.137309796575          0.137192989067          0.137286687468          0.137522115427          0.137786934834          0.137964135199          0.137983009506          0.137845591875          0.137622207030          0.137417597859          0.137323430322          0.137378279977          0.137552195219          0.137761984245          0.137909972500          0.137928712961          0.137811406784          0.137614260330          0.137429954048          0.137344676880          0.137398463092          0.137566759656          0.137771489088          0.137916720087          0.137932949072          0.137809785644          0.137601788049          0.137404417589          0.137310859718          0.137369170559          0.137558978151          0.137798367387          0.137978547473          0.138011770391          0.137871646140          0.137607715688          0.137327649556          0.137153909351          0.137176951780          0.137413815590          0.137815042331
        0.175513795544          0.130876595059          0.137209964083          0.136787226666          0.137924971763          0.138385520070          0.138263865640          0.137950295679          0.137516891537          0.137232409215          0.137161779902          0.137317369535          0.137600469250          0.137875272733          0.138019302147          0.137977387306          0.137780846748          0.137528950580          0.137340991154          0.137301531156          0.137423392809          0.137644190028          0.137857119780          0.137961486052          0.137909591852          0.137728304307          0.137505478364          0.137347986528          0.137331256396          0.137463799506          0.137683029664          0.137884339261          0.137970216279          0.137896711361          0.137695331007          0.137459622717          0.137302277752          0.137302433134          0.137467392745          0.137726514238          0.137960809411          0.138055983863          0.137955642326          0.137690365601          0.137368953117          0.137134264697          0.137106331312          0.137326705539          0.137753809611          0.138234599992
        0.175459959678          0.130894739696          0.137280088205          0.136874046241          0.137986984366          0.138391840764          0.138211266010          0.137864309691          0.137439363771          0.137201130040          0.137192376987          0.137395585376          0.137688666139          0.137930336448          0.138013586728          0.137912521275          0.137687459875          0.137452247486          0.137319027800          0.137346567403          0.137515278092          0.137739210634          0.137908538254          0.137942274293          0.137826380290          0.137619409352          0.137423425416          0.137334503531          0.137396514616          0.137579959401          0.137795765223          0.137937740650          0.137933887109          0.137782144524          0.137553048872          0.137357396523          0.137293788202          0.137400567515          0.137634797211          0.137888821717          0.138038145117          0.137999760890          0.137774225365          0.137451445645          0.137175459116          0.137086627619          0.137255978199          0.137666471739          0.138173122015          0.138619979094
        0.175483952113          0.130961726989          0.137367370804          0.136935487414          0.137993303059          0.138339131318          0.138125121734          0.137786611093          0.137408033136          0.137231708356          0.137270523474          0.137483681015          0.137743659122          0.137924584892          0.137948669032          0.137819052152          0.137610686695          0.137430255752          0.137364047539          0.137438406823          0.137610231303          0.137790576624          0.137889292843          0.137859017728          0.137717420510          0.137537302843          0.137409920244          0.137399744286          0.137512627136          0.137692627238          0.137849114098          0.137901377453          0.137819273117          0.137639793100          0.137450765627          0.137348884150          0.137391900030          0.137567905852          0.137797010443          0.137966088655          0.137981884445          0.137818281524          0.137535192842          0.137257847107          0.137127781403          0.137236240209          0.137595595351          0.138085531685          0.138558284191          0.138705862811
        0.175573729116          0.131044836762          0.137429347950          0.136941654220          0.137940778235          0.138252919546          0.138047337119          0.137755252116          0.137438671615          0.137309896179          0.137358599108          0.137538658599          0.137737939670          0.137859709769          0.137855205175          0.137742265846          0.137588713671          0.137475326969          0.137455925287          0.137533366115          0.137661603614          0.137771364241          0.137806074472          0.137750071350          0.137635316537          0.137523825218          0.137475211600          0.137515891581          0.137625299271          0.137745981917          0.137812783884          0.137786801219          0.137676932538          0.137537509019          0.137442280902          0.137447048089          0.137559265054          0.137730101818          0.137874263528          0.137909858636          0.137800444547          0.137579236062          0.137341545609          0.137210166948          0.137277447236          0.137575853411          0.138014507274          0.138470476454          0.138644126759          0.138291379613
        0.175685450446          0.131103625807          0.137435876597          0.136889464041          0.137854847133          0.138175131970          0.138015998412          0.137786014552          0.137517001032          0.137398053620          0.137413617409          0.137533019249          0.137673183613          0.137766341500          0.137778470610          0.137720348805          0.137633880566          0.137567310552          0.137550959215          0.137584794319          0.137642469507          0.137688247648          0.137697214751          0.137668025656          0.137621902702          0.137589210726          0.137591458026          0.137628633665          0.137678708184          0.137709729863          0.137698310319          0.137644547585          0.137574705497          0.137529089293          0.137540545897          0.137614517345          0.137721523209          0.137807394461          0.137818111430          0.137728539680          0.137561494306          0.137385621950          0.137293903239          0.137359946961          0.137617199901          0.137994785805          0.138399329595          0.138556290639          0.138229836359          0.137063938808
        0.175764765811          0.131109486672          0.137383719313          0.136804183361          0.137777300618          0.138143848586          0.138046873402          0.137864558606          0.137605312862          0.137453156261          0.137408063806          0.137468404362          0.137579964576          0.137689705522          0.137756621585          0.137765610710          0.137725989964          0.137662453896          0.137602463668          0.137565742123          0.137559468827          0.137579509658          0.137615258734          0.137654682680          0.137687381148          0.137705573467          0.137704300900          0.137682115119          0.137642537466          0.137595373541          0.137556180812          0.137542411605          0.137566358609          0.137627455869          0.137708145994          0.137776884398          0.137798884549          0.137751325239          0.137636936088          0.137489750878          0.137367983963          0.137338041846          0.137443803233          0.137699913303          0.138036307144          0.138379633292          0.138485138183          0.138142270096          0.137003019335          0.133797336553
        0.175773105726          0.131059486411          0.137298153307          0.136727277890          0.137746102777          0.138174805842          0.138125566006          0.137953071022          0.137660508150          0.137447651698          0.137343544114          0.137375324586          0.137503436910          0.137667907880          0.137801932305          0.137857807438          0.137821228563          0.137714019071          0.137583455133          0.137482814850          0.137450832804          0.137497637056          0.137601962723          0.137720208802          0.137803821948          0.137818499964          0.137757836908          0.137645986994          0.137528255882          0.137453349076          0.137454131311          0.137534113648          0.137664779089          0.137795150095          0.137870615250          0.137854307962          0.137742860173          0.137570246846          0.137398301678          0.137296371405          0.137320464726          0.137488010315          0.137783952973          0.138119263113          0.138421311766          0.138465459803          0.138071333207          0.136916219176          0.133737862832          0.129070162790
        0.175706340016          0.130977827898          0.137220810876          0.136696390601          0.137776949044          0.138253565434          0.138214189626          0.138008353896          0.137654989431          0.137383125790          0.137250529320          0.137298871493          0.137481654672          0.137713196179          0.137894133886          0.137953082907          0.137872811478          0.137694993304          0.137500521128          0.137374213686          0.137369002445          0.137484345424          0.137667468589          0.137836650799          0.137916774537          0.137872046014          0.137721690432          0.137531700564          0.137386269284          0.137351345154          0.137445838970          0.137632515096          0.137832484182          0.137957664558          0.137948063404          0.137798266994          0.137561784973          0.137331689030          0.137205023696          0.137248887408          0.137470417906          0.137828222497          0.138203493635          0.138504478999          0.138507170263          0.138051710997          0.136845829798          0.133653112680          0.129012917292 
        0.175596828043          0.130904211745          0.137189571728          0.136727056646          0.137855454453          0.138342206348          0.138269489475          0.138002763415          0.137590348515          0.137290056298          0.137174084770          0.137277065514          0.137526857191          0.137805310819          0.137989366604          0.138004632142          0.137853714385          0.137611971724          0.137391869209          0.137292366882          0.137355674005          0.137549772601          0.137783831097          0.137949556825          0.137970280290          0.137835827697          0.137607320029          0.137389666806          0.137284251831          0.137343016325          0.137544158008          0.137800139763          0.137994962208          0.138035086231          0.137891951061          0.137617098736          0.137323190762          0.137138439285          0.137157537249          0.137398749551          0.137810537799          0.138247805917          0.138588870391          0.138590367511          0.138093290062          0.136826278184          0.133584379767          0.128931135239  
        0.175497851338          0.130874667259          0.137220159820          0.136804970777          0.137943820249          0.138397462178          0.138263807905          0.137937920328          0.137497117553          0.137213538076          0.137152229661          0.137322157455          0.137618824615          0.137900432396          0.138040843474          0.137985442256          0.137770562071          0.137503203027          0.137309954448          0.137278980293          0.137421001540          0.137666008440          0.137896634814          0.138002988312          0.137933969583          0.137721332355          0.137465175130          0.137287584464          0.137275864768          0.137441229428          0.137711645681          0.137962512013          0.138072315782          0.137978880537          0.137710637015          0.137378372450          0.137129884901          0.137090917568          0.137307276949          0.137738662205          0.138229988464          0.138633210756          0.138674771151          0.138176230966          0.136867419598          0.133565280933          0.128864685093   
        0.175457880539          0.130904051750          0.137298318635          0.136892616782          0.137998912869          0.138391691258          0.138198802118          0.137844448489          0.137420468590          0.137191627949          0.137197239120          0.137413979490          0.137713807093          0.137951825734          0.138021582117          0.137902176038          0.137661661144          0.137421197840          0.137296516793          0.137344235374          0.137537120049          0.137778696085          0.137949988570          0.137966607004          0.137819366730          0.137579063422          0.137363006851          0.137279146781          0.137373999706          0.137608585516          0.137873886970          0.138039783367          0.138016037519          0.137797437171          0.137471745546          0.137184953417          0.137082314070          0.137240562859          0.137646962775          0.138157860335          0.138615267784          0.138719097596          0.138260376950          0.136949627177          0.133605442571          0.128846083105    
        0.175497029091          0.130978655359          0.137386418889          0.136947210176          0.137993170389          0.138326586999          0.138105166815          0.137767631994          0.137398521734          0.137236628711          0.137288984526          0.137508851005          0.137765136284          0.137932546835          0.137938274137          0.137793188036          0.137579582265          0.137407739982          0.137361762830          0.137460300310          0.137649727074          0.137831999579          0.137913589867          0.137851965442          0.137677019286          0.137476827879          0.137354550697          0.137377269694          0.137541290443          0.137770727193          0.137951095072          0.137983485411          0.137834543460          0.137558426733          0.137278210209          0.137137343865          0.137231939067          0.137580108602          0.138065902638          0.138542912504          0.138701117728          0.138304569735          0.137033101090          0.133685704926          0.128884712402     
        0.175597046497          0.131062554690          0.137441459369          0.136941434489          0.137928274141          0.138232884355          0.138028259148          0.137745670484          0.137443598662          0.137328416505          0.137383822066          0.137560158325          0.137745900517          0.137849293815          0.137829288472          0.137711085692          0.137566143755          0.137473047231          0.137477865284          0.137572897397          0.137703026005          0.137795642291          0.137798998218          0.137709624096          0.137574767021          0.137468394077          0.137452734732          0.137544592542          0.137703407438          0.137847915237          0.137894836529          0.137802044612          0.137595519423          0.137364828370          0.137230591036          0.137287033241          0.137571498282          0.137998903915          0.138450727828          0.138628716522          0.138286646515          0.137077014538          0.133767210155          0.128962150855      
        0.175709778859          0.131114793278          0.137435911758          0.136876991199          0.137834860083          0.138155966909          0.138006320018          0.137790894089          0.137535540273          0.137423327582          0.137435156075          0.137541004072          0.137662779634          0.137740407083          0.137747226853          0.137697696527          0.137631555720          0.137589264814          0.137590528677          0.137626235888          0.137666746241          0.137681167156          0.137656748699          0.137607415647          0.137566385858          0.137566684223          0.137620173397          0.137706770384          0.137780623757          0.137791732960          0.137713528714          0.137563123005          0.137401944333          0.137317233878          0.137380399175          0.137626754121          0.137990330972          0.138383606826          0.138536495754          0.138214466782          0.137059350968          0.133810095355          0.129040911459       
        0.175780204468          0.131109231396          0.137371375680          0.136784297705          0.137758172516          0.138134076505          0.138051668901          0.137883075302          0.137630609422          0.137474731642          0.137416080143          0.137458034257          0.137554052682          0.137658438423          0.137733894496          0.137763207688          0.137747915738          0.137702043132          0.137643931011          0.137590029783          0.137552399507          0.137539056447          0.137554628025          0.137599093272          0.137664776639          0.137734268772          0.137782469573          0.137784047583          0.137724514888          0.137610574725          0.137474781445          0.137369651326          0.137354398716          0.137467158222          0.137720353422          0.138045789394          0.138375073950          0.138469363855          0.138122526219          0.136987857708          0.133792861234          0.129082479056        
        0.175773104278          0.131047512104          0.137278326717          0.136708244000          0.137736340242          0.138179507632          0.138144019194          0.137978362258          0.137682098797          0.137455689828          0.137333207824          0.137349460326          0.137472195083          0.137645145662          0.137799450295          0.137879671058          0.137860807209          0.137755504415          0.137607756662          0.137475760723          0.137410412191          0.137437031055          0.137546344506          0.137697530183          0.137832467438          0.137896685649          0.137859810795          0.137727971378          0.137543450218          0.137371994078          0.137281449716          0.137322158291          0.137504380257          0.137807304835          0.138139660528          0.138430716805          0.138460849875          0.138055596868          0.136896709607          0.133723067905          0.129066026160         
        0.175690529927          0.130958765272          0.137201843730          0.136686639899          0.137781625897          0.138271933775          0.138239437632          0.138029940012          0.137663025934          0.137372801034          0.137224708732          0.137267686776          0.137458909230          0.137710665807          0.137915924648          0.137992621219          0.137914296267          0.137719302144          0.137493473419          0.137333822950          0.137308448640          0.137428750552          0.137644749093          0.137865233992          0.137994949334          0.137974063674          0.137803708737          0.137546896761          0.137304949842          0.137178776788          0.137233991387          0.137472109353          0.137844582378          0.138226821302          0.138524829418          0.138516532550          0.138047106816          0.136830300073          0.133634078887          0.128998773634          
        0.175571477221          0.130885967299          0.137179962083          0.136731621541          0.137873769231          0.138367384468          0.138291042980          0.138010777202          0.137580001406          0.137264244883          0.137142954613          0.137254374723          0.137524324727          0.137827043845          0.138028846524          0.138046093901          0.137878017677          0.137604913752          0.137351483907          0.137231859978          0.137300136507          0.137527057787          0.137812361040          0.138027690561          0.138072318662          0.137917888140          0.137622521786          0.137308349845          0.137111769032          0.137131322037          0.137383837767          0.137812197545          0.138264139994          0.138612171451          0.138610686972          0.138102618992          0.136821802252          0.133569236672          0.128912883131           
        0.175473622335          0.130865307507          0.137224967963          0.136823061339          0.137968934316          0.138418960567          0.138271784330          0.137927519599          0.137471267703          0.137182422720          0.137129597744          0.137319662546          0.137640532463          0.137939853436          0.138082263622          0.138009725996          0.137763477962          0.137462789139          0.137249458040          0.137223498621          0.137398326954          0.137694510686          0.137974707424          0.138105007200          0.138016056361          0.137736537229          0.137383819762          0.137115109295          0.137064287328          0.137281039461          0.137723690821          0.138231599676          0.138649518889          0.138698052046          0.138196487312          0.136876773642          0.133560931420          0.128850200503            
        0.175445626289          0.130908391804          0.137316733183          0.136917456955          0.138020361449          0.138399620754          0.138188345569          0.137818515152          0.137389311441          0.137169021532          0.137194796200          0.137435697984          0.137753185576          0.137993196054          0.138045836309          0.137895059012          0.137621192876          0.137360662351          0.137241054278          0.137321609842          0.137565625276          0.137856706964          0.138051947932          0.138048686033          0.137834567608          0.137497642216          0.137190448965          0.137067583896          0.137213914507          0.137620644629          0.138142805969          0.138616832427          0.138735390744          0.138283587996          0.136969820956          0.133614592870          0.128842045048             
        0.175503204953          0.130995939874          0.137411603215          0.136968425291          0.138001086331          0.138316082132          0.138079154789          0.137736378445          0.137375886860          0.137234222348          0.137310738099          0.137548214748          0.137806462161          0.137956769014          0.137931130307          0.137752662506          0.137518970705          0.137352243252          0.137339165267          0.137488831805          0.137727697370          0.137933878735          0.137995623810          0.137867153928          0.137595533688          0.137304130315          0.137142883829          0.137217205365          0.137553377705          0.138039472238          0.138527778503          0.138702664974          0.138320814462          0.137056216132          0.133705432737          0.128893730502              
        0.175620604708          0.131086300253          0.137462965431          0.136949238101          0.137917801530          0.138206815228          0.137996912798          0.137722953908          0.137441191104          0.137350213333          0.137423200962          0.137601458785          0.137770096628          0.137842139638          0.137788729632          0.137650394580          0.137510570284          0.137450438137          0.137506430427          0.137650863545          0.137804835936          0.137877608530          0.137814168494          0.137628105857          0.137401937326          0.137256547948          0.137292590036          0.137556704727          0.137972053876          0.138424188682          0.138613556829          0.138288188426          0.137093203923          0.133789784243          0.128981386475               
        0.175741975732          0.131135072088          0.137443898317          0.136866562808          0.137808860105          0.138124553765          0.137983516071          0.137788446315          0.137557367472          0.137462749053          0.137476458556          0.137565187268          0.137655634151          0.137699856153          0.137686491435          0.137642037840          0.137608897525          0.137617853533          0.137668528837          0.137728018043          0.137748649483          0.137696318728          0.137575245852          0.137434526109          0.137354368721          0.137406391181          0.137632292896          0.137975442790          0.138356639810          0.138509921464          0.138199349876          0.137060941584          0.133825904258          0.129062878708                
        0.175807686364          0.131116677363          0.137361009585          0.136758469085          0.137726839045          0.138111202706          0.138049161152          0.137904916489          0.137670083682          0.137516068386          0.137440266782          0.137450909926          0.137513548872          0.137597718449          0.137678183231          0.137740483986          0.137776505883          0.137780101322          0.137745741627          0.137671902806          0.137567537702          0.137457610058          0.137381783334          0.137386997243          0.137504336012          0.137746372649          0.138051284414          0.138360090587          0.138442356664          0.138096027172          0.136972916110          0.133794417164          0.129097883182                 
        0.175783297530          0.131037510549          0.137252475354          0.136677121436          0.137713521680          0.138176938169          0.138165841187          0.138017894429          0.137723489722          0.137479897366          0.137326104173          0.137309020281          0.137411546757          0.137589442108          0.137776674599          0.137908237961          0.137938921522          0.137857389990          0.137689647724          0.137490894726          0.137329035024          0.137264317759          0.137334304041          0.137537013962          0.137844538120          0.138165694183          0.138436164107          0.138445829456          0.138028665505          0.136870478341          0.133708486389          0.129067635977                  
        0.175677263733          0.130934024768          0.137170683330          0.136663958595          0.137779057860          0.138293712124          0.138278987678          0.138071400012          0.137687263505          0.137365704415          0.137184315466          0.137207133083          0.137403272786          0.137687875492          0.137944450844          0.138070761622          0.138016270584          0.137801253681          0.137508612638          0.137252490878          0.137135890411          0.137216877584          0.137484267670          0.137877266817          0.138264108387          0.138550870622          0.138521953963          0.138032126934          0.136803645885          0.133608479575          0.128984780860                   
        0.175538422662          0.130856159360          0.137157303606          0.136729025519          0.137895485535          0.138406911750          0.138332535739          0.138035051225          0.137572891518          0.137223849216          0.137082469655          0.137198832955          0.137501562876          0.137855525354          0.138106964449          0.138148127440          0.137960045456          0.137620063940          0.137270145218          0.137059401180          0.137088463050          0.137366706655          0.137824365595          0.138296877162          0.138649504366          0.138636717280          0.138108021336          0.136807008226          0.133543227750          0.128888248372                    
        0.175433790394          0.130843578339          0.137222505227          0.136844557624          0.138008353861          0.138460444321          0.138296073000          0.137920377628          0.137430812815          0.137121933942          0.137074129012          0.137296956358          0.137668979635          0.138017900679          0.138184291776          0.138091808512          0.137778638687          0.137381388417          0.137076985505          0.137011955464          0.137238138293          0.137706505817          0.138243773186          0.138682302477          0.138735386234          0.138222438707          0.136882196279          0.133546502039          0.128825180801                     
        0.175416671368          0.130905887621          0.137338474826          0.136956522487          0.138061733664          0.138423899241          0.138181170725          0.137777950363          0.137328735898          0.137113556453          0.137172142428          0.137464131859          0.137831135591          0.138095144764          0.138127920514          0.137910223549          0.137539698801          0.137188057329          0.137029498335          0.137161532959          0.137577630437          0.138125548717          0.138629009427          0.138768178894          0.138320810754          0.136995617938          0.133619898254          0.128828220904                      
        0.175500073125          0.131016497991          0.137450976316          0.137009437531          0.138025300551          0.138308879788          0.138038499039          0.137675642283          0.137320342808          0.137211586259          0.137339182782          0.137626078772          0.137908281302          0.138038791587          0.137946288142          0.137671086290          0.137346167906          0.137140523322          0.137179086862          0.137500858767          0.137996311200          0.138510452743          0.138714838545          0.138353505081          0.137093180216          0.133730624791          0.128898969266                       
        0.175648416905          0.131123678587          0.137504264038          0.136973236465          0.137910620606          0.138166105683          0.137936044809          0.137667256621          0.137418523411          0.137378691252          0.137501028830          0.137703150494          0.137852012679          0.137857280758          0.137707124265          0.137477420257          0.137298601947          0.137290234709          0.137518478918          0.137919355080          0.138380889337          0.138596211267          0.138300325436          0.137125661390          0.133825874107          0.129005821198                        
        0.175792325715          0.131174317234          0.137468078027          0.136859417642          0.137768263360          0.138063610014          0.137927688366          0.137765700930          0.137585887607          0.137540620928          0.137578084120          0.137646995223          0.137670753489          0.137618295014          0.137513460285          0.137429851987          0.137448496418          0.137629912333          0.137937071564          0.138303771135          0.138466585053          0.138182054801          0.137073008783          0.133857592039          0.129097817870                         
        0.175860492634          0.131139638849          0.137353892495          0.136718169318          0.137666063528          0.138055295388          0.138026338828          0.137933482600          0.137748069503          0.137617738399          0.137522015416          0.137466010380          0.137432092028          0.137424787056          0.137465922660          0.137579904163          0.137788558466          0.138048858633          0.138321580508          0.138389441863          0.138052817842          0.136955796788          0.133806199119          0.129128550031                          
        0.175814211249          0.131030660742          0.137212062006          0.136616795466          0.137657768712          0.138154057877          0.138194422567          0.138096050395          0.137825308569          0.137561677883          0.137341196378          0.137227682469          0.137238841740          0.137377303300          0.137616025964          0.137920269916          0.138207966458          0.138433691825          0.138407278917          0.137975905947          0.136827668422          0.133691777652          0.129079067700                           
        0.175668158577          0.130895436123          0.137110175280          0.136608609528          0.137756240361          0.138322278597          0.138357254558          0.138173453900          0.137769163960          0.137380804674          0.137103052917          0.137034683715          0.137191415666          0.137527313771          0.137956455787          0.138340031999          0.138593218434          0.138519461976          0.137993689070          0.136751374905          0.133566694097          0.128968702265                            
        0.175486743580          0.130798397722          0.137101814938          0.136706351724          0.137923971272          0.138485212161          0.138434753867          0.138117144674          0.137588013708          0.137142566135          0.136910180954          0.136987296201          0.137341217891          0.137867506999          0.138376277880          0.138725601692          0.138679074134          0.138105535251          0.136768943511          0.133492208671          0.128847968899                             
        0.175356418696          0.130790578858          0.137199840840          0.136872790011          0.138086433767          0.138562726926          0.138378304121          0.137935532473          0.137349409044          0.136949601422          0.136862795828          0.137136863877          0.137680949492          0.138287028367          0.138761896357          0.138811516764          0.138264668586          0.136879776655          0.133509352003          0.128776002004                              
        0.175345720609          0.130884167656          0.137366921531          0.137033971456          0.138163727433          0.138506188013          0.138196346363          0.137696340396          0.137156147034          0.136902173057          0.137012215264          0.137476104339          0.138099906319          0.138672368263          0.138847812416          0.138396714183          0.137037523972          0.133617543864          0.128792441168                               
        0.175471098080          0.131043512937          0.137528817282          0.137110625192          0.138107355906          0.138324060917          0.137956731369          0.137502616638          0.137108644053          0.137051628157          0.137351169338          0.137894471112          0.138484730151          0.138758218247          0.138432901175          0.137168458074          0.133771538432          0.128896776571                                
        0.175684801917          0.131197813482          0.137605907098          0.137054648639          0.137925757729          0.138084258150          0.137762686469          0.137455017520          0.137258325847          0.137390698097          0.137769201416          0.138278758922          0.138570468501          0.138343575540          0.137204389490          0.133899362249          0.129045378317                                 
        0.175891875645          0.131271182393          0.137549838649          0.136874431891          0.137686647663          0.137890084580          0.137715035501          0.137605086388          0.137597912050          0.137808885627          0.138153188249          0.138364386617          0.138156388144          0.137115896448          0.133934446284          0.129168792977                                  
        0.175990480565          0.131217575427          0.137368981633          0.136637173593          0.137493032342          0.137842431780          0.137865400004          0.137945520063          0.138016736456          0.138193019204          0.138238758612          0.137950923244          0.136930366741          0.133848065986          0.129202752319                                   
        0.175918772403          0.131045032018          0.137130776296          0.136445079624          0.137445513710          0.137992947777          0.138206457304          0.138365377837          0.138401454505          0.138278628389          0.137825671147          0.136726681932          0.133666955013          0.129119492613                                    
        0.175687456363          0.130817889305          0.136937845992          0.136397962064          0.137595592935          0.138334297161          0.138627066657          0.138751040492          0.138487193328          0.137865421488          0.136602481580          0.133468116653          0.128944772609                                     
        0.175382789930          0.130633994357          0.136890435579          0.136546909846          0.137935957468          0.138755247662          0.139013413473          0.138836983013          0.138073362293          0.136641832463          0.133346867470          0.128752882060                                      
        0.175136029616          0.130588899185          0.137039880731          0.136884660136          0.138355696169          0.139141901243          0.139099499067          0.138422105663          0.136847918905          0.133385274851          0.128635811373                                       
        0.175075388548          0.130731508857          0.137378911993          0.137301156849          0.138741238265          0.139228045186          0.138683836606          0.137193598858          0.133586450092          0.128672780504                                        
        0.175266524328          0.131054867179          0.137797046056          0.137683714563          0.138827136646          0.138811998132          0.137453062655          0.133923897579          0.128866833640                                         
        0.175700137636          0.131453608883          0.138181128790          0.137768938311          0.138412288584          0.137580149721          0.134177186099          0.129192415696                                          
        0.176234921274          0.131819855545          0.138266723576          0.137357251593          0.137183987306          0.134301253373          0.129436853706                                           
        0.176726152512          0.131901441439          0.137853552305          0.136138369218          0.133914530786          0.129556648313                                            
        0.176835624171          0.131507287700          0.136630091022          0.132893841256          0.129183586949                                             
        0.176307198482          0.130340338726          0.133373815928          0.128199055624                                              
        0.174742439652          0.127233996478          0.128661765420                                               
        0.170577842518          0.122739196942                                                
        0.164551356645                                                 
