        0.020606164932          0.014260725317          0.019611705732          0.021409405646          0.018681025275          0.024523788136          0.018111687466          0.025871098664          0.017815886124          0.026456236243          0.017675883779          0.026710652216          0.017612324733          0.026821397701          0.017584019562          0.026869652349          0.017571531239          0.026890693623          0.017566047554          0.026899873076          0.017563645754          0.026903878911          0.017562595259          0.026905627339          0.017562136157          0.026906390558          0.017561935602          0.026906723736          0.017561848014          0.026906869187          0.017561809767          0.026906932687          0.017561793068          0.026906960409          0.017561785777          0.026906972512          0.017561782593          0.026906977796          0.017561781203          0.026906980103          0.017561780597          0.026906981111          0.017561780331          0.026906981552          0.017561780214          0.026906981748          0.017561780161          0.026906981842          0.017561780134          0.026906981900
        0.198095772874          0.038698288601          0.143481969680          0.068924493121          0.120558410119          0.085700059170          0.109827947051          0.094006245990          0.104939223000          0.097888757548          0.102759131980          0.099647803527          0.101797817646          0.100431661041          0.101376143639          0.100777835154          0.101191623304          0.100929957636          0.101110970045          0.100996619537          0.101075736242          0.101025785143          0.101060348545          0.101038533926          0.101053629284          0.101044103720          0.101050695469          0.101046536366          0.101049414545          0.101047598657          0.101048855300          0.101048062493          0.101048611141          0.101048265010          0.101048504545          0.101048353427          0.101048458008          0.101048392029          0.101048437693          0.101048408879          0.101048428828          0.101048416230          0.101048424969          0.101048419426          0.101048423308          0.101048420792          0.101048422639          0.101048421321          0.101048422476          0.101048421397
        0.089370998517          0.034824633718          0.077483625494          0.051935989651          0.070626113094          0.060403172084          0.066859476985          0.064416840383          0.065007179849          0.066253500694          0.064149398687          0.067075797813          0.063763674567          0.067439695484          0.063592680940          0.067599751434          0.063517416412          0.067669919540          0.063484409915          0.067700625684          0.063469963821          0.067714049390          0.063463648008          0.067719914427          0.063460888425          0.067722476116          0.063459683091          0.067723594782          0.063459156728          0.067724083240          0.063458926893          0.067724296509          0.063458826544          0.067724389622          0.063458782731          0.067724430275          0.063458763602          0.067724448025          0.063458755249          0.067724455776          0.063458751601          0.067724459165          0.063458750002          0.067724460656          0.063458749292          0.067724461332          0.063458748955          0.067724461687          0.063458748743          0.067724461977
        0.161789368859          0.034394254972          0.118340309709          0.059009343982          0.100141249620          0.072436763191          0.091604835889          0.079035357018          0.087707560917          0.082107628942          0.085967291319          0.083496427944          0.085199301800          0.084114464771          0.084862267563          0.084387188927          0.084714743092          0.084506977809          0.084650249909          0.084559456136          0.084622072991          0.084582412488          0.084609766562          0.084592446155          0.084604392606          0.084596829509          0.084602046144          0.084598743909          0.084601021652          0.084599579877          0.084600574361          0.084599944887          0.084600379078          0.084600104255          0.084600293822          0.084600173833          0.084600256602          0.084600204208          0.084600240356          0.084600217465          0.084600233271          0.084600223242          0.084600230198          0.084600225741          0.084600228900          0.084600226778          0.084600228435          0.084600227107          0.084600228463          0.084600226966
        0.115156443317          0.035914350775          0.093810947915          0.055678229744          0.083285291036          0.065814600748          0.077891634292          0.070687736891          0.075321372122          0.072932931347          0.074148842608          0.073941933390          0.073625598519          0.074389432123          0.073394586038          0.074586510921          0.073293131881          0.074672974301          0.073248696294          0.074710827815          0.073229261908          0.074727380269          0.073220768698          0.074734613354          0.073217058610          0.074737772833          0.073215438332          0.074739152614          0.073214730819          0.074739755103          0.073214421900          0.074740018163          0.073214287023          0.074740133017          0.073214228137          0.074740183163          0.073214202426          0.074740205058          0.073214191198          0.074740214624          0.073214186289          0.074740218814          0.073214184130          0.074740220675          0.073214183149          0.074740221560          0.073214182636          0.074740222114          0.073214182216          0.074740222738
        0.147110515349          0.034424778649          0.109972802573          0.057129398241          0.094069666627          0.069299910878          0.086503559932          0.075242757750          0.083022955502          0.078000972423          0.081462546148          0.079245554033          0.080772456469          0.079798821426          0.080469252277          0.080042810452          0.080336448145          0.080149938271          0.080278368536          0.080196859775          0.080252988279          0.080217382756          0.080241901953          0.080226352208          0.080237060451          0.080230270481          0.080234946392          0.080231981719          0.080234023349          0.080232728961          0.080233620345          0.080233055228          0.080233444396          0.080233197679          0.080233367581          0.080233259870          0.080233334048          0.080233287018          0.080233319416          0.080233298861          0.080233313045          0.080233304010          0.080233310303          0.080233306210          0.080233309196          0.080233307058          0.080233308920          0.080233307173          0.080233309274          0.080233306637
        0.126574346264          0.035667871162          0.099994772479          0.056420344693          0.087624656662          0.067217710153          0.081466153687          0.072435128386          0.078570591398          0.074844760749          0.077258311888          0.075929121342          0.076674683638          0.076410419336          0.076417479334          0.076622480732          0.076304635622          0.076715542266          0.076255239357          0.076756290763          0.076233642257          0.076774110720          0.076224205615          0.076781898078          0.076220083838          0.076785299770          0.076218283873          0.076786785353          0.076217497925          0.076787434047          0.076217154766          0.076787717284          0.076217004942          0.076787840948          0.076216939528          0.076787894942          0.076216910966          0.076787918522          0.076216898488          0.076787928831          0.076216893023          0.076787933366          0.076216890595          0.076787935425          0.076216889440          0.076787936503          0.076216888718          0.076787937386          0.076216887904          0.076787938714
        0.140670467914          0.034751689479          0.106692896258          0.056707946016          0.091868229985          0.068363815542          0.084738449340          0.074035770042          0.081440757616          0.076663865746          0.079958278529          0.077848622759          0.079301703650          0.078375007881          0.079012998138          0.078607067695          0.078886489322          0.078708938816          0.078831149293          0.078753553102          0.078806962838          0.078773065720          0.078796397135          0.078781593294          0.078791782784          0.078785318458          0.078789767860          0.078786945340          0.078788888087          0.078787655741          0.078788503972          0.078787965922          0.078788336271          0.078788101347          0.078788263057          0.078788160469          0.078788231101          0.078788186273          0.078788217165          0.078788197518          0.078788211119          0.078788202381          0.078788208565          0.078788204397          0.078788207647          0.078788205034          0.078788207697          0.078788204754          0.078788208752          0.078788203353
        0.131665821146          0.035434300268          0.102521515839          0.056582578176          0.089285263718          0.067654637452          0.082778881761          0.073016384308          0.079738032192          0.075495185106          0.078363965768          0.076611294338          0.077753788198          0.077106843015          0.077485103204          0.077325223930          0.077367275572          0.077421069037          0.077315710634          0.077463038964          0.077293168560          0.077481393723          0.077283319823          0.077489414954          0.077279018249          0.077492918847          0.077277139817          0.077494449074          0.077276319619          0.077495117265          0.077275961508          0.077495409016          0.077275805156          0.077495536399          0.077275736890          0.077495592021          0.077275707078          0.077495616320          0.077275694044          0.077495626964          0.077275688310          0.077495631692          0.077275685708          0.077495633941          0.077275684344          0.077495635347          0.077275683229          0.077495636932          0.077275681549          0.077495639849
        0.137843894043          0.034965410207          0.105343412403          0.056615336724          0.091008522529          0.068054089317          0.084072624223          0.073611083327          0.080855211872          0.076183878088          0.079406706971          0.077343201580          0.078764690792          0.077858158445          0.078482271385          0.078085147413          0.078358489173          0.078184784247          0.078304335023          0.078228417956          0.078280665166          0.078247501186          0.078270324714          0.078255840975          0.078265808632          0.078259484076          0.078263836592          0.078261075110          0.078262975537          0.078261769855          0.078262599594          0.078262073198          0.078262435461          0.078262205636          0.078262363810          0.078262263449          0.078262332544          0.078262288670          0.078262318931          0.078262299635          0.078262313071          0.078262304319          0.078262310706          0.078262306125          0.078262310114          0.078262306367          0.078262310865          0.078262305221          0.078262313507          0.078262301854
        0.133913355825          0.035302857052          0.103579030124          0.056614045810          0.089949350239          0.067802523222          0.083287706606          0.073225878948          0.080182676677          0.075734277221          0.078781470557          0.076863984112          0.078159666901          0.077365638224          0.077885962691          0.077586726890          0.077765958080          0.077683764718          0.077713446327          0.077726258008          0.077690491802          0.077744841920          0.077680463224          0.077752963359          0.077676083192          0.077756511043          0.077674170521          0.077758060399          0.077673335378          0.077758736945          0.077672970743          0.077759032346          0.077672811541          0.077759161326          0.077672742026          0.077759217654          0.077672711658          0.077759242282          0.077672698355          0.077759253116          0.077672692447          0.077759258033          0.077672689636          0.077759260610          0.077672687878          0.077759262718          0.077672685898          0.077759265891          0.077672682252          0.077759272435
        0.136610100922          0.035077778129          0.104777656707          0.056600065520          0.090661229999          0.067946121222          0.083810763773          0.073453789488          0.080628475067          0.076002830142          0.079194777717          0.077151227759          0.078559094368          0.077661275945          0.078279406539          0.077886087255          0.078156808522          0.077984764712          0.078103169266          0.078027977411          0.078079723675          0.078046876296          0.078069481001          0.078055135468          0.078065007574          0.078058743339          0.078063054148          0.078060318983          0.078062201219          0.078061007007          0.078061828824          0.078061307413          0.078061666245          0.078061438564          0.078061595280          0.078061495804          0.078061564334          0.078061520749          0.078061550907          0.078061531537          0.078061545236          0.078061536010          0.078061543196          0.078061537422          0.078061543306          0.078061536798          0.078061545645          0.078061533687          0.078061551913          0.078061525824
        0.134898372695          0.035237312001          0.104026419249          0.056616506929          0.090221024336          0.067854787369          0.083490779393          0.073304657859          0.080357572687          0.075825817554          0.078944492923          0.076961390486          0.078317612023          0.077465678795          0.078041717926          0.077687935705          0.077920763962          0.077785488101          0.077867839423          0.077828207173          0.077844705105          0.077846889939          0.077834598138          0.077855054608          0.077830183910          0.077858621182          0.077828256316          0.077860178791          0.077827414658          0.077860858942          0.077827047177          0.077861155921          0.077826886727          0.077861285600          0.077826816657          0.077861342253          0.077826786021          0.077861367069          0.077826772544          0.077861378092          0.077826766427          0.077861383336          0.077826763223          0.077861386614          0.077826760600          0.077861390310          0.077826756654          0.077861397110          0.077826748512          0.077861411960
        0.136073134696          0.035132514887          0.104538136819          0.056601109742          0.090518281070          0.067907349083          0.083705291548          0.073393735681          0.080538340334          0.075932517196          0.079111093465          0.077076195672          0.078478165542          0.077584123997          0.078199665531          0.077807995026          0.078077582310          0.077906258293          0.078024166860          0.077949289249          0.078000818741          0.077968108559          0.077990618563          0.077976332933          0.077986163674          0.077979925597          0.077984218338          0.077981494598          0.077983368942          0.077982179718          0.077982998094          0.077982478852          0.077982836198          0.077982609436          0.077982765552          0.077982666403          0.077982734792          0.077982691172          0.077982721553          0.077982701750          0.077982716207          0.077982705829          0.077982714870          0.077982706376          0.077982716567          0.077982703786          0.077982722533          0.077982696179          0.077982737105          0.077982678021
        0.135328371294          0.035206190302          0.104216862699          0.056614024181          0.090333692976          0.067873721526          0.083573301434          0.073335052445          0.080427766223          0.075861736051          0.079009503197          0.076999849070          0.078380408439          0.077505278052          0.078103560009          0.077728040804          0.077982192436          0.077825815989          0.077929088082          0.077868632811          0.077905875448          0.077887358373          0.077895734337          0.077895541756          0.077891305214          0.077899116509          0.077889371119          0.077900677691          0.077888526622          0.077901359408          0.077888157897          0.077901657079          0.077887996893          0.077901787080          0.077887926556          0.077901843920          0.077887895745          0.077901868925          0.077887882060          0.077901880274          0.077887875549          0.077901886220          0.077887871480          0.077901891086          0.077887866891          0.077901898409          0.077887858448          0.077901913515          0.077887840012          0.077901947387
        0.135839685770          0.035158226008          0.104436107767          0.056604094982          0.090458742160          0.067893170208          0.083662154344          0.073370345333          0.080501893982          0.075904682144          0.079077456437          0.077046315918          0.078445727634          0.077553325877          0.078167744361          0.077776789621          0.078045885060          0.077874873502          0.077992566949          0.077917825751          0.077969261223          0.077936610601          0.077959079528          0.077944819907          0.077954632702          0.077948405985          0.077952690887          0.077949972107          0.077951843031          0.077950655966          0.077951472864          0.077950954537          0.077951311286          0.077951084850          0.077951240825          0.077951141642          0.077951210253          0.077951166202          0.077951197339          0.077951176386          0.077951192696          0.077951179600          0.077951192945          0.077951178181          0.077951198270          0.077951171095          0.077951212540          0.077951153193          0.077951246135          0.077951111454
        0.135515716861          0.035191779626          0.104298270700          0.056611747975          0.090380849418          0.067880685543          0.083607249849          0.073346982567          0.080456330034          0.075876062649          0.079035806787          0.077015277919          0.078405747375          0.077521201872          0.078128483254          0.077744184104          0.078006935547          0.077842055949          0.077953752885          0.077884915177          0.077930506147          0.077903659306          0.077920350168          0.077911850808          0.077915914557          0.077915429111          0.077913977629          0.077916991847          0.077913131891          0.077917674251          0.077912762613          0.077917972243          0.077912601343          0.077918102431          0.077912530831          0.077918159459          0.077912499813          0.077918184790          0.077912485734          0.077918196841          0.077912478358          0.077918204374          0.077912472323          0.077918212867          0.077912463238          0.077918228495          0.077912444500          0.077918262623          0.077912402482          0.077918340068
        0.135738208642          0.035170060175          0.104392459322          0.056606266707          0.090433741023          0.067887924947          0.083644322662          0.073361105071          0.080486979931          0.075893512593          0.079063765961          0.077034258770          0.078432559148          0.077540870116          0.078154800764          0.077764157102          0.078033038906          0.077862163139          0.077979763154          0.077905081236          0.077956475876          0.077923851133          0.077946302224          0.077932053900          0.077941858908          0.077935637118          0.077939918629          0.077937201987          0.077939071452          0.077937885287          0.077938701602          0.077938183589          0.077938540209          0.077938313727          0.077938469935          0.077938370310          0.077938439689          0.077938394476          0.077938427477          0.077938403795          0.077938424420          0.077938405043          0.077938428297          0.077938399128          0.077938441927          0.077938381747          0.077938475219          0.077938340263          0.077938552386          0.077938244510
        0.135597271374          0.035185204662          0.104333178974          0.056610337769          0.090400717512          0.067883270833          0.083621340642          0.073351723253          0.080468071067          0.075881844470          0.079046562640          0.077021538687          0.078416082977          0.077527677703          0.078138637801          0.077750755290          0.078017011645          0.077848669126          0.077963794881          0.077891546777          0.077940533291          0.077910298971          0.077930370836          0.077918494001          0.077925932398          0.077922073850          0.077923994232          0.077923637270          0.077923147942          0.077924319993          0.077922778398          0.077924618171          0.077922616954          0.077924748547          0.077922546234          0.077924805901          0.077922514822          0.077924831934          0.077922499878          0.077924845572          0.077922490537          0.077924856733          0.077922480005          0.077924873531          0.077922460626          0.077924908181          0.077922418306          0.077924985881          0.077922322274          0.077925163139
        0.135694088606          0.035175439143          0.104373727088          0.056607523134          0.090423180297          0.067885970941          0.083636893862          0.073357416185          0.080480823254          0.075888985246          0.079058142288          0.077029345647          0.078427162770          0.077535783761          0.078149502298          0.077758993938          0.078027782861          0.077856966152          0.077974525550          0.077899869410          0.077951246303          0.077918632810          0.077941076155          0.077926832734          0.077936634372          0.077930414705          0.077934694769          0.077931979018          0.077933847909          0.077932662050          0.077933478243          0.077932960177          0.077933317037          0.077933090107          0.077933247089          0.077933146296          0.077933217544          0.077933169597          0.077933206920          0.077933176950          0.077933207491          0.077933173702          0.077933219673          0.077933157492          0.077933252324          0.077933116530          0.077933329188          0.077933021032          0.077933506168          0.077932801549
        0.135632763435          0.035182233108          0.104348184506          0.056609571994          0.090409130095          0.067884235415          0.083627228427          0.073353624352          0.080472933861          0.075884198318          0.079050996075          0.077024100837          0.078420333329          0.077530333382          0.078142809290          0.077753452435          0.078021148964          0.077851384530          0.077967917347          0.077894270191          0.077944649287          0.077913025894          0.077934484009          0.077921222462          0.077930044335          0.077924802992          0.077928105618          0.077926366730          0.077927259063          0.077927049638          0.077926889345          0.077927348004          0.077926727693          0.077927478705          0.077926656580          0.077927536761          0.077926624303          0.077927564381          0.077926607393          0.077927581647          0.077926593556          0.077927601113          0.077926572729          0.077927636933          0.077926529768          0.077927715155          0.077926433434          0.077927892669          0.077926213671          0.077928298595
        0.135674899807          0.035177863857          0.104365668630          0.056608184203          0.090418699543          0.067885240664          0.083633780804          0.073355931805          0.080478264847          0.075887136151          0.079055816098          0.077027328736          0.078424935578          0.077533691497          0.078147317746          0.077756868269          0.078025616784          0.077854825773          0.077972367504          0.077897722577          0.077949091756          0.077916483150          0.077938923137          0.077924681833          0.077934482030          0.077928263251          0.077932542743          0.077929827297          0.077931696067          0.077930510154          0.077931326588          0.077930808073          0.077931165708          0.077930937610          0.077931096462          0.077930992934          0.077931068504          0.077931014269          0.077931061507          0.077931017126          0.077931070383          0.077931003583          0.077931101587          0.077930963791          0.077931177810          0.077930868815          0.077931354488          0.077930649586          0.077931760135          0.077930146661
        0.135648209470          0.035180898721          0.104354647116          0.056609182090          0.090412705648          0.067884595764          0.083629701159          0.073354391955          0.080474959574          0.075885162950          0.079052834674          0.077025156127          0.078422092164          0.077531429375          0.078144533770          0.077754566472          0.078022858559          0.077852506511          0.077969620471          0.077895395660          0.077946349591          0.077914152893          0.077936183078          0.077922350139          0.077931742855          0.077925930985          0.077929803873          0.077927494908          0.077928957144          0.077928178004          0.077928587219          0.077928476695          0.077928425173          0.077928608098          0.077928353195          0.077928667742          0.077928318952          0.077928698989          0.077928297547          0.077928724560          0.077928273414          0.077928763047          0.077928229006          0.077928842439          0.077928132031          0.077929020475          0.077927911966          0.077929426656          0.077927408761          0.077930356514
        0.135666551314          0.035178950672          0.104362195618          0.056608514941          0.090416792056          0.067884967830          0.083632470454          0.073355330939          0.080477196323          0.075886376530          0.079054848755          0.077026496064          0.078424011360          0.077532826028          0.078146412102          0.077755988261          0.078024719188          0.077853939362          0.077971473408          0.077896833356          0.077948199189          0.077915592694          0.077938031245          0.077923790826          0.077933590453          0.077927371978          0.077931651350          0.077928935850          0.077930804860          0.077929618499          0.077930435707          0.077929916025          0.077930275528          0.077930044696          0.077930207870          0.077930098054          0.077930183539          0.077930114893          0.077930184847          0.077930107455          0.077930212745          0.077930070331          0.077930287521          0.077929976525          0.077930463558          0.077929757818          0.077930868903          0.077929255148          0.077931798482          0.077928102862
        0.135654932392          0.035180302196          0.104357434613          0.056608990785          0.090414229741          0.067884730055          0.083630743705          0.073354703465          0.080475807193          0.075885560254          0.079053600751          0.077025592909          0.078422823489          0.077531883879          0.078145250126          0.077755028833          0.078023568430          0.077852972333          0.077970327520          0.077895863003          0.077947055406          0.077914620911          0.077936888345          0.077922818473          0.077932447857          0.077926399503          0.077930508702          0.077927963613          0.077929661765          0.077928647035          0.077929291446          0.077928946428          0.077929128536          0.077929079418          0.077929054592          0.077929142689          0.077929015853          0.077929182241          0.077928984152          0.077929226834          0.077928936438          0.077929308894          0.077928838016          0.077929488099          0.077928617310          0.077929894802          0.077928113804          0.077930824915          0.077926961238          0.077932955497
        0.135662918019          0.035179435869          0.104360696747          0.056608675467          0.090415977955          0.067884866313          0.083631917019          0.073355086642          0.080476748321          0.075886063093          0.079054444843          0.077026150809          0.078423626237          0.077532466491          0.078146035071          0.077755622392          0.078024345665          0.077853570704          0.077971101414          0.077896463469          0.077947827869          0.077915222258          0.077937660240          0.077923420125          0.077933219631          0.077927001103          0.077931280715          0.077928564768          0.077930434551          0.077929247024          0.077930066100          0.077929543684          0.077929907508          0.077929670389          0.077929843477          0.077929719252          0.077929827452          0.077929725795          0.077929847781          0.077929694776          0.077929919251          0.077929603637          0.077930093841          0.077929386101          0.077930498545          0.077928883953          0.077931427822          0.077927731921          0.077933558124          0.077925091759
        0.135657859043          0.035180036385          0.104358638338          0.056608899100          0.090414880838          0.067884779780          0.083631184582          0.073354830349          0.080476163079          0.075885724513          0.079053921102          0.077025774367          0.078423128696          0.077532073058          0.078145548812          0.077755221435          0.078023864287          0.077853166446          0.077970622143          0.077896057788          0.077947349481          0.077914816010          0.077937182155          0.077923013756          0.077932741494          0.077926594973          0.077930802131          0.077928159409          0.077929954801          0.077928843532          0.077929583618          0.077929144512          0.077929418741          0.077929281130          0.077929340301          0.077929352706          0.077929291267          0.077929411280          0.077929235985          0.077929499445          0.077929134257          0.077929681318          0.077928912104          0.077930089191          0.077928407956          0.077931019826          0.077927255089          0.077933150662          0.077924614646          0.077938034068
        0.135661336391          0.035179651857          0.104360049178          0.056608751848          0.090415629821          0.067884828852          0.083631682659          0.073354987004          0.080476559927          0.075885933329          0.079054275662          0.077026007182          0.078423465243          0.077532316640          0.078145877605          0.077755469781          0.078024189731          0.077853416874          0.077970946155          0.077896309093          0.077947672925          0.077915067618          0.077937505479          0.077923265311          0.077933065057          0.077926846082          0.077931126467          0.077928409353          0.077930281004          0.077929090744          0.077929914140          0.077929385439          0.077929759176          0.077929507648          0.077929703450          0.077929546215          0.077929706446          0.077929529177          0.077929770348          0.077929444144          0.077929941632          0.077929229275          0.077930344888          0.077928728296          0.077931273524          0.077927576787          0.077933403525          0.077924936879          0.077938286651          0.077918886825
        0.135659133298          0.035179918220          0.104359158618          0.056608855853          0.090415159470          0.067884797986          0.083631371457          0.073354882164          0.080476312898          0.075885792616          0.079054055434          0.077025849966          0.078423256430          0.077532152024          0.078145673701          0.077755301896          0.078023987939          0.077853247574          0.077970745246          0.077896139229          0.077947472320          0.077914897634          0.077937304821          0.077923095567          0.077932863953          0.077926677110          0.077930924196          0.077928242248          0.077930076002          0.077928927958          0.077929702852          0.077929232565          0.077929533479          0.077929377488          0.077929444744          0.077929468086          0.077929372129          0.077929570232          0.077929262833          0.077929758211          0.077929037374          0.077930168751          0.077928531779          0.077931100556          0.077927378271          0.077933231914          0.077924737527          0.077938115575          0.077918687192          0.077949314296
        0.135660647738          0.035179747799          0.104359769170          0.056608787694          0.090415480721          0.067884815214          0.083631583213          0.073354946278          0.080476480521          0.075885879472          0.079054204630          0.077025947283          0.078423397781          0.077532254027          0.078145811683          0.077755405960          0.078024124486          0.077853352510          0.077970881225          0.077896244466          0.077947608178          0.077915002819          0.077937440919          0.077923200304          0.077933000823          0.077926780682          0.077931062934          0.077928343087          0.077930219058          0.077929022512          0.077929855821          0.077929312711          0.077929709162          0.077929424625          0.077929672458          0.077929439611          0.077929719027          0.077929368559          0.077929882742          0.077929159795          0.077930282693          0.077928661484          0.077931209881          0.077927511145          0.077933339241          0.077924871759          0.077938222066          0.077918821959          0.077949420507          0.077904954675
        0.135659688190          0.035179865787          0.104359383660          0.056608835685          0.090415278870          0.067884804537          0.083631450812          0.073354903359          0.080476376097          0.075885820913          0.079054111883          0.077025881532          0.078423310001          0.077532185061          0.078145726028          0.077755335593          0.078024039716          0.077853281583          0.077970796758          0.077896173420          0.077947523659          0.077914932012          0.077937355953          0.077923130270          0.077932914691          0.077926712515          0.077930974070          0.077928279240          0.077930123909          0.077928968578          0.077929746264          0.077929281490          0.077929566596          0.077929445435          0.077929454280          0.077929579605          0.077929327650          0.077929781565          0.077929094623          0.077930198210          0.077928585722          0.077931132682          0.077927430767          0.077933265211          0.077924789382          0.077938149393          0.077918738746          0.077949348369          0.077904871181          0.077975050724
        0.135660347840          0.035179790347          0.104359648015          0.056608804350          0.090415416788          0.067884810350          0.083631540949          0.073354929610          0.080476446995          0.075885857078          0.079054174755          0.077025922252          0.078423369464          0.077532227808          0.078145784047          0.077755379204          0.078024097165          0.077853325492          0.077970854088          0.077896217276          0.077947581228          0.077914975421          0.077937414294          0.077923172514          0.077932974899          0.077926752026          0.077931038598          0.077928312466          0.077930198350          0.077928987395          0.077929843417          0.077929267298          0.077929715780          0.077929355631          0.077929722648          0.077929316603          0.077929869031          0.077929121820          0.077930261413          0.077928629615          0.077931185296          0.077927481943          0.077933313208          0.077924843727          0.077938195391          0.077918794449          0.077949393531          0.077904927419          0.077975095607          0.077873131526
        0.135659929861          0.035179842553          0.104359481056          0.056608826359          0.090415330091          0.067884806833          0.083631484557          0.073354912038          0.080476402797          0.075885832690          0.079054135639          0.077025894739          0.078423332499          0.077532198917          0.078145747972          0.077755349758          0.078024061395          0.077853295930          0.077970818265          0.077896187954          0.077947544958          0.077914946871          0.077937376858          0.077923145831          0.077932934732          0.077926729663          0.077930992145          0.077928300015          0.077930137488          0.077928997658          0.077929749547          0.077929329592          0.077929546298          0.077929537109          0.077929379968          0.077929771092          0.077929129608          0.077930201719          0.077928613139          0.077931142297          0.077927454877          0.077933277493          0.077924812045          0.077938162845          0.077918760768          0.077949362343          0.077904892902          0.077975064953          0.077873096727          0.078034133101
        0.135660217220          0.035179809191          0.104359595566          0.056608812029          0.090415389347          0.067884808668          0.083631522966          0.073354922781          0.080476432822          0.075885847751          0.079054162177          0.077025911770          0.078423357575          0.077532216798          0.078145772475          0.077755367934          0.078024085777          0.077853314051          0.077970842886          0.077896205627          0.077947570351          0.077914963379          0.077937404119          0.077923159607          0.077932966312          0.077926737153          0.077931033637          0.077928293097          0.077930201694          0.077928957731          0.077929865784          0.077929214053          0.077929781719          0.077929248372          0.077929888401          0.077929085613          0.077930263450          0.077928607389          0.077931179765          0.077927465822          0.077933304371          0.077924830273          0.077938185107          0.077918782165          0.077949382606          0.077904915657          0.077975084380          0.077873120018          0.078034152248          0.077800190003
        0.135660035127          0.035179832270          0.104359523229          0.056608822075          0.090415352082          0.067884807606          0.083631498922          0.073354915596          0.080476414088          0.075885837603          0.079054145643          0.077025900284          0.078423341942          0.077532204766          0.078145757150          0.077755355788          0.078024070400          0.077853302145          0.077970827062          0.077896194495          0.077947553361          0.077914954114          0.077937384397          0.077923154660          0.077932940304          0.077926742120          0.077930993221          0.077928320777          0.077930128269          0.077929037441          0.077929716748          0.077929412948          0.077929459484          0.077929720278          0.077929169423          0.077930182929          0.077928635621          0.077931137488          0.077927469792          0.077933278789          0.077924823653          0.077938166809          0.077918770929          0.077949367477          0.077904902422          0.077975070609          0.077873105946          0.078034139011          0.077800175649          0.078170162778
        0.135660160322          0.035179817528          0.104359572850          0.056608815549          0.090415377562          0.067884808113          0.083631515308          0.073354919981          0.080476426831          0.075885843856          0.079054156889          0.077025907361          0.078423352607          0.077532212132          0.078145767692          0.077755363098          0.078024081181          0.077853309008          0.077970838615          0.077896200191          0.077947566782          0.077914957078          0.077937402137          0.077923151340          0.077932967957          0.077926724390          0.077931043588          0.077928270039          0.077930230667          0.077928911092          0.077929938329          0.077929113400          0.077929954078          0.077929023987          0.077930289426          0.077928577787          0.077931188407          0.077927450202          0.077933305446          0.077924820758          0.077938182876          0.077918775318          0.077949378927          0.077904909979          0.077975080060          0.077873114862          0.078034147627          0.077800185101          0.078170171115          0.077632901690
        0.135660080984          0.035179827723          0.104359541496          0.056608820118          0.090415361530          0.067884807851          0.083631505039          0.073354917059          0.080476418861          0.075885839666          0.079054149843          0.077025902643          0.078423345873          0.077532207304          0.078145760907          0.077755358512          0.078024073949          0.077853305195          0.077970830218          0.077896198245          0.077947555653          0.077914959452          0.077937384722          0.077923163626          0.077932936134          0.077926759390          0.077930978756          0.077928357069          0.077930090223          0.077929117306          0.077929624686          0.077929592626          0.077929243692          0.077930128623          0.077928670190          0.077931115206          0.077927487027          0.077933270488          0.077924833320          0.077938164613          0.077918777290          0.077949367949          0.077904907335          0.077975072251          0.077873110219          0.078034141175          0.077800179621          0.078170165197          0.077632895927          0.078484285697
        0.135660135535          0.035179821213          0.104359563010          0.056608817154          0.090415372499          0.067884807943          0.083631512051          0.073354918826          0.080476424308          0.075885842213          0.079054154694          0.077025905468          0.078423350599          0.077532210070          0.078145765871          0.077755360830          0.078024079685          0.077853306346          0.077970837821          0.077896196664          0.077947567575          0.077914951586          0.077937406558          0.077923141351          0.077932980682          0.077926704106          0.077931075335          0.077928226174          0.077930305986          0.077928813212          0.077930113462          0.077928891790          0.077930357877          0.077928518936          0.077931217158          0.077927423374          0.077933316863          0.077924807912          0.077938186725          0.077918768577          0.077949379470          0.077904905906          0.077975079156          0.077873111959          0.078034146082          0.077800182720          0.078170169268          0.077632899562          0.078484289491          0.077249728043
        0.135660100961          0.035179825715          0.104359549410          0.056608819230          0.090415365587          0.067884807926          0.083631507638          0.073354917673          0.080476420863          0.075885840562          0.079054151570          0.077025903715          0.078423347426          0.077532208561          0.078145762252          0.077755360093          0.078024074900          0.077853307477          0.077970830304          0.077896202115          0.077947553773          0.077914966949          0.077937378347          0.077923179428          0.077932919463          0.077926794214          0.077930938504          0.077928435465          0.077929995956          0.077929295516          0.077929406689          0.077929999503          0.077928742254          0.077931059432          0.077927519390          0.077933246738          0.077924848350          0.077938154845          0.077918784752          0.077949364285          0.077904911492          0.077975071255          0.077873112928          0.078034141349          0.077800181689          0.078170165893          0.077632897694          0.078484286649          0.077249725890          0.079211925280
        0.135660124738          0.035179822840          0.104359558749          0.056608817880          0.090415370330          0.067884807891          0.083631510679          0.073354918335          0.080476423277          0.075885841483          0.079054153852          0.077025904572          0.078423349944          0.077532208969          0.078145765542          0.077755359335          0.078024080058          0.077853303987          0.077970839781          0.077896192339          0.077947573162          0.077914942764          0.077937420450          0.077923122234          0.077933013596          0.077926661409          0.077931151821          0.077928129462          0.077930482286          0.077928592769          0.077930518429          0.077928387905          0.077931286776          0.077927365691          0.077933346780          0.077924782252          0.077938199309          0.077918756898          0.077949384487          0.077904900333          0.077975080866          0.077873109053          0.078034146345          0.077800180983          0.078170168890          0.077632898347          0.078484288810          0.077249727081          0.079211927167          0.076377036764
        0.135660109663          0.035179824829          0.104359552836          0.056608818832          0.090415367323          0.067884807955          0.083631508726          0.073354917959          0.080476421665          0.075885841017          0.079054152195          0.077025904353          0.078423347842          0.077532209523          0.078145762275          0.077755361757          0.078024074058          0.077853310729          0.077970827496          0.077896208994          0.077947546469          0.077914982132          0.077937360748          0.077923213633          0.077932878283          0.077926871992          0.077930843309          0.077928613057          0.077929777031          0.077929701774          0.077928904323          0.077930929693          0.077927590526          0.077933190346          0.077924879786          0.077938130476          0.077918798854          0.077949353898          0.077904918026          0.077975066973          0.077873116156          0.078034139735          0.077800183470          0.078170165449          0.077632898834          0.078484286727          0.077249726730          0.079211925614          0.076377036125          0.080899268597
        0.135660120039          0.035179823556          0.104359556911          0.056608818203          0.090415369415          0.067884807865          0.083631510132          0.073354918092          0.080476422925          0.075885841078          0.079054153689          0.077025903963          0.078423350107          0.077532207966          0.078145766407          0.077755357468          0.078024082510          0.077853300154          0.077970845860          0.077896184010          0.077947587547          0.077914924140          0.077937453856          0.077923080029          0.077933090575          0.077926565189          0.077931328614          0.077927909511          0.077930887745          0.077928089378          0.077931447820          0.077927235152          0.077933416891          0.077924725061          0.077938229719          0.077918731731          0.077949397563          0.077904889147          0.077975086375          0.077873103972          0.078034148547          0.077800178570          0.078170169645          0.077632897103          0.078484288924          0.077249726359          0.079211926978          0.076377036293          0.080899269690          0.074422503023
        0.135660113448          0.035179824442          0.104359554309          0.056608818663          0.090415368047          0.067884807993          0.083631509143          0.073354918154          0.080476421899          0.075885841393          0.079054152220          0.077025905053          0.078423347473          0.077532210925          0.078145761040          0.077755364746          0.078024070858          0.077853317344          0.077970819800          0.077896223914          0.077947528478          0.077915016075          0.077937319175          0.077923291148          0.077932782696          0.077927049320          0.077930623992          0.077929019052          0.077929274272          0.077930631701          0.077927752203          0.077933060344          0.077924950529          0.077938073821          0.077918829897          0.077949329266          0.077904931735          0.077975056322          0.077873122297          0.078034135190          0.077800186305          0.078170163571          0.077632900223          0.078484286019          0.077249727478          0.079211925429          0.076377036574          0.080899268669          0.074422503012          0.084782901349
        0.135660118003          0.035179823868          0.104359556135          0.056608818335          0.090415369063          0.067884807820          0.083631509987          0.073354917894          0.080476422972          0.075885840679          0.079054154063          0.077025903171          0.078423351183          0.077532206310          0.078145769070          0.077755353845          0.078024088800          0.077853292036          0.077970860456          0.077896165597          0.077947621164          0.077914882146          0.077937531046          0.077922984020          0.077933267578          0.077926345450          0.077931734284          0.077927406330          0.077931817347          0.077926936836          0.077933578146          0.077924594734          0.077938300041          0.077918674750          0.077949428184          0.077904864190          0.077975099663          0.077873092997          0.078034154267          0.077800173699          0.078170172059          0.077632894901          0.078484289891          0.077249725325          0.079211927303          0.076377035781          0.080899269711          0.074422502762          0.084782902128          0.070227061257
        0.135660115082          0.035179824278          0.104359554922          0.056608818613          0.090415368307          0.067884808079          0.083631509210          0.073354918415          0.080476421755          0.075885841977          0.079054151681          0.077025906337          0.078423346069          0.077532213795          0.078145757670          0.077755371244          0.078024062992          0.077853332147          0.077970801639          0.077896257739          0.077947486736          0.077915093472          0.077937223419          0.077923468359          0.077932563209          0.077927455198          0.077930121063          0.077929948861          0.077928121982          0.077932762234          0.077925112036          0.077937943701          0.077918900471          0.077949272493          0.077904962608          0.077975031573          0.077873135837          0.078034124422          0.077800192277          0.078170158908          0.077632902889          0.078484284023          0.077249728697          0.079211924604          0.076377037152          0.080899268367          0.074422503292          0.084782901307          0.070227061488          0.093442736760
        0.135660117143          0.035179823997          0.104359555847          0.056608818362          0.090415369008          0.067884807713          0.083631510130          0.073354917590          0.080476423443          0.075885839983          0.079054155236          0.077025901611          0.078423353943          0.077532202784          0.078145775457          0.077755345824          0.078024103493          0.077853273719          0.077970894170          0.077896123699          0.077947698451          0.077914786234          0.077937708146          0.077922764378          0.077933673346          0.077925842366          0.077932663983          0.077926253886          0.077933947770          0.077924296514          0.077938461393          0.077918544520          0.077949498603          0.077904807307          0.077975130381          0.077873068137          0.078034167652          0.077800162821          0.078170177876          0.077632890128          0.078484292402          0.077249723220          0.079211928367          0.076377034845          0.080899270133          0.074422502346          0.084782902244          0.070227061088          0.093442737449          0.062066831754
        0.135660115761          0.035179824222          0.104359555128          0.056608818650          0.090415368299          0.067884808280          0.083631508986          0.073354918936          0.080476421135          0.075885843197          0.079054150196          0.077025909144          0.078423342618          0.077532220229          0.078145749723          0.077755385982          0.078024044750          0.077853365908          0.077970759815          0.077896335072          0.077947390898          0.077915270618          0.077937003850          0.077923874172          0.077932060198          0.077928384942          0.077928968691          0.077932079330          0.077925481734          0.077937645527          0.077919061896          0.077949142309          0.077905033100          0.077974974735          0.077873166629          0.078034099607          0.077800205735          0.078170148075          0.077632908779          0.078484279296          0.077249731281          0.079211922543          0.076377038289          0.080899267476          0.074422503790          0.084782900940          0.070227061690          0.093442736659          0.062066832049          0.111098496142
        0.135660116831          0.035179824034          0.104359555833          0.056608818300          0.090415369204          0.067884807463          0.083631510658          0.073354916952          0.080476424674          0.075885838482          0.079054158055          0.077025898145          0.078423360390          0.077532194823          0.078145790209          0.077755327568          0.078024137267          0.077853231882          0.077970971517          0.077896027847          0.077947875611          0.077914566651          0.077938113973          0.077922261354          0.077934603105          0.077924689980          0.077934794466          0.077923613624          0.077938831077          0.077918246360          0.077949660014          0.077904677136          0.077975200859          0.077873011313          0.078034198430          0.077800138021          0.078170191320          0.077632879309          0.078484298279          0.077249718507          0.079211930938          0.076377032799          0.080899271257          0.074422501468          0.084782902726          0.070227060728          0.093442737621          0.062066831634          0.111098496871          0.049359854806
        0.135660115979          0.035179824235          0.104359555080          0.056608818803          0.090415368023          0.067884808744          0.083631508311          0.073354920097          0.080476419593          0.075885845943          0.079054146687          0.077025915516          0.078423334613          0.077532234906          0.078145731423          0.077755419681          0.078024002868          0.077853443178          0.077970663919          0.077896512156          0.077947171271          0.077915676369          0.077936500782          0.077924803855          0.077930907769          0.077930515349          0.077926328385          0.077936962561          0.077919431536          0.077948844073          0.077905194468          0.077974844489          0.077873237063          0.078034042707          0.077800236469          0.078170123198          0.077632922179          0.078484268400          0.077249737113          0.079211917752          0.076377040816          0.080899265352          0.074422504870          0.084782899986          0.070227062134          0.093442736232          0.062066832205          0.111098495992          0.049359855075          0.139766221248
        0.135660116839          0.035179824004          0.104359556080          0.056608818104          0.090415369793          0.067884806887          0.083631511954          0.073354915516          0.080476427560          0.075885835082          0.079054164570          0.077025890251          0.078423375210          0.077532176634          0.078145824052          0.077755285798          0.078024214682          0.077853136098          0.077971148745          0.077895808333          0.077948281506          0.077914063695          0.077939043800          0.077921109037          0.077936733656          0.077922049787          0.077939677841          0.077917563538          0.077950029767          0.077904379045          0.077975362339          0.077872881211          0.078034268977          0.077800081267          0.078170222168          0.077632854578          0.078484311793          0.077249707757          0.079211936885          0.076377028154          0.080899273899          0.074422499489          0.084782903921          0.070227059914          0.093442738170          0.062066831329          0.111098497098          0.049359854722          0.139766222108          0.037506445288
        0.135660115895          0.035179824325          0.104359554745          0.056608819185          0.090415367279          0.067884809812          0.083631506695          0.073354922744          0.080476416009          0.075885852213          0.079054138605          0.077025930089          0.078423316235          0.077532268500          0.078145689464          0.077755496846          0.078023906894          0.077853620156          0.077970444215          0.077896917801          0.077946668125          0.077916605946          0.077935348274          0.077926934155          0.077928267385          0.077935398473          0.077920278109          0.077948161000          0.077905564030          0.077974546146          0.077873398352          0.078033912354          0.077800306825          0.078170066191          0.077632952834          0.078484243415          0.077249750435          0.079211906747          0.076377046570          0.080899260450          0.074422507320          0.084782897751          0.070227063142          0.093442735170          0.062066832587          0.111098495472          0.049359855190          0.139766221041          0.037506445508 
        0.135660117172          0.035179823885          0.104359556769          0.056608817627          0.090415371202          0.067884805563          0.083631514960          0.073354912235          0.080476434199          0.075885827311          0.079054179516          0.077025872187          0.078423409179          0.077532134991          0.078145901594          0.077755190141          0.078024392037          0.077852916711          0.077971554768          0.077895305505          0.077949211462          0.077912911506          0.077941174479          0.077918468971          0.077941617159          0.077915999829          0.077950876659          0.077903696351          0.077975732221          0.077872583248          0.078034430586          0.077799951293          0.078170292845          0.077632797952          0.078484342771          0.077249683154          0.079211950532          0.076377017532          0.080899279980          0.074422494970          0.084782906697          0.070227058053          0.093442739494          0.062066830614          0.111098497760          0.049359854484          0.139766222408          0.037506445229  
        0.135660115450          0.035179824561          0.104359553879          0.056608820072          0.090415365526          0.067884812258          0.083631502965          0.073354928801          0.080476407776          0.075885866567          0.079054120075          0.077025963460          0.078423274122          0.077532345440          0.078145593335          0.077755673598          0.078023687035          0.077854025575          0.077969940913          0.077897847150          0.077945515462          0.077918736019          0.077932707735          0.077931817051          0.077922216953          0.077946596684          0.077906410447          0.077973862844          0.077873767758          0.078033613781          0.077800467958          0.078169935607          0.077633023034          0.078484186175          0.077249780934          0.079211881526          0.076377059736          0.080899249207          0.074422512922          0.084782892610          0.070227065450          0.093442732703          0.062066833474          0.111098494205          0.049359855490          0.139766220379          0.037506445591   
        0.135660118072          0.035179823590          0.104359558399          0.056608816526          0.090415374455          0.067884802530          0.083631521862          0.073354904726          0.080476449416          0.075885809517          0.079054213761          0.077025830818          0.078423487000          0.077532039611          0.078146079229          0.077754971033          0.078024798341          0.077852414162          0.077972485004          0.077894153596          0.077951342421          0.077910271721          0.077946058264          0.077912419295          0.077952816259          0.077902132923          0.077976579395          0.077871900836          0.078034800750          0.077799653611          0.078170454738          0.077632668260          0.078484413734          0.077249626810          0.079211981799          0.076376993210          0.080899293920          0.074422484622          0.084782913072          0.070227053790          0.093442742557          0.062066828971          0.111098499339          0.049359853917          0.139766223248          0.037506445050    
        0.135660114321          0.035179825111          0.104359551853          0.056608822111          0.090415361491          0.067884817863          0.083631494407          0.073354942675          0.080476388910          0.075885899443          0.079054077620          0.077026039896          0.078423177649          0.077532521683          0.078145373130          0.077756078505          0.078023183387          0.077854954411          0.077968787904          0.077899976709          0.077942874576          0.077923618400          0.077926656956          0.077943014746          0.077908348944          0.077972298011          0.077874613828          0.078032929961          0.077800837016          0.078169636512          0.077633183818          0.078484055064          0.077249850785          0.079211823754          0.076377089888          0.080899223448          0.074422525750          0.084782880825          0.070227070734          0.093442727035          0.062066835512          0.111098491269          0.049359856194          0.139766218782          0.037506445818     
        0.135660120192          0.035179822906          0.104359562155          0.056608813997          0.090415381918          0.067884795581          0.083631537677          0.073354887527          0.080476484279          0.075885768762          0.079054292208          0.077025736063          0.078423665267          0.077531821133          0.078146486167          0.077754469118          0.078025729212          0.077851262888          0.077974616601          0.077891514447          0.077956226844          0.077904222682          0.077957258003          0.077898553027          0.077978519635          0.077870338047          0.078035648567          0.077798971839          0.078170825549          0.077632371220          0.078484576279          0.077249497760          0.079212053422          0.076376937504          0.080899325855          0.074422460924          0.084782927682          0.070227044027          0.093442749585          0.062066825205          0.111098502983          0.049359852612          0.139766225237          0.037506444621      
        0.135660111686          0.035179826378          0.104359547193          0.056608826785          0.090415352238          0.067884830702          0.083631474800          0.073354974454          0.080476345691          0.075885974747          0.079053980371          0.077026214988          0.078422956662          0.077532925428          0.078144868696          0.077757006172          0.078022029590          0.077857082797          0.077966146228          0.077904857914          0.077936823007          0.077934814916          0.077912788156          0.077968714892          0.077876551533          0.078031363942          0.077801682292          0.078168951499          0.077633552082          0.078483754767          0.077250010774          0.079211691428          0.076377158949          0.080899164445          0.074422555129          0.084782853829          0.070227082837          0.093442714046          0.062066840181          0.111098484529          0.049359857814          0.139766215087          0.037506446352       
        0.135660125076          0.035179821335          0.104359570770          0.056608808203          0.090415399017          0.067884779665          0.083631573907          0.073354848131          0.080476564138          0.075885675409          0.079054471910          0.077025519012          0.078424073651          0.077531320658          0.078147418491          0.077753319293          0.078027862266          0.077848625194          0.077979502482          0.077885466865          0.077967428045          0.077890357873          0.077982962844          0.077866759612          0.078037590278          0.077797410515          0.078171674844          0.077631690914          0.078484948581          0.077249202186          0.079212217474          0.076376809912          0.080899399004          0.074422406643          0.084782961151          0.070227021665          0.093442765688          0.062066816577          0.111098511339          0.049359849617          0.139766229821          0.037506443629        
        0.135660105628          0.035179829282          0.104359536513          0.056608837491          0.090415331040          0.067884860110          0.083631429886          0.073355047246          0.080476246691          0.075886147247          0.079053757605          0.077026616096          0.078422450436          0.077533850432          0.078143713099          0.077759131880          0.078019386110          0.077861961314          0.077960092852          0.077916051735          0.077922952397          0.077960512358          0.077880988932          0.078027778108          0.077803618182          0.078167382750          0.077634395540          0.078483067001          0.077250377220          0.079211388346          0.076377317131          0.080899029299          0.074422622423          0.084782791993          0.070227110560          0.093442684292          0.062066850878          0.111098469086          0.049359861527          0.139766206607          0.037506447582         
        0.135660136275          0.035179817735          0.104359590506          0.056608794931          0.090415438185          0.067884743207          0.083631656897          0.073354757892          0.080476747073          0.075885461571          0.079054883579          0.077025021806          0.078425009287          0.077530174134          0.078149554871          0.077750684917          0.078032751484          0.077842580942          0.077990707028          0.077871605394          0.077993136239          0.077858567804          0.078042036853          0.077793835431          0.078173619939          0.077630132947          0.078485801289          0.077248525238          0.079212593228          0.076376517677          0.080899566551          0.074422282317          0.084783037812          0.070226970445          0.093442802575          0.062066796813          0.111098530485          0.049359842755          0.139766240335          0.037506441353          
        0.135660091744          0.035179835936          0.104359512046          0.056608862014          0.090415282482          0.067884927475          0.083631327005          0.073355213993          0.080476019918          0.075886542418          0.079053247307          0.077027535060          0.078421290733          0.077535970039          0.078141065496          0.077764004259          0.078013328600          0.077873148970          0.077946218101          0.077941742989          0.077891149024          0.078019569360          0.077808051425          0.078163790666          0.077636327267          0.078481491948          0.077251216515          0.079210694204          0.076377679437          0.080898719761          0.074422776556          0.084782650359          0.070227174060          0.093442616140          0.062066875379          0.111098433710          0.049359870034          0.139766187179          0.037506450404           
        0.135660161931          0.035179809487          0.104359635715          0.056608764529          0.090415527907          0.067884659698          0.083631847004          0.073354551186          0.080477166148          0.075884971725          0.079055826741          0.077023882768          0.078427153256          0.077527547318          0.078154451714          0.077744648269          0.078043963680          0.077828727103          0.078016422898          0.077839822979          0.078052217955          0.077785651295          0.078178074265          0.077626565551          0.078487754201          0.077246974961          0.079213453842          0.076375848377          0.080899950308          0.074421997561          0.084783213402          0.070226853127          0.093442887067          0.062066751545          0.111098574342          0.049359827038          0.139766264421          0.037506436139            
        0.135660059938          0.035179851176          0.104359456000          0.056608918189          0.090415171256          0.067885081787          0.083631091341          0.073355595984          0.080475500439          0.075887447780          0.079052078277          0.077029640825          0.078418633726          0.077540828435          0.078134998539          0.077775177841          0.077999444374          0.077898826079          0.077914405233          0.078000785773          0.077818202003          0.078155567609          0.077640750978          0.078477885429          0.077253138708          0.079209104548          0.076378509251          0.080898010832          0.074423129590          0.084782325962          0.070227319505          0.093442460039          0.062066931500          0.111098352680          0.049359889519          0.139766142674          0.037506456868             
        0.135660220700          0.035179790593          0.104359739275          0.056608694891          0.090415733435          0.067884468406          0.083632282510          0.073354077676          0.080478126279          0.075883849546          0.079057987955          0.077021273106          0.078432067493          0.077521527995          0.078165681398          0.077730811860          0.078069697111          0.077796962188          0.078075522254          0.077766924025          0.078188273114          0.077618399012          0.078492226426          0.077243425172          0.079215424859          0.076374315613          0.080900829255          0.074421345388          0.084783615582          0.070226584424          0.093443080592          0.062066647859          0.111098674798          0.049359791037          0.139766319595          0.037506424197              
        0.135659987082          0.035179886086          0.104359327620          0.056609046869          0.090414916476          0.067885435293          0.083630551496          0.073356471151          0.080474310376          0.075889522378          0.079049399897          0.077034467495          0.078412545218          0.077551969950          0.078121092659          0.077800822645          0.077967609782          0.077957836352          0.077841436431          0.078136751280          0.077650879730          0.078469629329          0.077257540585          0.079205464593          0.076380409728          0.080896387315          0.074423938169          0.084781583000          0.070227652637          0.093442102508          0.062067060045          0.111098167085          0.049359934151          0.139766040736          0.037506471674               
        0.135660355320          0.035179747316          0.104359976500          0.056608535373          0.090416204267          0.067884030206          0.083633280282          0.073352992925          0.080480326376          0.075881278510          0.079062941720          0.077015293091          0.078443337066          0.077507731296          0.078191454963          0.077699086908          0.078128836824          0.077724103374          0.078211618036          0.077599712008          0.078502466258          0.077235298941          0.079219938547          0.076370805927          0.080902842258          0.074419851849          0.084784536723          0.070225969016          0.093443523852          0.062066410378          0.111098904890          0.049359708579          0.139766445972          0.037506396841                
        0.135659820197          0.035179966055          0.104359033546          0.056609341656          0.090414332840          0.067886245198          0.083629314776          0.073358476557          0.080471583809          0.075894277608          0.079043262416          0.077045536252          0.078398589942          0.077577541156          0.078089208418          0.077859758678          0.077894591153          0.078093726992          0.077674064200          0.078450737388          0.077267619344          0.079197131949          0.076384761877          0.080892669822          0.074425790012          0.084779881544          0.070228415633          0.093441283659          0.062067354468          0.111097741999          0.049360036378          0.139765807250          0.037506505587                 
        0.135660663696          0.035179648183          0.104360519945          0.056608169961          0.090417282975          0.067883026345          0.083635566634          0.073350507637          0.080485369265          0.075875387005          0.079074301941          0.077001586487          0.078469202183          0.077476097391          0.078250686909          0.077626319757          0.078265025540          0.077556983430          0.078525904990          0.077216704171          0.079230273314          0.076362771497          0.080907452095          0.074416431977          0.084786646362          0.070224559673          0.093444539079          0.062065866480          0.111099431902          0.049359519718          0.139766735437          0.037506334185                  
        0.135659437922          0.035180149252          0.104358359900          0.056610017032          0.090412995803          0.067888101060          0.083626481315          0.073363073192          0.080465335908          0.075905182536          0.079029194890          0.077070940472          0.078366592443          0.077636308048          0.078016075908          0.077995478356          0.077727104631          0.078407540210          0.077290689383          0.079178064858          0.076394726777          0.080884159679          0.074430030787          0.084775985590          0.070230163082          0.093439408414          0.062068028805          0.111096768431          0.049360270524          0.139765272475          0.037506583265                   
        0.135661370137          0.035179421096          0.104361765016          0.056607332846          0.090419754787          0.067880726386          0.083640807230          0.073344812624          0.080496933868          0.075861883273          0.079100375105          0.076970159160          0.078528644530          0.077403539075          0.078387088026          0.077459410063          0.078579527107          0.077174186487          0.079253929349          0.076344386792          0.080918007010          0.074408603153          0.084791477498          0.070221332590          0.093446864199          0.062064620899          0.111100638954          0.049359087172          0.139767398438          0.037506190677                    
        0.135658562229          0.035180568967          0.104356816660          0.056611564627          0.090409932502          0.067892354922          0.083619988464          0.073373614423          0.080451015292          0.075930210747          0.078996940017          0.077129323601          0.078293200157          0.077771638222          0.077848328173          0.078308896771          0.077343468023          0.079134467194          0.076417536194          0.080864686428          0.074439740679          0.084767066912          0.070234164790          0.093435114522          0.062069573204          0.111094538864          0.049360806804          0.139764047689          0.037506761182                     
        0.135662988641          0.035178900867          0.104364618039          0.056605414921          0.090425420480          0.067875456053          0.083652825225          0.073331759265          0.080523476116          0.075830921103          0.079160295581          0.076898074668          0.078665530163          0.077237108398          0.078702080092          0.077077094712          0.079308048604          0.076302349431          0.080942166956          0.074390688924          0.084802539110          0.070213945103          0.093452188794          0.062061768797          0.111103403400          0.049358096600          0.139768916957          0.037505862004                      
        0.135656556126          0.035181530728          0.104353280926          0.056615111902          0.090402912977          0.067902110088          0.083605106406          0.073397807900          0.080418180119          0.075987729746          0.078922957394          0.077263770036          0.078124856558          0.078084157153          0.077464093244          0.079034909217          0.076469718593          0.080820160063          0.074461966389          0.084746658832          0.070243327304          0.093425284878          0.062073109923          0.111089433652          0.049362035017          0.139761242806          0.037507168679                       
        0.135666697372          0.035177708963          0.104371157516          0.056601020015          0.090438413327          0.067863376089          0.083680408065          0.073301829736          0.080584474627          0.075759903537          0.079298282264          0.076732730825          0.078981641125          0.076855890258          0.079431737794          0.076206354502          0.080997439040          0.074349727323          0.084827858874          0.070197040758          0.093464380252          0.062055239719          0.111109734062          0.049355828410          0.139772394737          0.037505109311                        
        0.135651959918          0.035183735199          0.104345178824          0.056623246688          0.090386823745          0.067924499446          0.083570983927          0.073453408541          0.080342866469          0.076120186234          0.078753259710          0.077574248141          0.077739256771          0.078808086008          0.076588981110          0.080718481340          0.074512813410          0.084699994944          0.070264300077          0.093402792291          0.062081207773          0.111077746723          0.049364847661          0.139754820252          0.037508101946                         
        0.135675198234          0.035174977728          0.104386154167          0.056590946590          0.090468233579          0.067835678419          0.083743798029          0.073233180727          0.080724943839          0.075597006953          0.079616935889          0.076354002134          0.079713890676          0.075987648995          0.081123763011          0.074256188962          0.084885784337          0.070158388298          0.093492286210          0.062040299621          0.111124229065          0.049350636034          0.139780358956          0.037503385810                          
        0.135641427753          0.035188790601          0.104326608252          0.056641917068          0.090349933385          0.067975953922          0.083492717596          0.073581447378          0.080170115742          0.076426068941          0.078364558323          0.078293449560          0.076861036114          0.080486826427          0.074629023929          0.084593435054          0.070312280684          0.093351362093          0.062099743556          0.111051004220          0.049371287634          0.139740117641          0.037510239154                           
        0.135694692830          0.035168717549          0.104420573406          0.056567849635          0.090536765487          0.067772148598          0.083889774352          0.073075717024          0.081049330385          0.075223883839          0.080355075344          0.075491430704          0.081411926208          0.074043080258          0.085018172588          0.070070123001          0.093556128255          0.062006138492          0.111157407780          0.049338754631          0.139798594232          0.037499440345                            
        0.135617287310          0.035200393399          0.104284028526          0.056684824711          0.090265318397          0.068094444844          0.083313194157          0.073877128372          0.079774421197          0.077134625434          0.077479273632          0.079961227385          0.074894116885          0.084350659367          0.070421940034          0.093233918038          0.062142148923          0.110989856422          0.049386028576          0.139706474535          0.037515132614                             
        0.135739435432          0.035154363835          0.104499674555          0.056514872420          0.090694582835          0.067626427036          0.084226878510          0.072715038207          0.081800749765          0.074374079359          0.082066769152          0.073559560485          0.085320169285          0.069869027937          0.093702038814          0.061928129428          0.111233312611          0.049311587328          0.139840334343          0.037490412175                              
        0.135561936647          0.035227058561          0.104186363908          0.056783633727          0.090071232723          0.068368076770          0.082901986364          0.074562053290          0.078873209281          0.078777718421          0.075496533341          0.083799828532          0.070672088827          0.092966344928          0.062239066098          0.110850221621          0.049419752268          0.139629548230          0.037526333626                               
        0.135842261387          0.035121440888          0.104681831068          0.056393355903          0.091059031556          0.067292644205          0.085007757371          0.071893576164          0.083543238790          0.072470802820          0.086006448476          0.069412765766          0.094034881844          0.061750401166          0.111406792587          0.049249549103          0.139935825568          0.037469768902                                
        0.135434979481          0.035288463902          0.103962345636          0.057011814088          0.089626669371          0.069001926520          0.081965442332          0.076150346306          0.076854797354          0.082559504297          0.071240545082          0.092359251519          0.062460148153          0.110532091276          0.049496827536          0.139453882230          0.037551958819                                 
        0.136079052103          0.035045923860          0.105102486395          0.056115015987          0.091903252239          0.066532438967          0.086818560875          0.070053777164          0.087553797191          0.068385384957          0.094791258480          0.061347155652          0.111802525432          0.049108207247          0.140154070112          0.037422628705                                  
        0.135143771409          0.035430267692          0.103449220107          0.057540378381          0.088614156572          0.070471779792          0.079867898339          0.079806003132          0.072522239279          0.090992238960          0.062962551047          0.109810289164          0.049672647340          0.139053661905          0.037610525024                                   
        0.136625874581          0.034872948173          0.106076905860          0.055481084454          0.093860940999          0.064829834628          0.090986353670          0.066104614999          0.096496655397          0.060439154224          0.112701817444          0.048787518411          0.140651917394          0.037315229066                                    
        0.134476744144          0.035758746529          0.102280553904          0.058766082034          0.086346468061          0.073854832599          0.075365481837          0.087957491621          0.064095315209          0.108184983177          0.050072193010          0.138145606827          0.037744122982                                     
        0.137892551671          0.034478988355          0.108336516497          0.054061290793          0.098366808750          0.061175163311          0.100279817638          0.058423404699          0.114729444622          0.048065412620          0.141783261658          0.037071551317                                      
        0.132957559892          0.036520465994          0.099663134228          0.061587193681          0.081478833245          0.081398460824          0.066608179259          0.104576828311          0.050973045736          0.136100908798          0.038047720671                                       
        0.140829887313          0.033596650715          0.113537295551          0.051013677761          0.108414121956          0.054066744413          0.119227425418          0.046462348615          0.144334095365          0.036522853970                                        
        0.129555097547          0.038273659476          0.094044795077          0.067877789384          0.072011172732          0.096778485897          0.052971449734          0.131561709900          0.038732240178                                         
        0.147590536001          0.031702696852          0.125134141921          0.045086001047          0.128898685142          0.042997629807          0.149992729827          0.035304754106                                          
        0.122251649964          0.042182980610          0.083116997546          0.080703119151          0.057268285353          0.121751092396          0.040250742016                                           
        0.162665624441          0.028018913479          0.148777908901          0.035855519018          0.162159550017          0.032672062278                                            
        0.108046278177          0.050153343843          0.066100408486          0.101527656952          0.043515723866                                             
        0.193400866326          0.022282585765          0.187168385258          0.027245077359                                              
        0.085925903651          0.063094853610          0.050226876977                                               
        0.243305798052          0.016931585138                                                
        0.065291423922                                                 
