        0.135005642862          0.104531919285          0.107255705652          0.109261777796          0.110187986527          0.111184034706          0.111030822697          0.110900817047          0.110452964909          0.110116233546          0.109842052379          0.109740964534          0.109782561292          0.109941505799          0.110152321442          0.110349905820          0.110478452673          0.110507907065          0.110439477807          0.110302868576          0.110145566202          0.110017514819          0.109956153263          0.109975987405          0.110065626230          0.110192725685          0.110315041270          0.110394002434          0.110406579006          0.110351832599          0.110250293144          0.110136602947          0.110047975862          0.110012248886          0.110039301062          0.110118438260          0.110222403089          0.110316578334          0.110370344783          0.110366919372          0.110308537178          0.110215382045          0.110118712282          0.110050496392          0.110032962047          0.110071436444          0.110152754249          0.110249700558          0.110330014963          0.110367016384
        0.176750661125          0.130485388275          0.139844207510          0.138627487112          0.140071857297          0.140253985642          0.140056537609          0.139838630225          0.139501766317          0.139330668915          0.139231302597          0.139263858210          0.139360948774          0.139495395813          0.139617430997          0.139697768500          0.139719316680          0.139684434641          0.139610177491          0.139522671255          0.139448969749          0.139409489738          0.139412888685          0.139454543553          0.139518901721          0.139584768329          0.139631910792          0.139647009898          0.139627266426          0.139580698855          0.139523178894          0.139473221128          0.139446183646          0.139449657241          0.139481402511          0.139530381324          0.139580476149          0.139615683009          0.139625138648          0.139606423971          0.139566146566          0.139517669399          0.139476747514          0.139456477842          0.139463161164          0.139494367723          0.139539793344          0.139584613539          0.139614260307          0.139619101364
        0.172618016351          0.130164735819          0.138492473628          0.136926399641          0.138234292633          0.138219410127          0.138104934120          0.137914552407          0.137691808604          0.137594145719          0.137557899078          0.137610830754          0.137696468171          0.137792565970          0.137865225920          0.137900075870          0.137892689930          0.137851961279          0.137794285133          0.137738745925          0.137701463179          0.137691516991          0.137709148665          0.137746529685          0.137790720110          0.137827814517          0.137847068845          0.137843840284          0.137820574549          0.137785653699          0.137750546293          0.137726179002          0.137719641901          0.137732196244          0.137759129163          0.137791430843          0.137818726924          0.137832538733          0.137828867707          0.137809327334          0.137780505483          0.137751790472          0.137732364389          0.137728312358          0.137740744887          0.137765504596          0.137794531769          0.137818448977          0.137829548651          0.137824244022
        0.175432493672          0.130988522216          0.139544630811          0.137628082507          0.138910209233          0.138914432484          0.138843299965          0.138723293454          0.138548417477          0.138486586065          0.138459327596          0.138503044944          0.138564820946          0.138632079955          0.138678708415          0.138696991405          0.138685679083          0.138653241077          0.138612395450          0.138576595100          0.138556057808          0.138555308565          0.138572524532          0.138600699163          0.138630192938          0.138651801481          0.138659452393          0.138651777881          0.138632197656          0.138607580110          0.138585951481          0.138573976791          0.138574974453          0.138588043086          0.138608523632          0.138629603650          0.138644528470          0.138648716645          0.138641132321          0.138624514186          0.138604418964          0.138587401657          0.138578914020          0.138581584023          0.138594413899          0.138613140557          0.138631631489          0.138643864361          0.138645858827          0.138636950677
        0.175684721277          0.131101481670          0.139576034109          0.137502088328          0.138854077706          0.138868401512          0.138877998008          0.138803578768          0.138670713798          0.138622216770          0.138589139278          0.138610029834          0.138641707835          0.138680359061          0.138707550751          0.138719846733          0.138716176660          0.138701453661          0.138682342297          0.138665638457          0.138656178749          0.138655821388          0.138663377619          0.138675400361          0.138687531258          0.138695917785          0.138698310733          0.138694560122          0.138686449272          0.138676969566          0.138669298374          0.138665794011          0.138667313734          0.138673043036          0.138680861272          0.138688095171          0.138692401181          0.138692495327          0.138688514972          0.138681918257          0.138674971516          0.138669993198          0.138668597586          0.138671183796          0.138676824588          0.138683594333          0.138689214171          0.138691802373          0.138690488810          0.138685699790
        0.175812833184          0.131068880240          0.139473898855          0.137451848429          0.138831637606          0.138918607549          0.138966701524          0.138923311585          0.138794354711          0.138734870565          0.138678722453          0.138674036207          0.138684185909          0.138710610705          0.138736745573          0.138757959180          0.138769486780          0.138771286718          0.138765243158          0.138754787841          0.138743591517          0.138734679197          0.138729868149          0.138729592785          0.138733101121          0.138738857300          0.138745042772          0.138750026497          0.138752723901          0.138752777241          0.138750536559          0.138746870632          0.138742880831          0.138739605814          0.138737786187          0.138737729920          0.138739288351          0.138741933886          0.138744919225          0.138747474173          0.138748991695          0.138749157947          0.138748001821          0.138745864526          0.138743305736          0.138740969958          0.138739438184          0.138739091834          0.138740021840          0.138742005851
        0.175706797328          0.130912875947          0.139380404240          0.137379516377          0.138831304245          0.138954697031          0.139032677973          0.138993174413          0.138853508243          0.138771787334          0.138690777068          0.138665157753          0.138663353701          0.138688712218          0.138723513442          0.138759550621          0.138787232458          0.138801849292          0.138801979700          0.138789885885          0.138770352254          0.138749333154          0.138732451495          0.138723690392          0.138724586514          0.138734041797          0.138748794097          0.138764402632          0.138776490246          0.138781911153          0.138779537331          0.138770466504          0.138757618080          0.138744848720          0.138735839960          0.138733067353          0.138737132461          0.138746640374          0.138758648862          0.138769553819          0.138776149155          0.138776552878          0.138770735663          0.138760505744          0.138748961894          0.138739573294          0.138735153949          0.138737031829          0.138744655097          0.138755753397
        0.175484643397          0.130820555758          0.139307287441          0.137381045965          0.138868299734          0.139019187638          0.139098488134          0.139045742588          0.138882579198          0.138775925575          0.138675170027          0.138639424648          0.138638416433          0.138673707779          0.138723655465          0.138775193051          0.138814348288          0.138833589800          0.138830844472          0.138809871842          0.138778520909          0.138746408501          0.138722345883          0.138712155713          0.138717425113          0.138735411027          0.138760082843          0.138783967609          0.138800286082          0.138804794276          0.138796842051          0.138779384987          0.138757984203          0.138739108455          0.138728239176          0.138728318905          0.138738974823          0.138756719287          0.138776049837          0.138791113882          0.138797446630          0.138793272841          0.138779997524          0.138761749143          0.138744121047          0.138732486225          0.138730387207          0.138738475781          0.138754315069          0.138773102430
        0.175354944419          0.130749709398          0.139307022445          0.137414302316          0.138930365036          0.139080619521          0.139147343304          0.139070430303          0.138882727261          0.138756394846          0.138645846831          0.138611102305          0.138620183954          0.138670637084          0.138735987060          0.138798820059          0.138842407462          0.138858626266          0.138846940857          0.138814186538          0.138771857195          0.138732718745          0.138707372458          0.138701646073          0.138715455261          0.138743289030          0.138776111820          0.138804091665          0.138819395205          0.138818287287          0.138801985245          0.138776072433          0.138748689928          0.138728065399          0.138720111011          0.138726775171          0.138745595850          0.138770550270          0.138793925188          0.138808646832          0.138810382504          0.138798797063          0.138777600047          0.138753382949          0.138733604740          0.138724334727          0.138728424343          0.138744647577          0.138768062532          0.138791489609
        0.175261175397          0.130748878918          0.139344539639          0.137475391451          0.138994338986          0.139129098024          0.139172591139          0.139070082724          0.138863042941          0.138726952292          0.138617837206          0.138593521812          0.138618037632          0.138683965905          0.138760496670          0.138827508303          0.138867775262          0.138874812402          0.138851234497          0.138807550263          0.138758377636          0.138718205039          0.138697552296          0.138700499895          0.138724154921          0.138760008204          0.138796714674          0.138823462036          0.138832998649          0.138823505054          0.138798834936          0.138767118814          0.138738194336          0.138720649530          0.138719347398          0.138734126108          0.138760007673          0.138788810796          0.138811667949          0.138821696633          0.138816035883          0.138796649147          0.138769667266          0.138743484720          0.138726193705          0.138723130565          0.138735262552          0.138758890010          0.138786752486          0.138810216889
        0.175262573169          0.130780335356          0.139409922074          0.137536025981          0.139044327850          0.139153252027          0.139172643508          0.139050087204          0.138833617840          0.138698780696          0.138600111589          0.138591169819          0.138631144621          0.138708251038          0.138788981955          0.138852710407          0.138883834875          0.138879007058          0.138844504799          0.138793960469          0.138743721885          0.138708208006          0.138696202787          0.138708986086          0.138740669404          0.138780430952          0.138815937016          0.138836945954          0.138838111764          0.138820246387          0.138789752567          0.138756465181          0.138730592459          0.138719682451          0.138726493335          0.138748347543          0.138778103756          0.138806417610          0.138824603026          0.138827241695          0.138813769099          0.138788573909          0.138759598395          0.138735879850          0.138724785236          0.138729770018          0.138749326070          0.138777428733          0.138805354720          0.138824337000
        0.175308024426          0.130836454313          0.139475121298          0.137582630011          0.139069774457          0.139152270284          0.139152780420          0.139020191158          0.138805170999          0.138680644835          0.138597359509          0.138603859653          0.138655026470          0.138736361020          0.138813844284          0.138868465221          0.138887746172          0.138871996471          0.138830617034          0.138778977344          0.138733365960          0.138706475929          0.138704297132          0.138725115952          0.138760728722          0.138799318321          0.138829112572          0.138841766713          0.138834560889          0.138810856512          0.138778766350          0.138748504521          0.138729247694          0.138726444814          0.138740339911          0.138766089203          0.138795381765          0.138819046288          0.138829853264          0.138824676943          0.138805379242          0.138778166079          0.138751630789          0.138734093074          0.138731043927          0.138743464205          0.138767517222          0.138795708579          0.138819172660          0.138830404610
        0.175386195418          0.130891754696          0.139525323572          0.137604930410          0.139069442518          0.139131414001          0.139122696371          0.138991142200          0.138786460350          0.138677153513          0.138609228504          0.138626878271          0.138682292588          0.138760455817          0.138828932571          0.138871805582          0.138880220773          0.138857594937          0.138815068296          0.138767971643          0.138730896858          0.138713771237          0.138719609886          0.138744388144          0.138778895867          0.138811854540          0.138833361524          0.138837675754          0.138824617021          0.138799262827          0.138770124342          0.138746409359          0.138735218101          0.138739498423          0.138757327802          0.138782679436          0.138807393161          0.138823730363          0.138826736772          0.138815708424          0.138794334045          0.138769490862          0.138749078369          0.138739559589          0.138743959670          0.138760926445          0.138785137147          0.138808931905          0.138824684878          0.138827194927
        0.175462749282          0.130933527178          0.139550084347          0.137602312042          0.139048765464          0.139100477787          0.139093173835          0.138971705532          0.138782188924          0.138688141299          0.138631307228          0.138653206034          0.138705494041          0.138774736393          0.138831554258          0.138863628835          0.138865189933          0.138841389766          0.138803341359          0.138764702337          0.138737324891          0.138728182283          0.138737988177          0.138761707624          0.138790653147          0.138815392580          0.138828604235          0.138827072229          0.138812331270          0.138789869348          0.138767211919          0.138751512212          0.138747385448          0.138755618435          0.138773099150          0.138793935035          0.138811377397          0.138819943957          0.138817092184          0.138803947333          0.138784883297          0.138766103719          0.138753671194          0.138751595700          0.138760571331          0.138777750383          0.138797626536          0.138813758752          0.138820808098          0.138816258585
        0.175520472706          0.130952569873          0.139548724385          0.137580306888          0.139017724079          0.139070352189          0.139073211275          0.138966771252          0.138792408337          0.138709381554          0.138656750991          0.138675549441          0.138718979485          0.138776655044          0.138822756467          0.138848025186          0.138848410410          0.138829041084          0.138799375172          0.138770356599          0.138750908127          0.138745717678          0.138754492074          0.138772709018          0.138793507006          0.138810010605          0.138817403476          0.138814176175          0.138802279524          0.138786232971          0.138771529750          0.138762858026          0.138762683372          0.138770602731          0.138783626369          0.138797253441          0.138806970428          0.138809691444          0.138804699081          0.138793812346          0.138780749526          0.138769898421          0.138764885632          0.138767397840          0.138776629662          0.138789535403          0.138801807088          0.138809270716          0.138809260126          0.138801532228
        0.175547059617          0.130948474269          0.139527001246          0.137548734955          0.138987347170          0.139049977282          0.139067780353          0.138976429579          0.138812989456          0.138734132788          0.138678386026          0.138688369077          0.138720296917          0.138767330697          0.138806680306          0.138830791179          0.138835584424          0.138824544149          0.138804433758          0.138783289027          0.138767764199          0.138761548253          0.138764857753          0.138774983455          0.138787601566          0.138798323127          0.138804026183          0.138803616420          0.138798086180          0.138789939714          0.138782223132          0.138777488065          0.138777014775          0.138780517219          0.138786383926          0.138792331748          0.138796227884          0.138796803224          0.138794036113          0.138789101467          0.138783918458          0.138780455083          0.138780025117          0.138782817388          0.138787820766          0.138793173127          0.138796816273          0.138797235057          0.138794030669          0.138788130043
        0.175542065082          0.130926533754          0.139495101027          0.137518338541          0.138966727509          0.139044294430          0.139077071205          0.138996601452          0.138837260467          0.138755270656          0.138690714339          0.138689241535          0.138710586722          0.138750924080          0.138789146606          0.138817662887          0.138830751979          0.138829216205          0.138816928204          0.138799671284          0.138783111170          0.138771448774          0.138766707179          0.138768701258          0.138775577304          0.138784627228          0.138793138529          0.138799062427          0.138801387889          0.138800187096          0.138796382842          0.138791348908          0.138786482295          0.138782867316          0.138781096982          0.138781254526          0.138783013445          0.138785797616          0.138788947208          0.138791850297          0.138794020409          0.138795124072          0.138794982299          0.138793575592          0.138791066833          0.138787829949          0.138784452092          0.138781676968          0.138780275555          0.138780857323
        0.175512751260          0.130895990199          0.139464160215          0.137497880444          0.138960883603          0.139053419486          0.139097019282          0.139020600832          0.138858095477          0.138767286929          0.138691295628          0.138679280513          0.138693974885          0.138733218226          0.138775856466          0.138812653497          0.138835213651          0.138841460311          0.138833026470          0.138814716778          0.138792713627          0.138773022903          0.138760184174          0.138756470711          0.138761697813          0.138773559218          0.138788387417          0.138802136692          0.138811374571          0.138814060843          0.138809948295          0.138800530140          0.138788570656          0.138777350540          0.138769818438          0.138767854060          0.138771818618          0.138780499096          0.138791456092          0.138801682430          0.138808400035          0.138809788926          0.138805462731          0.138796571379          0.138785504853          0.138775271783          0.138768709434          0.138767727760          0.138772783461          0.138782721205
        0.175471697309          0.130866899395          0.139443284421          0.137492126623          0.138969976813          0.139073243884          0.139120930904          0.139041278266          0.138869957524          0.138767704826          0.138681198550          0.138662562675          0.138676194131          0.138719868839          0.138770785808          0.138817035416          0.138847350776          0.138857424595          0.138847919198          0.138824161065          0.138794138882          0.138766371983          0.138747851355          0.138742510387          0.138750558693          0.138768731870          0.138791367830          0.138812005957          0.138825109380          0.138827474632          0.138818977683          0.138802478929          0.138782935099          0.138765975656          0.138756338005          0.138756583803          0.138766435827          0.138782904800          0.138801162767          0.138815918440          0.138822913045          0.138820121758          0.138808326338          0.138790898983          0.138772857202          0.138759452452          0.138754683523          0.138760145934          0.138774536159          0.138793953145
        0.175432558441          0.130847431222          0.139437453936          0.137501092511          0.138989893131          0.139097041404          0.139141617654          0.139053058959          0.138870321231          0.138757542407          0.138664442074          0.138644761835          0.138662842106          0.138714799452          0.138775161865          0.138829151465          0.138863276448          0.138872264075          0.138857302292          0.138825526001          0.138787437121          0.138754003516          0.138733871081          0.138731361814          0.138745723422          0.138771696733          0.138801207959          0.138825696996          0.138838468402          0.138836445075          0.138820871294          0.138796798785          0.138771529734          0.138752477595          0.138745057108          0.138751188933          0.138768820226          0.138792576636          0.138815350842          0.138830375075          0.138833188240          0.138822934006          0.138802614570          0.138778225916          0.138757023637          0.138745416581          0.138747087370          0.138761872835          0.138785727896          0.138811801405
        0.175406419430          0.130841980433          0.139446751145          0.137520642420          0.139013874173          0.139117614169          0.139153459789          0.139053383020          0.138860156391          0.138740771220          0.138646647883          0.138631425566          0.138657795887          0.138719197376          0.138787293435          0.138845084138          0.138878114745          0.138881640148          0.138858657873          0.138818816957          0.138775067584          0.138740030634          0.138722737394          0.138726544954          0.138748705026          0.138781547784          0.138814902433          0.138839052856          0.138847431791          0.138838331371          0.138815187317          0.138785395957          0.138758041487          0.138741212044          0.138739679167          0.138753587304          0.138778499830          0.138806765444          0.138829802718          0.138840643105          0.138835994578          0.138817220947          0.138789946978          0.138762404606          0.138743004292          0.138737836902          0.138748826288          0.138773069498          0.138803574050          0.138831213671
        0.175399242562          0.130850473577          0.139466969866          0.137544090457          0.139034672736          0.139129345032          0.139153854826          0.139043192560          0.138843395106          0.138722975742          0.138633323906          0.138626394439          0.138662210389          0.138731344145          0.138803239191          0.138859934185          0.138887501329          0.138883005028          0.138851957095          0.138806455803          0.138761104779          0.138728909623          0.138717935271          0.138729541747          0.138758570167          0.138795254631          0.138828269203          0.138848026229          0.138849327562          0.138832656823          0.138803794622          0.138771919391          0.138746789458          0.138735848789          0.138742092045          0.138763280087          0.138792700154          0.138821227598          0.138840080449          0.138843459091          0.138830291586          0.138804564444          0.138774138330          0.138748399459          0.138735439432          0.138739589866          0.138760035226          0.138790926130          0.138822995770          0.138846250060
        0.175410937001          0.130868940572          0.139491262117          0.137564314057          0.139046622473          0.139129640724          0.139143714742          0.139026402792          0.138825597136          0.138709641158          0.138628287761          0.138630803838          0.138674351564          0.138747286069          0.138818088444          0.138869324023          0.138888871647          0.138876309266          0.138839598395          0.138792492435          0.138749980962          0.138724103539          0.138720927800          0.138739403155          0.138772274905          0.138808621942          0.138837245937          0.138849927024          0.138843657688          0.138821266710          0.138790317910          0.138760664961          0.138741422531          0.138738257740          0.138751781649          0.138777479024          0.138807163503          0.138831509033          0.138842901416          0.138837760448          0.138817637226          0.138788755238          0.138760130490          0.138740830796          0.138737188514          0.138750795830          0.138777890803          0.138810349454          0.138838036246          0.138851855709
        0.175436135758          0.130891030320          0.139512310490          0.137575774020          0.139047092017          0.139119421617          0.139126940271          0.139008566833          0.138812237827          0.138704575937          0.138632667013          0.138642914615          0.138690263579          0.138762111374          0.138827461513          0.138870684113          0.138882167972          0.138863940502          0.138825619799          0.138781347611          0.138745149242          0.138727067821          0.138730760778          0.138753081958          0.138785621149          0.138817583501          0.138839136251          0.138844248191          0.138832256399          0.138807773985          0.138779042004          0.138755272274          0.138743803647          0.138747920030          0.138765956328          0.138791923069          0.138817431033          0.138834319925          0.138837193326          0.138825093774          0.138801810589          0.138774724625          0.138752535230          0.138742551877          0.138748367707          0.138768628250          0.138797296197          0.138825377310          0.138843632631          0.138845486545
        0.175466248639          0.130910004833          0.139524407241          0.137575928886          0.139036982040          0.139102592060          0.139109085093          0.138995161328          0.138807127723          0.138708908986          0.138644726212          0.138658776366          0.138705041767          0.138771446787          0.138828793100          0.138863958029          0.138869776964          0.138849934797          0.138814440436          0.138776474101          0.138748066513          0.138736851633          0.138744391889          0.138766385556          0.138794547459          0.138819445816          0.138833433679          0.138832822734          0.138818734737          0.138796462105          0.138773606602          0.138757606215          0.138753417636          0.138762048875          0.138780360076          0.138802157414          0.138820215038          0.138828587977          0.138824501270          0.138809236310          0.138787741981          0.138767085046          0.138754208384          0.138753683069          0.138766155552          0.138787995224          0.138812292862          0.138830948377          0.138837240257          0.138828097375
        0.175492159899          0.130920642817          0.139524912064          0.137565709200          0.139020196791          0.139084703203          0.139095637203          0.138990002511          0.138811404817          0.138720912224          0.138660525065          0.138673495236          0.138714324059          0.138772736420          0.138822033776          0.138851537289          0.138855738636          0.138838715593          0.138809518574          0.138779335781          0.138757790376          0.138750422256          0.138757638645          0.138775262187          0.138796368604          0.138813708779          0.138821975972          0.138819265775          0.138807380685          0.138790976545          0.138775883909          0.138767160335          0.138767487356          0.138776398090          0.138790547201          0.138804901989          0.138814449095          0.138815862805          0.138808606627          0.138795123186          0.138780050070          0.138768700151          0.138765279444          0.138771412744          0.138785469897          0.138802947006          0.138817826664          0.138824523405          0.138819818138          0.138804161364
        0.175506802339          0.130920568881          0.139514745614          0.137548987247          0.139002303234          0.139071235649          0.139090429019          0.138994234893          0.138823352058          0.138736654502          0.138675181467          0.138682720770          0.138715565527          0.138765939655          0.138809581931          0.138837467863          0.138844482742          0.138833748670          0.138812326992          0.138789000351          0.138771299051          0.138763608509          0.138766460298          0.138777036564          0.138790592859          0.138802217090          0.138808384538          0.138807871939          0.138801847497          0.138793198679          0.138785377825          0.138781168546          0.138781777787          0.138786532604          0.138793247088          0.138799098363          0.138801689605          0.138799932150          0.138794451440          0.138787381227          0.138781608082          0.138779710118          0.138782948001          0.138790669862          0.138800371361          0.138808438563          0.138811365987          0.138807067939          0.138795845734          0.138780650298
        0.175506954258          0.130910693793          0.139497851862          0.137531252760          0.138988806668          0.139066012392          0.139094620225          0.139006146097          0.138839047262          0.138751261385          0.138684354633          0.138683917017          0.138708733200          0.138753460701          0.138795488351          0.138826184629          0.138839481413          0.138836514613          0.138821942303          0.138802455564          0.138784431076          0.138772379088          0.138768190187          0.138771224335          0.138779071038          0.138788597596          0.138796959697          0.138802301221          0.138804024609          0.138802641552          0.138799331974          0.138795405553          0.138791863088          0.138789190081          0.138787408383          0.138786308951          0.138785729867          0.138785744023          0.138786669613          0.138788892064          0.138792565610          0.138797324377          0.138802152688          0.138805524051          0.138805822884          0.138801945051          0.138793882169          0.138783066907          0.138772300891          0.138765189988
        0.175493835003          0.130894705834          0.139479844660          0.137517916527          0.138983555614          0.139070184819          0.139106508303          0.139021815416          0.138853620691          0.138760396525          0.138685514093          0.138677055526          0.138696234243          0.138739352245          0.138784189871          0.138821162906          0.138842219956          0.138846095939          0.138835358703          0.138815546433          0.138793161299          0.138774072823          0.138762348455          0.138759679727          0.138765432717          0.138777153465          0.138791365215          0.138804448119          0.138813431209          0.138816555451          0.138813527662          0.138805451611          0.138794486195          0.138783323437          0.138774596843          0.138770329914          0.138771521019          0.138777936429          0.138788148141          0.138799811662          0.138810138860          0.138816488117          0.138816969026          0.138810943233          0.138799303609          0.138784440943          0.138769862899          0.138759501308          0.138756813677          0.138763837897
        0.175472418668          0.130877813273          0.139466270582          0.137512745285          0.138987720973          0.139082045655          0.139122175184          0.139036371456          0.138862736059          0.138761530300          0.138678632193          0.138664543269          0.138682119787          0.138728049483          0.138779161127          0.138823888953          0.138851783160          0.138859489709          0.138848424005          0.138824250185          0.138794830316          0.138768210832          0.138750789415          0.138746031742          0.138753980467          0.138771548627          0.138793496976          0.138813834319          0.138827320642          0.138830724656          0.138823547577          0.138808051314          0.138788600827          0.138770498449          0.138758608179          0.138756112072          0.138763701559          0.138779398036          0.138799045694          0.138817359378          0.138829275954          0.138831279110          0.138822366324          0.138804407077          0.138781787817          0.138760413365          0.138746288839          0.138744001763          0.138755443372          0.138779068223
        0.175449736422          0.130865137556          0.139461003911          0.137516863989          0.138999604854          0.139097676581          0.139136745424          0.139045474262          0.138863860296          0.138754633066          0.138666112838          0.138650427510          0.138670820329          0.138723023137          0.138781885933          0.138833446607          0.138865167861          0.138872543436          0.138857114605          0.138825905951          0.138788957130          0.138756644619          0.138737138672          0.138734579411          0.138748375226          0.138773677067          0.138802875905          0.138827713049          0.138841477025          0.138840731129          0.138826134815          0.138802156120          0.138775769847          0.138754507493          0.138744389913          0.138748291249          0.138765158533          0.138790286937          0.138816581591          0.138836483138          0.138844053778          0.138836664909          0.138815821707          0.138786886730          0.138757759186          0.138736839655          0.138730787961          0.138742626007          0.138770663712          0.138808544319
        0.175432707061          0.130860233426          0.139465220912          0.137528574877          0.139015287461          0.139112205860          0.139145870707          0.139046586694          0.138856958701          0.138742105212          0.138651997970          0.138639132957          0.138665800678          0.138725752461          0.138791445062          0.138846830571          0.138878219435          0.138881230759          0.138858766149          0.138820028638          0.138777388628          0.138742994711          0.138725689983          0.138728978740          0.138750506954          0.138783056777          0.138816753028          0.138841866276          0.138851479622          0.138843314474          0.138820236609          0.138789324118          0.138759780526          0.138740292979          0.138736573210          0.138749750722          0.138776047263          0.138807820306          0.138835701571          0.138851256994          0.138849436162          0.138830118144          0.138798301325          0.138762860653          0.138734189931          0.138721343163          0.138729414283          0.138757845075          0.138800135992          0.138845127454
        0.175426138659          0.130864148034          0.139477209539          0.137543999988          0.139029886983          0.139121291091          0.139147004474          0.139039671112          0.138844426942          0.138727985003          0.138640706578          0.138634118617          0.138668534845          0.138735314472          0.138804830551          0.138859883702          0.138886908370          0.138882883302          0.138852888863          0.138808460041          0.138763739948          0.138731549304          0.138720093961          0.138731114963          0.138759889888          0.138796935820          0.138830907531          0.138851870007          0.138854063969          0.138837417105          0.138807405743          0.138773337044          0.138745569750          0.138732480877          0.138738036850          0.138760642203          0.138793581998          0.138826941054          0.138850476310          0.138856640513          0.138842890676          0.138812599441          0.138774277993          0.138739295549          0.138718698288          0.138719973490          0.138744635305          0.138787317434          0.138836718741          0.138878266463
        0.175431457400          0.130875254207          0.139493022168          0.137558324654          0.139039046556          0.139122391611          0.139140101662          0.139027122297          0.138830300304          0.138716688607          0.138635693076          0.138636854215          0.138678096608          0.138748699156          0.138817883621          0.138868574269          0.138888563096          0.138877007295          0.138841320154          0.138794810762          0.138752294669          0.138725954473          0.138722231738          0.138740499002          0.138773769561          0.138811091166          0.138840912853          0.138854456415          0.138848168325          0.138824587166          0.138791419160          0.138759127067          0.138737759043          0.138733946043          0.138748929353          0.138778177424          0.138812703360          0.138841717171          0.138855861850          0.138850096907          0.138825373107          0.138788576722          0.138750713740          0.138723805352          0.138717330086          0.138735195064          0.138774107095          0.138823899480          0.138869858234          0.138896559831
        0.175446480910          0.130889863173          0.139507744418          0.137567261789          0.139040211414          0.139115466246          0.139127553642          0.139012976783          0.138818994228          0.138711668933          0.138638424647          0.138646411571          0.138691475233          0.138761747609          0.138826572108          0.138870229220          0.138882687393          0.138865437215          0.138827667640          0.138783361463          0.138746696034          0.138728088763          0.138731612205          0.138754375055          0.138787922024          0.138821095152          0.138843499352          0.138848561118          0.138835337659          0.138808598306          0.138777205891          0.138751312851          0.138739220794          0.138744835085          0.138766461130          0.138797296005          0.138827478115          0.138847102752          0.138849318609          0.138832578629          0.138801347991          0.138765008922          0.138735219818          0.138722433645          0.138732548013          0.138764662770          0.138810685233          0.138857036505          0.138888151178          0.138890972246
        0.175466243124          0.130903405318          0.139516991514          0.137568307217          0.139033330609          0.139102907102          0.139113398048          0.139001652718          0.138813962815          0.138714392897          0.138647972800          0.138659780385          0.138704513333          0.138770429070          0.138828223492          0.138864351727          0.138871114491          0.138851779380          0.138816210901          0.138777754486          0.138748821839          0.138737460646          0.138745479677          0.138768519748          0.138797920182          0.138823678135          0.138837601824          0.138835727653          0.138819344039          0.138794378191          0.138769383570          0.138752766096          0.138750101312          0.138762358570          0.138785572297          0.138812065150          0.138832860239          0.138840557285          0.138831797495          0.138808548551          0.138777772931          0.138749506456          0.138733839395          0.138737643055          0.138762007278          0.138801232860          0.138843815722          0.138875325422          0.138882561535          0.138857746856
        0.175484585668          0.130911818449          0.139518192844          0.137561426794          0.139020792998          0.139088749349          0.139102057685          0.138996607174          0.138816675144          0.138723932540          0.138661328719          0.138672805477          0.138713183006          0.138772073162          0.138822341972          0.138852775187          0.138857450727          0.138840313722          0.138810592978          0.138779868497          0.138758181578          0.138751315788          0.138759612542          0.138778507888          0.138800495923          0.138817775696          0.138824763914          0.138819727963          0.138805115230          0.138786544967          0.138770824772          0.138763634263          0.138767612612          0.138781458340          0.138800331845          0.138817440255          0.138826309928          0.138823031717          0.138807761192          0.138784964390          0.138762259013          0.138748113639          0.138749036530          0.138767090428          0.138798566002          0.138834353345          0.138862097249          0.138869731267          0.138849332664          0.138800917778
        0.175496029506          0.130912736398          0.139511297223          0.137548988963          0.139006637090          0.139077411108          0.139096995879          0.138999311261          0.138826205296          0.138737279813          0.138674339690          0.138681461951          0.138714816952          0.138766186086          0.138810761943          0.138839106605          0.138845977050          0.138834684838          0.138812694399          0.138789214933          0.138772022985          0.138765434931          0.138769588181          0.138781073770          0.138794586632          0.138804932584          0.138808758324          0.138805490743          0.138797270783          0.138787973052          0.138781679047          0.138781131607          0.138786698940          0.138796205889          0.138805697473          0.138810883262          0.138808779211          0.138798989464          0.138784168338          0.138769438727          0.138760852623          0.138763296902          0.138778470505          0.138803636371          0.138831674786          0.138852625462          0.138856496968          0.138836498771          0.138792499466          0.138731984274
        0.175497377970          0.130906137883          0.139498707821          0.137534982750          0.138995289135          0.139072350408          0.139099689361          0.139008839303          0.138839546278          0.138750282579          0.138682983355          0.138683085276          0.138708923631          0.138754603410          0.138797090998          0.138827627787          0.138840339591          0.138836775322          0.138822028805          0.138803043706          0.138786129076          0.138775397930          0.138772143374          0.138775156862          0.138781738490          0.138788922481          0.138794514784          0.138797637059          0.138798687167          0.138798814346          0.138799163068          0.138800204813          0.138801434271          0.138801561316          0.138799133148          0.138793347634          0.138784732488          0.138775390177          0.138768633050          0.138768020142          0.138776022774          0.138792718130          0.138815004402          0.138836733921          0.138849937324          0.138847018626          0.138823261332          0.138779663863          0.138723562015          0.138671299148
        0.175488592807          0.130894279595          0.139484486911          0.137523772482          0.138990217142          0.139075039743          0.139109215661          0.139022182579          0.138852545676          0.138758918661          0.138684597057          0.138677185637          0.138697339409          0.138740932752          0.138785610961          0.138821985628          0.138842422471          0.138846100662          0.138835847877          0.138817139505          0.138796081471          0.138777943438          0.138766219270          0.138762304505          0.138765725827          0.138774675668          0.138786655324          0.138799044955          0.138809518269          0.138816287577          0.138818225467          0.138814929730          0.138806780533          0.138794990208          0.138781593498          0.138769298450          0.138761129954          0.138759848906          0.138767205519          0.138783179776          0.138805433560          0.138829242365          0.138848092975          0.138854988428          0.138844324643          0.138813780611          0.138766426951          0.138710726869          0.138662873446          0.138639524092
        0.175472705803          0.130880952094          0.139473086488          0.137518771470          0.138992902370          0.139084554680          0.139122566013          0.139035185501          0.138861179929          0.138760525268          0.138678691771          0.138665599696          0.138683671139          0.138729454938          0.138779968279          0.138824064761          0.138851742264          0.138859913634          0.138849937152          0.138827084700          0.138798619670          0.138772013449          0.138753363725          0.138746291043          0.138751478692          0.138766814213          0.138788058646          0.138809869515          0.138826984166          0.138835342555          0.138832943056          0.138820269152          0.138800204079          0.138777447670          0.138757543648          0.138745695689          0.138745586644          0.138758416446          0.138782358124          0.138812583181          0.138841951217          0.138862325119          0.138866342085          0.138849371413          0.138811084940          0.138756948007          0.138697493614          0.138650039925          0.138631095264          0.138665427492
        0.175454817827          0.130870297299          0.139467994706          0.137521430084          0.139002425603          0.139097887194          0.139135581822          0.139043820924          0.138862784388          0.138754613140          0.138667103812          0.138651933258          0.138672197720          0.138723814841          0.138782046931          0.138833381969          0.138865552160          0.138873999882          0.138859878796          0.138829618564          0.138792685536          0.138759155566          0.138737350440          0.138732045539          0.138743618248          0.138768216451          0.138798880096          0.138827331374          0.138846035078          0.138850056167          0.138838278482          0.138813689210          0.138782659674          0.138753398189          0.138733942625          0.138730153443          0.138744152883          0.138773565384          0.138811757020          0.138849097036          0.138875031161          0.138880571687          0.138860722564          0.138816130437          0.138754254013          0.138688019377          0.138636811469          0.138618262966          0.138656994422          0.138755400978
        0.175440506840          0.130865550323          0.139470701816          0.137530830666          0.139015779466          0.139110881684          0.139144231189          0.139045421430          0.138856868262          0.138743018523          0.138653437789          0.138640463304          0.138666561668          0.138725894912          0.138791363171          0.138847190396          0.138879637523          0.138883940798          0.138862411066          0.138823682015          0.138779825798          0.138743142410          0.138723107034          0.138724187602          0.138745021644          0.138779037189          0.138816340221          0.138846380626          0.138860747375          0.138855390169          0.138831696854          0.138796143635          0.138758610644          0.138729799369          0.138718402965          0.138728720758          0.138759300604          0.138802961767          0.138848268810          0.138882176168          0.138893277437          0.138874951326          0.138827480451          0.138759299921          0.138685328837          0.138627342534          0.138605038084          0.138644159899          0.138746962219          0.138931935908
        0.175434133348          0.130868080577          0.139480284422          0.137543998246          0.139028804835          0.139119510393          0.139145841890          0.139039495231          0.138845267213          0.138729346275          0.138641969109          0.138634830240          0.138668643455          0.138735210468          0.138805169969          0.138861275192          0.138889578952          0.138886473333          0.138856473501          0.138810820576          0.138763811874          0.138728900125          0.138715251398          0.138725592812          0.138755842675          0.138796496519          0.138835388790          0.138861092962          0.138866081637          0.138848808227          0.138814150471          0.138772094375          0.138735013092          0.138714262059          0.138716972098          0.138743868426          0.138788695330          0.138839471933          0.138881347701          0.138900423264          0.138887657391          0.138841708092          0.138770648531          0.138690375286          0.138624655267          0.138595572695          0.138630933854          0.138734120984          0.138923486908          0.139149671019
        0.175437548337          0.130877009252          0.139493719656          0.137556825956          0.139037467805          0.139121104984          0.139139918877          0.139027879167          0.138831586710          0.138717872338          0.138636336722          0.138636912891          0.138677957414          0.138749014447          0.138819252741          0.138871216672          0.138892112383          0.138880535675          0.138843610406          0.138794804641          0.138749568800          0.138721045215          0.138716657657          0.138736413875          0.138773300925          0.138815544015          0.138850101082          0.138866428000          0.138859500131          0.138831261179          0.138790099983          0.138748496301          0.138719476516          0.138712832260          0.138732119651          0.138773261369          0.138825203246          0.138872549835          0.138899595462          0.138894804020          0.138854413140          0.138784873212          0.138701721035          0.138629701350          0.138592886920          0.138621467483          0.138720887828          0.138910631002          0.139141211207          0.139382571951
        0.175449576903          0.130889506103          0.139506826704          0.137565335197          0.139039093373          0.139115172812          0.139128298280          0.139014181753          0.138820104291          0.138712236284          0.138638418500          0.138646224861          0.138691756767          0.138763093112          0.138829192386          0.138873750486          0.138886175079          0.138867671161          0.138827591513          0.138780558731          0.138741712373          0.138722450870          0.138727477702          0.138753870057          0.138792346103          0.138830255073          0.138855436328          0.138859847048          0.138841952524          0.138807208681          0.138766499518          0.138732958199          0.138718046070          0.138727978800          0.138761510156          0.138809765926          0.138858278634          0.138890797116          0.138893976868          0.138861559098          0.138797574696          0.138715940251          0.138641042858          0.138597931336          0.138618780312          0.138711415092          0.138897382048          0.139128336871          0.139374097144          0.139518407382
        0.175466416312          0.130901669194          0.139515550462          0.137566891948          0.139033183732          0.139103550238          0.139114590566          0.139002684496          0.138814461499          0.138714316390          0.138647727773          0.138660019693          0.138705829158          0.138773028764          0.138831725220          0.138867813642          0.138873309797          0.138851649217          0.138813341401          0.138772698712          0.138743115585          0.138733268668          0.138744930790          0.138772911553          0.138807054288          0.138835589266          0.138848855550          0.138842299080          0.138817897858          0.138783604612          0.138750957848          0.138731525149          0.138733190394          0.138757366199          0.138798010431          0.138842837248          0.138876523853          0.138885178567          0.138860731883          0.138804717770          0.138728635433          0.138655255095          0.138609268077          0.138623822686          0.138708723512          0.138887896366          0.139115067079          0.139361201102          0.139509927586          0.139182745981
        0.175482818979          0.130909721646          0.139517201582          0.137561012451          0.139021572925          0.139089845819          0.139103081104          0.138997032563          0.138816538211          0.138723625913          0.138661518451          0.138674086213          0.138715758859          0.138775559152          0.138825788704          0.138854948681          0.138857285844          0.138837394807          0.138805476604          0.138774098084          0.138753930243          0.138750718141          0.138763967808          0.138787615506          0.138812386010          0.138829008000          0.138831307543          0.138818242855          0.138794290092          0.138768058247          0.138749520666          0.138746666236          0.138762574393          0.138793861966          0.138831076798          0.138861079020          0.138870904557          0.138851934241          0.138803889478          0.138735773471          0.138667942625          0.138623473541          0.138635156805          0.138713764187          0.138885198026          0.139105564308          0.139347908883          0.139497018539          0.139174280967          0.138476142519
        0.175493702449          0.130911165978          0.139511278881          0.137549513805          0.139007870408          0.139078341569          0.139097419474          0.138999107893          0.138825848260          0.138737418095          0.138675580155          0.138684010288          0.138718285502          0.138769622686          0.138812925399          0.138838924730          0.138843028497          0.138829525339          0.138806871583          0.138784909308          0.138771376327          0.138769750848          0.138778667010          0.138792943699          0.138805803538          0.138811460300          0.138807250965          0.138794632470          0.138778739174          0.138766616287          0.138764657976          0.138776047042          0.138799066290          0.138826923544          0.138849314442          0.138855458250          0.138837661474          0.138795093109          0.138734943124          0.138675074628          0.138636154005          0.138649359298          0.138725099245          0.138890239654          0.139102857731          0.139338389321          0.139483710387          0.139161400345          0.138467725780          0.135170483736
        0.175495702868          0.130905548000          0.139499624737          0.137535963129          0.138996361689          0.139072683400          0.139099491091          0.139008424068          0.138839644147          0.138751481399          0.138685499676          0.138686533025          0.138712348651          0.138756762026          0.138796903953          0.138824666924          0.138835155762          0.138830916296          0.138817679647          0.138802352840          0.138790405825          0.138784445839          0.138783991322          0.138786359419          0.138788256335          0.138787404744          0.138783639849          0.138779078329          0.138777292797          0.138781749829          0.138794036160          0.138812536358          0.138832124278          0.138845157312          0.138843691729          0.138822216592          0.138780823687          0.138726148413          0.138674241615          0.138643280407          0.138662036701          0.138739304334          0.138901582502          0.139107902338          0.139335676316          0.139474177826          0.139148124336          0.138454908493          0.135162256728          0.131083395791
        0.175488203525          0.130894598443          0.139485865856          0.137524591622          0.138990697460          0.139074753909          0.139108810945          0.139022230974          0.138853712444          0.138761401286          0.138688018887          0.138680594875          0.138699491000          0.138740745001          0.138782648636          0.138816793187          0.138836543784          0.138841721775          0.138835121649          0.138821380744          0.138805098024          0.138789766708          0.138777404853          0.138768812564          0.138764202806          0.138763794941          0.138768084541          0.138777628717          0.138792423008          0.138811126012          0.138830524335          0.138845592569          0.138850355251          0.138839532532          0.138810451107          0.138765383175          0.138711883842          0.138665448262          0.138642444511          0.138669160136          0.138751984349          0.138915799102          0.139119258187          0.139340726466          0.139471459547          0.139138616544          0.138441693937          0.135149742781          0.131075429883 
        0.175473526512          0.130881708646          0.139474308507          0.137519000698          0.138992764855          0.139084066959          0.139122627820          0.139036310910          0.138863636151          0.138763918557          0.138682078639          0.138667738569          0.138683479273          0.138726494382          0.138774776391          0.138818179675          0.138847347180          0.138859162913          0.138854149429          0.138836071944          0.138810416504          0.138783177925          0.138759857764          0.138744761246          0.138740595789          0.138748240568          0.138766633284          0.138792756229          0.138821797527          0.138847614057          0.138863580552          0.138863822284          0.138844728617          0.138806292014          0.138753621589          0.138696449747          0.138651188411          0.138633651370          0.138668321460          0.138759108630          0.138928489901          0.139133493355          0.139352097745          0.139476514387          0.139135906900          0.138432228827          0.135136847559          0.131063293018  
        0.175456228604          0.130870898497          0.139468621288          0.137521048612          0.139002080749          0.139097872176          0.139136720790          0.139046242222          0.138866153861          0.138757973652          0.138669221627          0.138651730025          0.138669234343          0.138718625416          0.138776162617          0.138828981142          0.138864787312          0.138878191230          0.138868841131          0.138841389348          0.138803825530          0.138765629657          0.138735807819          0.138721157364          0.138725043821          0.138746789175          0.138781758698          0.138822128937          0.138858285581          0.138880671379          0.138881810477          0.138858194250          0.138811486953          0.138749464464          0.138684693923          0.138635760640          0.138619394243          0.138659525754          0.138758267723          0.138935619838          0.139146201918          0.139366353028          0.139487899342          0.139140950579          0.138429531411          0.135127615006          0.131050778303   
        0.175441713983          0.130865587470          0.139470700984          0.137530252813          0.139015895583          0.139111951096          0.139146663932          0.139048759924          0.138860204840          0.138745109739          0.138653213367          0.138637488745          0.138661369375          0.138720012179          0.138786961832          0.138846419225          0.138883815587          0.138892884055          0.138874158603          0.138834796529          0.138786275027          0.138741579386          0.138712206095          0.138705608164          0.138723593304          0.138761912924          0.138811129001          0.138858616154          0.138891344006          0.138898902427          0.138876181614          0.138824950270          0.138754658540          0.138680539812          0.138624010443          0.138603970373          0.138645266304          0.138749466369          0.138934776538          0.139153342521          0.139379079595          0.139502173428          0.139152307209          0.138434554104          0.135124987116          0.131041814767    
        0.175434581811          0.130867537564          0.139480063016          0.137543893750          0.139029989539          0.139121881027          0.139149188352          0.139042801972          0.138847332590          0.138729093651          0.138638972755          0.138629626404          0.138662756858          0.138730808712          0.138804396106          0.138865445705          0.138898508944          0.138898202214          0.138867564470          0.138817242998          0.138762222365          0.138717977757          0.138696658806          0.138704158815          0.138738715655          0.138791280049          0.138847613813          0.138891674537          0.138909576240          0.138893273289          0.138842934653          0.138768118160          0.138685732884          0.138619859156          0.138592223605          0.138629840430          0.138735198698          0.138925964321          0.139152498589          0.139386229785          0.139514918411          0.139166543982          0.138445863814          0.135129890285          0.131039262277     
        0.175437204632          0.130876286435          0.139493945769          0.137557801967          0.139039937064          0.139124396021          0.139143229755          0.139029913375          0.138831305787          0.138714846110          0.138631110861          0.138631014357          0.138673550283          0.138748237680          0.138823418258          0.138880137921          0.138903827680          0.138891607448          0.138850007779          0.138793186230          0.138738618325          0.138702430578          0.138695210212          0.138719279971          0.138768079077          0.138827760760          0.138880670248          0.138909907164          0.138903947262          0.138860023512          0.138786096998          0.138699187505          0.138625051021          0.138588073822          0.138618092111          0.138719763877          0.138911679659          0.139143673753          0.139385383177          0.139522081191          0.139179253895          0.138460043169          0.135140924211          0.131044023486      
        0.175448965603          0.130889246917          0.139508110473          0.137567607127          0.139042468855          0.139118433498          0.139130333314          0.139013866824          0.138817048003          0.138706979986          0.138632498605          0.138641805679          0.138690973031          0.138767253456          0.138838106989          0.138885456479          0.138897233048          0.138874048394          0.138825946256          0.138769577677          0.138723069094          0.138700981837          0.138710330449          0.138748639823          0.138804554580          0.138860813264          0.138898901906          0.138904278596          0.138870695752          0.138803180184          0.138717158723          0.138638500472          0.138593264464          0.138613941381          0.138708008212          0.138896226233          0.139129367663          0.139376543309          0.139521237703          0.139186394657          0.138472704324          0.135154753837          0.131054741030       
        0.175466391519          0.130902455504          0.139518111518          0.137570082771          0.139036519525          0.139105538608          0.139114274282          0.138999591307          0.138809175091          0.138708367391          0.138643288908          0.138659224191          0.138709981286          0.138781936815          0.138843424178          0.138878862737          0.138879673386          0.138849983009          0.138802332316          0.138754024605          0.138721619161          0.138716101590          0.138739687748          0.138785110203          0.138837601867          0.138879042509          0.138893273794          0.138871027149          0.138813848577          0.138734234034          0.138656463955          0.138606710059          0.138619131754          0.138703853808          0.138884455717          0.139113890181          0.139362213646          0.139512390792          0.139185549167          0.138479822124          0.135167098558          0.131068177691        
        0.175484158198          0.130911759398          0.139520664611          0.137564180285          0.139023632690          0.139089484880          0.139099985824          0.138991707888          0.138810561305          0.138719161358          0.138660705717          0.138678227254          0.138724658215          0.138787251598          0.138836831937          0.138861304864          0.138855606640          0.138826364557          0.138786774646          0.138752572648          0.138736738985          0.138745458142          0.138776154533          0.138818152296          0.138855827717          0.138873414720          0.138860024440          0.138814179507          0.138744896942          0.138673531293          0.138624668011          0.138632577678          0.138709045287          0.138880294778          0.139102100341          0.139346710758          0.139498046446          0.139176721096          0.138478989240          0.135174032649          0.131080176852         
        0.175496685474          0.130914094163          0.139514699122          0.137551428109          0.139007581895          0.139075202643          0.139092093466          0.138993094178          0.138821360198          0.138736584717          0.138679706728          0.138692899591          0.138729969887          0.138780661109          0.138819278354          0.138837240352          0.138831986341          0.138810802948          0.138785320309          0.138767693045          0.138766096943          0.138781924058          0.138809192975          0.138836374639          0.138850199980          0.138840169102          0.138803180319          0.138745226866          0.138684188555          0.138641729683          0.138650536277          0.138722496775          0.138885490293          0.139097931073          0.139334901310          0.139482526215          0.139162410683          0.138470208431          0.135173209316          0.131086925443          
        0.175499854141          0.130908465808          0.139501764926          0.137535556530          0.138993298790          0.139067314402          0.139093478127          0.139003904044          0.138838793184          0.138755593016          0.138694377081          0.138698208722          0.138723380948          0.138763113394          0.138795219918          0.138813622067          0.138816422851          0.138809346456          0.138800441471          0.138797054214          0.138802565189          0.138814961620          0.138827412714          0.138830746603          0.138816958759          0.138783331848          0.138734231959          0.138684517150          0.138652382792          0.138667598464          0.138740463610          0.138898955449          0.139103132378          0.139330724470          0.139470702692          0.139146928756          0.138455968147          0.135164633092          0.131086142892           
        0.175492325843          0.130896329555          0.139485651598          0.137521438500          0.138985407935          0.139068698829          0.139104294716          0.139021355825          0.138857812742          0.138770268786          0.138699684660          0.138691620174          0.138705839391          0.138739063547          0.138771607771          0.138798059656          0.138814964933          0.138824468027          0.138829806560          0.138833527425          0.138835605105          0.138833180477          0.138821784011          0.138797509091          0.138760129894          0.138714392205          0.138673525972          0.138652709988          0.138678251452          0.138757533885          0.138916941515          0.139116616260          0.139335933071          0.139466520084          0.139135135402          0.138440559658          0.135150733118          0.131077831577            
        0.175476052397          0.130881232727          0.139471311870          0.137513642170          0.138986790097          0.139079510060          0.139121759911          0.139040396212          0.138872497511          0.138775577607          0.138693095198          0.138674081935          0.138681798754          0.138715460247          0.138756049549          0.138796601309          0.138830085893          0.138853836109          0.138866285766          0.138866572346          0.138853825132          0.138827550787          0.138788548178          0.138740687576          0.138691201016          0.138653694169          0.138641720596          0.138678577487          0.138768191762          0.138934030420          0.139134628598          0.139349437467          0.139471733767          0.139130964375          0.138428821329          0.135135696651          0.131064348373             
        0.175455796413          0.130867807770          0.139463390071          0.137515011813          0.138997600989          0.139096965711          0.139140816454          0.139055096908          0.138877809533          0.138768983975          0.138675556685          0.138650046597          0.138658205004          0.138699908255          0.138754591746          0.138811720114          0.138859454283          0.138890320028          0.138899336738          0.138884795258          0.138848194248          0.138794313694          0.138731730400          0.138671768181          0.138630512874          0.138621893211          0.138667585761          0.138768517168          0.138944699841          0.139151743146          0.139367477628          0.139485253262          0.139136166011          0.138424669584          0.135124243917          0.131049757779              
        0.175437778832          0.130860396433          0.139464779334          0.137525698770          0.139015058990          0.139116010851          0.139155530957          0.139060413922          0.138871211283          0.138751436222          0.138651521536          0.138626458462          0.138642659757          0.138698451620          0.138769706639          0.138841084890          0.138895939231          0.138923375833          0.138917563278          0.138879163154          0.138814952847          0.138737494280          0.138662815890          0.138611088749          0.138598717546          0.138647755106          0.138757518521          0.138945024921          0.139162428994          0.139384618681          0.139503314464          0.139149652043          0.138429847396          0.135120195033          0.131038642473               
        0.175427831018          0.130861701088          0.139475636270          0.137542952112          0.139034109127          0.139130715075          0.139160854770          0.139053806558          0.138853651386          0.138727388771          0.138627933773          0.138610917230          0.138641204426          0.138713561440          0.138799063533          0.138877565544          0.138928996323          0.138941605366          0.138911930153          0.138845915262          0.138758126146          0.138668577803          0.138602140902          0.138579298365          0.138624575854          0.138737675845          0.138934012645          0.139162754954          0.139395320860          0.139520476313          0.139167667518          0.138443272023          0.135125249293          0.131034711890                
        0.175429583350          0.130871863855          0.139493167955          0.137561775026          0.139048820380          0.139136032413          0.139154244479          0.139036224391          0.138829587034          0.138703788913          0.138612392806          0.138609462706          0.138656308856          0.138742907662          0.138835534180          0.138910618825          0.138947226803          0.138935971656          0.138878675332          0.138789077157          0.138689200516          0.138607900931          0.138570352948          0.138605153637          0.138714482474          0.138914145721          0.139151726109          0.139395646618          0.139531192579          0.139184785016          0.138461206118          0.135138349075          0.131039616926                 
        0.175443228510          0.130888267878          0.139512298821          0.137576305685          0.139054145918          0.139129420970          0.139136649890          0.139012129827          0.138805970169          0.138688239748          0.138610938238          0.138624563976          0.138685643707          0.138779364593          0.138868578217          0.138928847263          0.138941593145          0.138902711707          0.138821824847          0.138720137144          0.138628515154          0.138576111708          0.138596206626          0.138695048126          0.138890923858          0.139131828661          0.139384599352          0.139531520989          0.139195472447          0.138478247422          0.135155847034          0.131052332250                  
        0.175465254666          0.130906161504          0.139527073821          0.137581556721          0.139047543006          0.139111830409          0.139112536718          0.138988483164          0.138790409211          0.138686783914          0.138626039089          0.138653892118          0.138722086029          0.138812395863          0.138886801414          0.138923214382          0.138908332013          0.138845851913          0.138752869203          0.138659438514          0.138596720841          0.138601965854          0.138686094988          0.138871465253          0.139108570614          0.139364669179          0.139520463535          0.139195797794          0.138488889397          0.135172471842          0.131069318469                   
        0.175489283643          0.130919971157          0.139532425868          0.137575016048          0.139029960608          0.139087724670          0.139088870869          0.138972902149          0.138788951216          0.138701891780          0.138655366506          0.138690325800          0.138755103706          0.138830611726          0.138881169979          0.138889957324          0.138851469853          0.138776884476          0.138692156191          0.138627636392          0.138622577609          0.138691856775          0.138862500296          0.139089081159          0.139341372929          0.139500512896          0.139184765936          0.138489218108          0.135182850869          0.131085459512                    
        0.175507833696          0.130924955109          0.139525802191          0.137557622880          0.139005862052          0.139064066774          0.139073276429          0.138971441416          0.138804068572          0.138731233466          0.138691799321          0.138723335398          0.138773311714          0.138824982085          0.138847922309          0.138833102097          0.138782499291          0.138716160600          0.138660345662          0.138653497348          0.138712480075          0.138868268035          0.139080101261          0.139321851312          0.139477191923          0.139164863614          0.138478242844          0.135183165751          0.131095540659                     
        0.175514539719          0.130918725459          0.139508155688          0.137533790186          0.138982209697          0.139048477700          0.139071813222          0.138986576643          0.138833430044          0.138767684323          0.138724808102          0.138741538642          0.138767683814          0.138791747061          0.138791083433          0.138764139991          0.138721772428          0.138684343700          0.138686211154          0.138743417804          0.138888915499          0.139085876803          0.139312856272          0.139457649203          0.139141600021          0.138458438468          0.135172450558          0.131095855504                      
        0.175506196217          0.130902176141          0.139483967383          0.137510401237          0.138966623740          0.139047014899          0.139086959225          0.139015973946          0.138869906137          0.138800709598          0.138743010723          0.138735911510          0.138734461869          0.138734930325          0.138722141454          0.138703420610          0.138689953613          0.138710212471          0.138776150990          0.138919890278          0.139106555326          0.139318640688          0.139448644147          0.139122105885          0.138435288049          0.135153120874          0.131085465953                       
        0.175484002602          0.130879504322          0.139460226803          0.137494989723          0.138965160830          0.139062155474          0.139116378933          0.139052495117          0.138902954664          0.138818921272          0.138737383218          0.138702696852          0.138677668079          0.138666015628          0.138661440043          0.138671605730          0.138715822832          0.138800166655          0.138952663088          0.139137577569          0.139339352461          0.139454434353          0.139113123634          0.138415888437          0.135130527466          0.131066715663                        
        0.175453591377          0.130857256342          0.139444583411          0.137493543783          0.138980297592          0.139091564870          0.139152928588          0.139085584800          0.138921179373          0.138813290567          0.138704168379          0.138645915988          0.138608781604          0.138605338586          0.138629634872          0.138697471574          0.138805780243          0.138976708007          0.139170401079          0.139370424994          0.139475167957          0.139118900088          0.138406949879          0.135111595654          0.131044796763                         
        0.175423747088          0.130842597187          0.139443116628          0.137508512226          0.139009699785          0.139128101915          0.139186044515          0.139103832265          0.138915544782          0.138780058097          0.138647387412          0.138577045428          0.138548129697          0.138573546605          0.138655493414          0.138787417432          0.138982328359          0.139194483507          0.139403301920          0.139506273502          0.139139582837          0.138412698767          0.135102873390          0.131026429283                          
        0.175404083580          0.130841222135          0.139458311863          0.137537587154          0.139046227725          0.139161206467          0.139204306986          0.139098190316          0.138882288503          0.138723246958          0.138578516691          0.138516407670          0.138516351227          0.138599395419          0.138745412861          0.138963942667          0.139200112898          0.139427423593          0.139539185523          0.139170611634          0.138433281840          0.135108484761          0.131017966908                           
        0.175402241661          0.130855460407          0.139487825399          0.137573708721          0.139079324038          0.139179462269          0.139198661717          0.139064891384          0.138825436268          0.138654339391          0.138517878681          0.138484636756          0.138542189938          0.138689279404          0.138921885639          0.139181698852          0.139433062006          0.139563333228          0.139203442149          0.138464160732          0.135128572704          0.131023411197                            
        0.175421345158          0.130883116981          0.139524490335          0.137606436767          0.139097576149          0.139173817412          0.139165338252          0.139007965975          0.138756478434          0.138593668635          0.138486107449          0.138510469752          0.138632037373          0.138865681844          0.139139576354          0.139414617407          0.139568978463          0.139227529682          0.138496832483          0.135158708078          0.131042900749                             
        0.175458447990          0.130917476674          0.139557709967          0.137624484361          0.139091935835          0.139140501927          0.139108370267          0.138938918864          0.138695763017          0.138561879806          0.138511940335          0.138600296641          0.138808367611          0.139083284730          0.139372425118          0.139550515744          0.139233160074          0.138520803834          0.135190592645          0.131072138208                              
        0.175504540863          0.130948608374          0.139576030078          0.137618901707          0.139058635667          0.139083547774          0.139039271444          0.138878124285          0.138663950241          0.138587725987          0.138601767459          0.138776586503          0.139025880572          0.139316040134          0.139508280971          0.139214741619          0.138526408475          0.135213985657          0.131103072732                               
        0.175546302008          0.130965774695          0.139570370302          0.137585960796          0.139001707268          0.139014465020          0.138978431410          0.138846269244          0.138689814486          0.138677601002          0.138778058328          0.138994049264          0.139258540466          0.139451839009          0.139172609300          0.138508082639          0.135219453151          0.131125769463                                
        0.175569330264          0.130960460719          0.139536950969          0.137529647374          0.138932657165          0.138953638244          0.138946552711          0.138872166019          0.138779754546          0.138853986839          0.138995522729          0.139226656005          0.139394281523          0.139116304586          0.138466160482          0.135201564881          0.131131076983                                 
        0.175562207507          0.130929118431          0.139479819634          0.137461341037          0.138871860902          0.138921765183          0.138972468644          0.138962222217          0.138956269027          0.139071569423          0.139228131380          0.139362364989          0.139058886974          0.138410136542          0.135160646495          0.131113728319                                  
        0.175520178927          0.130875538410          0.139410525331          0.137401196884          0.138840006388          0.138947673894          0.139062591336          0.139138966233          0.139174011499          0.139304304263          0.139363842225          0.139027048107          0.138353006354          0.135105964593          0.131074040711                                   
        0.175448331541          0.130810545987          0.139349516126          0.137369680026          0.138865904956          0.139037776057          0.139239465027          0.139356993891          0.139406916793          0.139440090971          0.139028521627          0.138321327230          0.135050202358          0.131021003204                                    
        0.175361185561          0.130753317728          0.139317552908          0.137395296280          0.138955963139          0.139214612554          0.139457651751          0.139590203419          0.139542805587          0.139104585833          0.138322795051          0.135019281846          0.130966919637                                     
        0.175284455522          0.130723325904          0.139343546019          0.137484386492          0.139132707074          0.139432757321          0.139691031208          0.139726274384          0.139207051757          0.138398477900          0.135020713685          0.130936930435                                      
        0.175244250749          0.130747696871          0.139433922501          0.137659240547          0.139350729861          0.139666090755          0.139827199151          0.139390076578          0.138500428981          0.135094586057          0.130938321870                                       
        0.175276936165          0.130832466266          0.139611284929          0.137874944367          0.139583934838          0.139802241010          0.139490759076          0.138682534413          0.135194098467          0.131009968893                                        
        0.175390599024          0.130998847181          0.139830062572          0.138105665664          0.139719991908          0.139465856493          0.138782700656          0.135371848365          0.131106481899                                         
        0.175613673960          0.131204107334          0.140064077953          0.138240302469          0.139383813928          0.138757944032          0.135469626296          0.131278874424                                          
        0.175888854695          0.131423655461          0.140200588945          0.137907671045          0.138676278748          0.135445445214          0.131373687507                                           
        0.176183197862          0.131551793207          0.139863264412          0.137207690782          0.135365759815          0.131350271368                                            
        0.176354939003          0.131235245504          0.139153255912          0.133932182447          0.131272927773                                             
        0.175930608857          0.130569177642          0.135831383230          0.129882801627                                              
        0.175037589475          0.127452112972          0.131724403955                                               
        0.170859021213          0.123598731940                                                
        0.165693093784                                                 
