        0.359744018767          0.386834306080          0.398617099816          0.393928701542          0.384432418910          0.379345425271          0.381260959459          0.386535118031          0.389807501386          0.388720697883          0.385179241562          0.382826872656          0.383556765995          0.386179539375          0.388010651329          0.387507251553          0.385473886469          0.383991346445          0.384354701708          0.386001600928          0.387260014940          0.387009890624          0.385646267912          0.384551999447          0.384723109429          0.385887398912          0.386872597902          0.386770803815          0.385760667161          0.384858482091          0.384909782102          0.385808959336          0.386656523009          0.386650649836          0.385839020843          0.385033243850          0.385005181273          0.385753759078          0.386533672311          0.386592732381          0.385893881970          0.385132436186          0.385048890132          0.385712309003          0.386465064800          0.386571865557          0.385935695286          0.385185785256          0.385057951840          0.385675087338
        0.372851887905          0.390352219930          0.397592088743          0.393759251600          0.388064623101          0.385979126209          0.387936548458          0.390989536324          0.392167261011          0.390893849785          0.388870336331          0.388092445958          0.389042470774          0.390552651710          0.391145509985          0.390418534523          0.389240655993          0.388771733695          0.389360314095          0.390330982956          0.390734910844          0.390258731834          0.389443163567          0.389090212717          0.389491059908          0.390203433525          0.390530544821          0.390194706246          0.389564422210          0.389259857978          0.389551144472          0.390126113997          0.390420909004          0.390168949980          0.389639013470          0.389353546571          0.389578438991          0.390078606564          0.390361866141          0.390160955867          0.389684642900          0.389403382151          0.389587543822          0.390049135550          0.390332770270          0.390163300938          0.389712051576          0.389424799108          0.389583254527          0.390029895343
        0.373930987860          0.386959901826          0.395436290927          0.395805985095          0.393237307921          0.391020029436          0.390497080787          0.391338608707          0.392418609395          0.392838169588          0.392480526724          0.391864221315          0.391569964926          0.391765752158          0.392173578292          0.392403341006          0.392302172849          0.392030642740          0.391860680735          0.391921514389          0.392118359164          0.392257827668          0.392232348211          0.392095646595          0.391986777217          0.391996158119          0.392097733166          0.392191558005          0.392200437349          0.392130623126          0.392053310364          0.392035844867          0.392086714140          0.392156310554          0.392184696422          0.392152126546          0.392091804594          0.392058109385          0.392079448384          0.392135309228          0.392175708227          0.392165568955          0.392115417212          0.392071541752          0.392074054946          0.392120550558          0.392168291218          0.392173399033          0.392131333939          0.392081149704
        0.369099598610          0.383473294072          0.396381551069          0.400057226684          0.397322707982          0.392454113620          0.389577993239          0.390312662274          0.393185319202          0.395369738151          0.395183210175          0.393248523893          0.391561054509          0.391558500406          0.392976580808          0.394344875022          0.394453306994          0.393380524502          0.392248422738          0.392088866976          0.392934554020          0.393908075088          0.394111646868          0.393437671578          0.392586763093          0.392357055637          0.392910639466          0.393678225046          0.393935323809          0.393477783599          0.392776065717          0.392500557704          0.392889062721          0.393546530868          0.393842065039          0.393510119881          0.392887780576          0.392577354521          0.392867792595          0.393467237525          0.393793858834          0.393538283159          0.392956476771          0.392615844960          0.392844309037          0.393415398821          0.393771600570          0.393567066873          0.393002830967          0.392630046677
        0.364796721979          0.383672057081          0.400042613728          0.403611998451          0.398148141270          0.390813046337          0.387776731942          0.390337919908          0.395049474296          0.397445736432          0.395917011354          0.392532835081          0.390613571342          0.391636673091          0.394236371611          0.395841904494          0.395137822353          0.393067826434          0.391691332144          0.392188306459          0.393896868319          0.395120596889          0.394781453039          0.393340819099          0.392231500835          0.392457261532          0.393705857741          0.394739551512          0.394606845659          0.393505997504          0.392529260134          0.392592247439          0.393585623467          0.394526517629          0.394522722223          0.393613095491          0.392698158425          0.392655980413          0.393504586335          0.394405838781          0.394488505558          0.393687449688          0.392793420968          0.392676673505          0.393442940407          0.394337966432          0.394487112807          0.393747630446          0.392845203704          0.392664173279
        0.364496735858          0.386908463865          0.403301013750          0.404147023109          0.396155087912          0.388607312189          0.387391855518          0.391830230292          0.396796349431          0.397858679384          0.394853765693          0.391207176976          0.390307483467          0.392532901740          0.395395354514          0.396194993737          0.394478042027          0.392143241691          0.391417669269          0.392790440617          0.394767070940          0.395454018534          0.394337979856          0.392623694071          0.391964364216          0.392893887508          0.394422496640          0.395072151497          0.394288950143          0.392900610329          0.392256784339          0.392930961761          0.394219526711          0.394866928217          0.394280070503          0.393066866213          0.392414371728          0.392935210352          0.394096234224          0.394759563813          0.394292472024          0.393168975916          0.392492717368          0.392917690783          0.394017939747          0.394712248684          0.394322888902          0.393235291848          0.392518075349          0.392876651457
        0.367439171089          0.389982842671          0.403741751980          0.402047914348          0.393814530247          0.388072087519          0.388742259898          0.393461864813          0.397113390131          0.396695841516          0.393411392457          0.390772740876          0.391079305945          0.393582116161          0.395649783894          0.395434613828          0.393441871069          0.391749686097          0.391901902094          0.393552437643          0.395000209976          0.394909357378          0.393511835571          0.392240963494          0.392286276626          0.393502935727          0.394653902603          0.394652848948          0.393576082285          0.392514966941          0.392482495281          0.393457534564          0.394458235752          0.394522836878          0.393627329855          0.392671310885          0.392581508291          0.393419603397          0.394347963861          0.394462138157          0.393668096650          0.392757267975          0.392622039556          0.393385355835          0.394290026585          0.394446708631          0.393705020108          0.392797489985          0.392618855407          0.393347282532
        0.370408233068          0.390432516371          0.401679502689          0.399732740277          0.393297871148          0.389435337669          0.390391744908          0.393810121951          0.395988149504          0.395286764306          0.393002893761          0.391567156543          0.392154425887          0.393869085498          0.394925186404          0.394431537767          0.393076470326          0.392259823546          0.392692073892          0.393818151749          0.394490308847          0.394116091305          0.393158343841          0.392590357515          0.392924448817          0.393766786745          0.394268782723          0.393972762892          0.393220296292          0.392769004772          0.393038646370          0.393728561127          0.394148002179          0.393902851563          0.393262000820          0.392867236445          0.393095693929          0.393703552340          0.394084220129          0.393870528942          0.393286829523          0.392915608415          0.393119569417          0.393689583828          0.394058093151          0.393861644923          0.393297770463          0.392927350009          0.393119311797          0.393684950443
        0.370908213461          0.388479924812          0.399449725892          0.399298545000          0.394740236254          0.391153588685          0.390807609940          0.392757143677          0.394653012467          0.394951175377          0.393867758442          0.392709989234          0.392508710429          0.393213446904          0.393992088933          0.394135627489          0.393654756690          0.393116913198          0.393024601806          0.393375913033          0.393765247740          0.393830474667          0.393574810509          0.393294957325          0.393254737145          0.393448612188          0.393655933089          0.393683961210          0.393540808304          0.393391275425          0.393375851820          0.393484839199          0.393594686882          0.393603989708          0.393524054329          0.393447357675          0.393445665765          0.393506074477          0.393558964770          0.393555440816          0.393511110005          0.393478985662          0.393489761986          0.393523819901          0.393539249333          0.393520446448          0.393493496300          0.393493651806          0.393522988929          0.393546147979
        0.369066744596          0.386343681597          0.399076621302          0.400807435782          0.396514444054          0.391611408325          0.389793686298          0.391462357375          0.394359838811          0.395860282954          0.395052812348          0.393102043074          0.391888447201          0.392316184518          0.393733826651          0.394753007090          0.394550312044          0.393485599792          0.392616778522          0.392685253999          0.393515245859          0.394283758987          0.394316153093          0.393660594951          0.392970531786          0.392869461798          0.393401654348          0.394040064217          0.394198895165          0.393763383787          0.393165849359          0.392964818725          0.393329707996          0.393900929523          0.394139477632          0.393831997665          0.393281781127          0.393013886524          0.393277389798          0.393814211821          0.394109529328          0.393883767302          0.393357576670          0.393037956457          0.393231378977          0.393750471926          0.394094765369          0.393931984697          0.393417876716          0.393047141858
        0.366991193210          0.385975960225          0.400591252405          0.402594337287          0.396969243128          0.390584642464          0.388485129200          0.391156987113          0.395261196370          0.397040192970          0.395436457067          0.392468600585          0.390976233108          0.392044406427          0.394340802625          0.395640034908          0.394909057926          0.393064843288          0.391911582551          0.392421506180          0.393957026041          0.395015178565          0.394671199392          0.393363670495          0.392377198352          0.392601368173          0.393745672341          0.394687515900          0.394560104602          0.393540822643          0.392631873900          0.392685983388          0.393614221572          0.394505327640          0.394513077240          0.393655677236          0.392775781372          0.392718417172          0.393523520670          0.394401389939          0.394503225353          0.393739256275          0.392857999046          0.392716153429          0.393448617076          0.394340384660          0.394522040248          0.393814673603          0.392905239878          0.392681199289
        0.366583434316          0.387421361392          0.402345605476          0.403017613403          0.395899048319          0.389231009730          0.388135581768          0.392017490899          0.396406342791          0.397390497495          0.394765889279          0.391516094563          0.390664012720          0.392613482167          0.395193396163          0.395965380326          0.394452771323          0.392321654251          0.391609366987          0.392826540348          0.394654174537          0.395336871968          0.394339530960          0.392733607033          0.392071744003          0.392909230911          0.394358945111          0.395015443905          0.394303274272          0.392970863075          0.392316316834          0.392934658624          0.394184487860          0.394845709617          0.394302787328          0.393114135086          0.392443943289          0.392928854886          0.394076566133          0.394761904165          0.394324925968          0.393204378872          0.392499981194          0.392897706063          0.394004332654          0.394734472810          0.394371036263          0.393266837256          0.392503073480          0.392834603671
        0.367928677063          0.389103414206          0.402737703698          0.401909971708          0.394505671146          0.388844466104          0.388959642095          0.393130951252          0.396730327990          0.396693118472          0.393783682143          0.391172912541          0.391202836439          0.393438530224          0.395493831082          0.395484021666          0.393682492634          0.391991023171          0.391986381996          0.393497544741          0.394951525750          0.394980828428          0.393683583504          0.392401066377          0.392352697448          0.393497017228          0.394662822542          0.394734620870          0.393708102477          0.392628973929          0.392538687069          0.393479777559          0.394500979073          0.394611654986          0.393736422959          0.392756388334          0.392628389697          0.393456907295          0.394413260346          0.394559964821          0.393765435388          0.392820653470          0.392655652778          0.393428441965          0.394374590030          0.394559870659          0.393798661515          0.392838989006          0.392630529740          0.393389191178
        0.369536379013          0.389480876925          0.401627381230          0.400506104451          0.394113213518          0.389662736051          0.390066530115          0.393453120659          0.396033707485          0.395710040903          0.393438227181          0.391708859451          0.392025422370          0.393738509833          0.395013259829          0.394713702031          0.393350554939          0.392366180749          0.392655974097          0.393794783860          0.394596170158          0.394325013485          0.393350155140          0.392680651496          0.392939490809          0.393800887917          0.394382606171          0.394139639782          0.393365543487          0.392850235132          0.393083007715          0.393796293236          0.394267478421          0.394045509599          0.393378125386          0.392939861337          0.393155731592          0.393793628039          0.394211846838          0.394000712168          0.393381218925          0.392975407589          0.393185700979          0.393798713744          0.394200504216          0.393987750297          0.393370338278          0.392965519350          0.393184399451          0.393816907426
        0.369918620241          0.388414734360          0.400246493263          0.400134415611          0.394955541698          0.390788086622          0.390406216794          0.392777167897          0.395070995505          0.395383739054          0.393992800566          0.392548830844          0.392342566491          0.393276180797          0.394261358022          0.394399553098          0.393742970280          0.393052503811          0.392969939093          0.393456730172          0.393957792987          0.394008613571          0.393646369085          0.393283800106          0.393259781539          0.393537468426          0.393804511481          0.393813664180          0.393603088005          0.393410687289          0.393415746306          0.393579299607          0.393717904063          0.393703537695          0.393577689324          0.393483211027          0.393508567866          0.393608572884          0.393669006978          0.393632692469          0.393551973936          0.393521418594          0.393572062662          0.393640953399          0.393644763052          0.393575596450          0.393512860021          0.393535380080          0.393628265736          0.393689381906
        0.368915978425          0.387087375727          0.399900287485          0.401007204455          0.396107570399          0.391146552318          0.389749517849          0.391834551562          0.394763606139          0.395957448330          0.394851163919          0.392882388027          0.391896300149          0.392540795543          0.393963712827          0.394808572827          0.394445590700          0.393381878921          0.392646969954          0.392833628511          0.393656769740          0.394320322746          0.394264903021          0.393618988114          0.393010979784          0.392974045226          0.393493299729          0.394066112737          0.394178452420          0.393758042757          0.393213119403          0.393044071747          0.393390349981          0.393917677654          0.394135702879          0.393850525109          0.393337761237          0.393079921080          0.393315226939          0.393817858511          0.394112544238          0.393922228221          0.393428540987          0.393099368975          0.393246797068          0.393732483526          0.394097290012          0.393993771831          0.393515080579          0.393110098995
        0.367643549819          0.386754672977          0.400781031354          0.402173999291          0.396471557076          0.390491132547          0.388809993768          0.391529573019          0.395340055239          0.396819851203          0.395187253114          0.392436900210          0.391161745259          0.392244279929          0.394374430655          0.395513559568          0.394776762095          0.393059678207          0.392024397315          0.392533360357          0.393969736286          0.394940628638          0.394601612920          0.393370996647          0.392448043392          0.392663437011          0.393746777033          0.394642973220          0.394527215207          0.393556271031          0.392678385731          0.392717047055          0.393605387845          0.394477045940          0.394504380486          0.393680616701          0.392809623219          0.392726631316          0.393501209833          0.394379709143          0.394514713592          0.393779652767          0.392887498591          0.392701872521          0.393404445254          0.394318156977          0.394557071770          0.393881599342          0.392936382247          0.392636734032
        0.367307033177          0.387602597491          0.401937082667          0.402528939677          0.395799311963          0.389536602329          0.388491391568          0.392091979010          0.396190999565          0.397145505369          0.394729487150          0.391689405298          0.390852664713          0.392642926436          0.395068618092          0.395834521524          0.394443459077          0.392425284463          0.391712342033          0.392834993864          0.394579593525          0.395267344642          0.394343078608          0.392796868176          0.392126126282          0.392905956107          0.394313384997          0.394981895590          0.394315220153          0.393010713345          0.392340335642          0.392921323790          0.394154605406          0.394835977399          0.394324432802          0.393141860920          0.392445455538          0.392901933509          0.394052936291          0.394772169699          0.394362189285          0.393228083779          0.392479164099          0.392848821830          0.393979945428          0.394768209441          0.394434967582          0.393292370654          0.392452118435          0.392749041022
        0.368100801831          0.388715484995          0.402277208939          0.401836661542          0.394823910976          0.389201633313          0.389036885962          0.392927269521          0.396504353591          0.396675137413          0.393968118969          0.391366707828          0.391237881749          0.393324490587          0.395378376090          0.395489993211          0.393796970063          0.392100879999          0.392001768825          0.393433261409          0.394895611657          0.394998148372          0.393757634481          0.392463275247          0.392357039975          0.393461452873          0.394641875517          0.394759534359          0.393758756286          0.392661363469          0.392533325891          0.393459666548          0.394503243051          0.394645823652          0.393774987846          0.392766589054          0.392609620646          0.393442878111          0.394435152201          0.394609508414          0.393800021895          0.392808708739          0.392614997797          0.393413520662          0.394419722451          0.394635961989          0.393835128589          0.392797010478          0.392553210028          0.393368186086
        0.369161555103          0.389042496264          0.401580938239          0.400850071107          0.394482868409          0.389742592581          0.389865667233          0.393236906007          0.396032107169          0.395910520894          0.393641938750          0.391748589773          0.391915835031          0.393631633014          0.395032069001          0.394841147027          0.393469730042          0.392387393857          0.392597128807          0.393746976351          0.394624623444          0.394410567263          0.393421458973          0.392691477748          0.392909893402          0.393787748415          0.394417697878          0.394201008452          0.393406940716          0.392851746160          0.393069139911          0.393806147120          0.394311254425          0.394094347321          0.393397305212          0.392928195690          0.393148082751          0.393822945207          0.394270646444          0.394045324261          0.393378254374          0.392941994888          0.393177219444          0.393851139985          0.394285629343          0.394034113802          0.393337362399          0.392895529398          0.393169849115          0.393905031430
        0.369483238915          0.388371250364          0.400603668059          0.400515927598          0.395035552404          0.390579269757          0.390181877148          0.392773939227          0.395276155289          0.395591874009          0.394031699407          0.392433636475          0.392229642239          0.393292874979          0.394390761072          0.394520882004          0.393763150185          0.392989351549          0.392917288759          0.393482881361          0.394043980921          0.394080977821          0.393656128588          0.393250650784          0.393242455676          0.393570123525          0.393865772912          0.393855535958          0.393603556316          0.393393722903          0.393421772760          0.393620527812          0.393766195972          0.393722870174          0.393565023865          0.393472745345          0.393534250299          0.393664731692          0.393712807259          0.393629707201          0.393517610296          0.393510296551          0.393620950921          0.393723351676          0.393690149098          0.393542515399          0.393441973887          0.393518309995          0.393712889077          0.393817046202
        0.368851630739          0.387429675538          0.400282511853          0.401085989818          0.395888620363          0.390905672910          0.389729957348          0.392029965992          0.394967693853          0.395992001014          0.394727074493          0.392756265645          0.391899669430          0.392660826470          0.394079333429          0.394823132525          0.394373929463          0.393317697676          0.392661272570          0.392910557775          0.393722562664          0.394323813169          0.394223494691          0.393591072263          0.393032578760          0.393026077311          0.393528109647          0.394059970732          0.394153417725          0.393754043834          0.393243734425          0.393083129149          0.393402334393          0.393898226590          0.394117312578          0.393866530531          0.393383554442          0.393114467206          0.393304725833          0.393776626708          0.394093613132          0.393961660007          0.393500704773          0.393135467337          0.393206101937          0.393654700927          0.394072512119          0.394069089584          0.393632564261          0.393151816527
        0.367952777237          0.387120867996          0.400858016343          0.401951180646          0.396220583792          0.390456038689          0.388990632394          0.391725099850          0.395370727809          0.396691554709          0.395052916790          0.392428304796          0.391270127684          0.392351912561          0.394384020398          0.395436890730          0.394704936021          0.393063688652          0.392091053048          0.392591320584          0.393967631665          0.394893765831          0.394566385303          0.393383227248          0.392490525956          0.392690462950          0.393734672936          0.394612251240          0.394516135950          0.393578064847          0.392708297942          0.392721257817          0.393579759052          0.394452854910          0.394513473732          0.393717922192          0.392835250828          0.392708351868          0.393453675449          0.394354930559          0.394547361094          0.393843535745          0.392914798215          0.392653384501          0.393320290494          0.394287524184          0.394625716606          0.393990938282          0.392969349325          0.392538707636
        0.367649491666          0.387676411223          0.401718353184          0.402280661978          0.395761850530          0.389709671786          0.388680331910          0.392121192486          0.396064898392          0.397013068475          0.394719154903          0.391792863349          0.390955872873          0.392651091506          0.394992936474          0.395763601746          0.394445985301          0.392488238389          0.391766792262          0.392831405130          0.394533034213          0.395232485028          0.394353995728          0.392836319589          0.392150116322          0.392892298848          0.394282561114          0.394970895387          0.394335827826          0.393037985666          0.392341769188          0.392894080668          0.394130067690          0.394844996593          0.394360648087          0.393165081038          0.392424538872          0.392852736100          0.394027662638          0.394804667131          0.394425058276          0.393253113227          0.392428109042          0.392762966652          0.393948727626          0.394836675890          0.394543365526          0.393323148437          0.392351551426          0.392600858929
        0.368170793488          0.388506102575          0.402039374819          0.401809223178          0.395001575743          0.389390143946          0.389066453789          0.392805353932          0.396379146116          0.396671774437          0.394075201995          0.391470848488          0.391247317998          0.393252385607          0.395313110490          0.395498113340          0.393863381867          0.392156944150          0.391999908726          0.393389990804          0.394865570582          0.395013962107          0.393800503055          0.392489263274          0.392345351364          0.393433728035          0.394635205670          0.394784657416          0.393789441560          0.392665017294          0.392508174983          0.393438092135          0.394516294858          0.394686339978          0.393801627909          0.392748019745          0.392562574941          0.393420469489          0.394471495699          0.394676559489          0.393828482682          0.392760069079          0.392531318970          0.393385094644          0.394491912366          0.394748482483          0.393869354378          0.392698887166          0.392407210871          0.393330069296
        0.368960471415          0.388815202349          0.401564604953          0.401038856284          0.394676485956          0.389772913932          0.389744892264          0.393115845887          0.396035789632          0.396024377997          0.393749861751          0.391759492364          0.391845235067          0.393569794583          0.395045609314          0.394912936125          0.393529305507          0.392387447855          0.392555687523          0.393720054679          0.394645026015          0.394458132133          0.393450863362          0.392681974999          0.392884181174          0.393784004517          0.394446931924          0.394236017244          0.393413972156          0.392828943491          0.393049671995          0.393821987769          0.394355592441          0.394125098342          0.393382095810          0.392883592394          0.393127823804          0.393861975999          0.394341337554          0.394077774268          0.393332963704          0.392860808897          0.393150959335          0.393925932825          0.394401667477          0.394072261330          0.393242574167          0.392752042541          0.393133899770          0.394043333083
        0.369260282253          0.388356701794          0.400798802040          0.400715510638          0.395066275143          0.390455570458          0.390057986965          0.392777673084          0.395392958117          0.395702437502          0.394042702348          0.392361058764          0.392165694894          0.393306201101          0.394464282354          0.394582135440          0.393763285917          0.392946513211          0.392888759419          0.393502945159          0.394092658627          0.394111594694          0.393646734708          0.393223894231          0.393237388412          0.393598932085          0.393901542527          0.393863528284          0.393580897208          0.393373427717          0.393436446920          0.393664372923          0.393797499262          0.393708481362          0.393520594101          0.393451793300          0.393572198135          0.393734874393          0.393745683131          0.393585158158          0.393436617514          0.393483427320          0.393694701266          0.393838784875          0.393728642622          0.393448422621          0.393298683501          0.393481807926          0.393850159013          0.394012174788
        0.368828734739          0.387617891165          0.400483167574          0.401116702979          0.395760858708          0.390775166005          0.389727143829          0.392143312501          0.395077483014          0.396001938323          0.394651325471          0.392687193710          0.391907808777          0.392731135378          0.394139136263          0.394821755363          0.394328201405          0.393284848197          0.392676851339          0.392956087715          0.393751363180          0.394312672553          0.394194020952          0.393582155345          0.393057288462          0.393058719554          0.393534076318          0.394035442413          0.394130528179          0.393765156530          0.393283699984          0.393111309319          0.393385800138          0.393851865720          0.394093855765          0.393901098776          0.393449941746          0.393144217299          0.393257965942          0.393693672826          0.394064305090          0.394032152810          0.393612448740          0.393170825444          0.393109769521          0.393509433510          0.394033623020          0.394203201270          0.393824029255          0.393195054458
        0.368124956076          0.387313895208          0.400888266800          0.401821670581          0.396085769368          0.390446501785          0.389097514531          0.391831499243          0.395379484097          0.396614424088          0.394980618135          0.392431356573          0.391335489440          0.392408649015          0.394381032412          0.395389518745          0.394669187473          0.393075000127          0.392132308277          0.392617139976          0.393954618122          0.394862481717          0.394554761213          0.393404136345          0.392519254057          0.392693480150          0.393708114742          0.394587464225          0.394524675094          0.393614511198          0.392732769484          0.392701789274          0.393531277758          0.394427460359          0.394545567445          0.393780966423          0.392861411192          0.392658670188          0.393368554415          0.394323670246          0.394615460995          0.393952055447          0.392946634245          0.392554149790          0.393172842924          0.394246682536          0.394757522995          0.394179279615          0.393009102408          0.392348172017
        0.367830464544          0.387705429584          0.401590700054          0.402146955680          0.395751325180          0.389812911028          0.388783549079          0.392129360911          0.395988905276          0.396941817452          0.394721465739          0.391855778102          0.391010440890          0.392647488541          0.394946139158          0.395728445492          0.394456668504          0.392527632040          0.391790866384          0.392817724738          0.394501988200          0.395221187905          0.394374358245          0.392863514698          0.392151610887          0.392865028152          0.394257806955          0.394979616071          0.394371791078          0.393061117682          0.392320902759          0.392844853638          0.394104580691          0.394877195093          0.394423261114          0.393190017832          0.392373531395          0.392766852455          0.393996234533          0.394872835868          0.394533197899          0.393283796927          0.392327593670          0.392614763122          0.393907674281          0.394968543862          0.394731398334          0.393361797809          0.392159773759          0.392340289833
        0.368198241046          0.388383505589          0.401910490225          0.401803528618          0.395107013942          0.389492872821          0.389074616777          0.392731260052          0.396311294014          0.396677432575          0.394139669195          0.391525509540          0.391244042164          0.393207090927          0.395280548149          0.395511426731          0.393904210460          0.392181418677          0.391986732080          0.393360260096          0.394856418202          0.395036578005          0.393829097162          0.392491334931          0.392318679230          0.393410167499          0.394645801606          0.394822664181          0.393813959518          0.392644828966          0.392459595814          0.393413713955          0.394550200266          0.394750877514          0.393827945618          0.392697743802          0.392477365070          0.393390091890          0.394541259802          0.394786558582          0.393860546728          0.392660304416          0.392383807493          0.393345053149          0.394625287757          0.394938346763          0.393909388392          0.392507843689          0.392147359348          0.393277448527
        0.368842998401          0.388691794212          0.401564309557          0.401149969069          0.394781668736          0.389781300237          0.389671314948          0.393049967350          0.396044965102          0.396092244856          0.393806241293          0.391756739497          0.391800517832          0.393538786056          0.395061601221          0.394956436443          0.393555356840          0.392375000365          0.392526659954          0.393712269355          0.394669871547          0.394489036694          0.393454461577          0.392656161341          0.392861398814          0.393795847472          0.394486904589          0.394262643956          0.393395284530          0.392781298910          0.393026109249          0.393857052569          0.394421931870          0.394153406379          0.393333298897          0.392799355468          0.393098277418          0.393932827788          0.394453027012          0.394111756716          0.393234647086          0.392714277375          0.393111754910          0.394060319549          0.394593126272          0.394114167093          0.393052915423          0.392493137745          0.393082117845          0.394302696210
        0.369139770799          0.388357146324          0.400913245822          0.400823897577          0.395074853503          0.390380619876          0.389990778287          0.392786974804          0.395462569680          0.395760344971          0.394040078080          0.392315435896          0.392133678141          0.393322198524          0.394508922773          0.394609251865          0.393750994649          0.392916884888          0.392880220543          0.393527730514          0.394124384158          0.394116033009          0.393621110628          0.393200701862          0.393248625444          0.393638796052          0.393928806880          0.393845555908          0.393533467486          0.393349573399          0.393470986287          0.393730562505          0.393826335269          0.393660324966          0.393436582281          0.393422027261          0.393642564404          0.393846370647          0.393780124597          0.393487430568          0.393290296509          0.393444045692          0.393828615174          0.394029985367          0.393770957942          0.393259303337          0.393039924902          0.393429872708          0.394109033931          0.394356584444
        0.368824816501          0.387728525775          0.400592324819          0.401125352808          0.395683923352          0.390704776490          0.389733202986          0.392211370633          0.395135326781          0.395999014554          0.394604319752          0.392652769643          0.391921290572          0.392774391956          0.394165875785          0.394808993626          0.394297383067          0.393274341497          0.392699505035          0.392986475944          0.393755250969          0.394286485102          0.394169754895          0.393591688615          0.393095235159          0.393084666073          0.393515455145          0.393987399496          0.394105680594          0.393798157727          0.393348094623          0.393138837388          0.393336942694          0.393767212649          0.394063151826          0.393970037243          0.393559710986          0.393177355341          0.393159517984          0.393546688685          0.394024021497          0.394164727292          0.393801953313          0.393211836538          0.392919945406          0.393249980429          0.393980806690          0.394460845420          0.394166739367          0.393245859291
        0.368226788887          0.387419079877          0.400896806374          0.401743809633          0.396013299476          0.390449174601          0.389162241874          0.391887769744          0.395376151149          0.396566877696          0.394944734320          0.392442295329          0.391376232948          0.392433993913          0.394367659825          0.395358063241          0.394657412131          0.393095554091          0.392160547151          0.392619680159          0.393927691848          0.394837507379          0.394563141018          0.393440241553          0.392543250182          0.392673534455          0.393659257108          0.394561871685          0.394556606960          0.393677224719          0.392758464420          0.392651628641          0.393445771755          0.394395995987          0.394613506825          0.393889164015          0.392892788568          0.392558951836          0.393220711509          0.394282621328          0.394747112739          0.394140083547          0.392985932983          0.392363123010          0.392912567567          0.394193100665          0.395014369986          0.394520645435          0.393058235559          0.391967262036
        0.367929137732          0.387713581562          0.401513800668          0.402075084737          0.395753599700          0.389875653839          0.388838102946          0.392125780270          0.395941979581          0.396906571641          0.394732081457          0.391895135694          0.391034578668          0.392633814335          0.394915000422          0.395717063389          0.394476945790          0.392554789358          0.391792410583          0.392790451492          0.394477142239          0.395229813455          0.394410226348          0.392886602700          0.392130784347          0.392815793219          0.394232226534          0.395011713980          0.394434303740          0.393086008259          0.392269931820          0.392758958906          0.394073058882          0.394945262280          0.394531298511          0.393220656220          0.392273053733          0.392618637541          0.393955089647          0.395004605805          0.394721129663          0.393322403646          0.392135859517          0.392354186962          0.393853979828          0.395225529974          0.395072804729          0.393410285435          0.391778241624          0.391846969186
        0.368205878081          0.388309529173          0.401841113381          0.401808481967          0.395170941115          0.389547022137          0.389070988011          0.392685289650          0.396277809608          0.396689885981          0.394179789916          0.391549518800          0.391230434977          0.393176646241          0.395270476447          0.395533130816          0.393932049051          0.392182985730          0.391959595539          0.393335982859          0.394866093139          0.395073653226          0.393852836179          0.392470618125          0.392269621227          0.393385074936          0.394678788207          0.394886261315          0.393839485545          0.392594014168          0.392373902672          0.393382626127          0.394619050335          0.394859932065          0.393859210512          0.392597438080          0.392329373610          0.393349348325          0.394673729222          0.394975477550          0.393899776416          0.392468723734          0.392123489669          0.393291746496          0.394882872333          0.395280747664          0.393958503087          0.392126376314          0.391654376480          0.393204469503
        0.368772184622          0.388625321237          0.401572158209          0.401217077828          0.394837060489          0.389777712992          0.389625602596          0.393017457269          0.396059337131          0.396134270645          0.393831094546          0.391743323044          0.391770319366          0.393529446979          0.395084760940          0.394985774583          0.393557694642          0.392348163166          0.392502682867          0.393722562788          0.394708146277          0.394514069855          0.393434485244          0.392607470519          0.392836639353          0.393829373692          0.394551545992          0.394289345443          0.393345184788          0.392696007748          0.392995369413          0.393926376308          0.394531925497          0.394185772626          0.393233671080          0.392651769765          0.393057887351          0.394065698139          0.394642793273          0.394152036792          0.393043670725          0.392454326951          0.393058804924          0.394318184465          0.394936246841          0.394164289665          0.392671874217          0.392000387016          0.393009501094          0.394847463276
        0.369074908335          0.388365159495          0.400982253428          0.400881078494          0.395071298196          0.390334197831          0.389957523388          0.392801385942          0.395505682962          0.395786118398          0.394026732690          0.392284792679          0.392123773130          0.393345352815          0.394539027429          0.394612276199          0.393724270213          0.392892641331          0.392890092673          0.393565967957          0.394150010558          0.394096625522          0.393572561049          0.393175788463          0.393281811866          0.393703370541          0.393956000383          0.393795953096          0.393448327518          0.393318747822          0.393540009805          0.393840453280          0.393859129941          0.393561140386          0.393289128757          0.393381589163          0.393775144830          0.394035973288          0.393820786927          0.393296840991          0.393030402987          0.393391063658          0.394086170085          0.394372807894          0.393821417283          0.392878557666          0.392547012561          0.393357218475          0.394653409067          0.395060101996
        0.368830112731          0.387795307572          0.400650049173          0.401121798517          0.395636439644          0.390669855795          0.389745784456          0.392253692267          0.395161233965          0.395985577037          0.394573015723          0.392641636920          0.391943044538          0.392803819721          0.394168875309          0.394782114736          0.394272611990          0.393283243194          0.392736567970          0.393011460606          0.393735730211          0.394237742486          0.394144394328          0.393624062840          0.393158760447          0.393111236311          0.393465691997          0.393902041408          0.394074461267          0.393866473407          0.393457004920          0.393171020548          0.393237581301          0.393619517717          0.394022352536          0.394101992472          0.393748363907          0.393217412278          0.392968769608          0.393286516429          0.393970691549          0.394421757835          0.394143818696          0.393261689086          0.392539129473          0.392756705237          0.393907793486          0.395004912276          0.394869216060          0.393319851896
        0.368288431038          0.387474745402          0.400893255238          0.401695789674          0.395977355167          0.390459897308          0.389202660985          0.391912913085          0.395362576141          0.396535326252          0.394932923053          0.392462655578          0.391404222176          0.392436318252          0.394340533603          0.395333007418          0.394665747977          0.393131475240          0.392184301701          0.392599510456          0.393878631852          0.394811830459          0.394595024008          0.393502776267          0.392568708566          0.392623145574          0.393573544891          0.394530321371          0.394624495468          0.393785247020          0.392789610386          0.392551678932          0.393297717842          0.394354861224          0.394745107964          0.394077019540          0.392931860916          0.392367691167          0.392960219194          0.394228954791          0.395003912400          0.394481278960          0.393034845446          0.391981978249          0.392419109394          0.394119747867          0.395558508729          0.395222751330          0.393131337981          0.391092670023
        0.367981283026          0.387710089261          0.401466301493          0.402039556610          0.395764227692          0.389914884521          0.388862266904          0.392112136006          0.395910758070          0.396895179373          0.394752336712          0.391922254979          0.391036180146          0.392606551667          0.394890092974          0.395725672196          0.394512775383          0.392577839636          0.391771628686          0.392741216480          0.394451499522          0.395261884792          0.394472690817          0.392911453031          0.392079851493          0.392729891628          0.394200641599          0.395079751040          0.394542287833          0.393116607153          0.392169491658          0.392610733497          0.394031852390          0.395077003946          0.394719175556          0.393259226761          0.392081361529          0.392358051056          0.393901338162          0.395261571322          0.395062483342          0.393370860043          0.391754380094          0.391860860124          0.393780553288          0.395769927750          0.395775458366          0.393483008370          0.390903548133          0.390702040837
        0.368202466422          0.388263783014          0.401806950450          0.401820777570          0.395210852636          0.389570847259          0.389057340685          0.392654578379          0.396267361447          0.396711266937          0.394207319655          0.391550924096          0.391203190510          0.393152071755          0.395279762567          0.395569835561          0.393955452120          0.392162087840          0.391910404195          0.393310585290          0.394898682965          0.395136860596          0.393878013461          0.392419613036          0.392183784066          0.393353679473          0.394747241049          0.394994918076          0.393870395737          0.392493517364          0.392225764281          0.393341575757          0.394751127668          0.395048452057          0.393898083657          0.392405671328          0.392068913239          0.393295740660          0.394930933751          0.395317485916          0.393948536167          0.392087082423          0.391630379482          0.393218479845          0.395427302303          0.395984153703          0.394031559173          0.391251194476          0.390509936978          0.393053659211
        0.368728427361          0.388592612995          0.401586109787          0.401258903463          0.394861477911          0.389764039448          0.389595052312          0.393007457097          0.396081823815          0.396162969572          0.393832900482          0.391716139742          0.391745879222          0.393539045775          0.395122306310          0.395010110422          0.393537162475          0.392299097831          0.392477441900          0.393755391686          0.394772042795          0.394540055600          0.393383821162          0.392521795531          0.392805412796          0.393898003441          0.394660791765          0.394320987092          0.393244990254          0.392548037110          0.392954491167          0.394058558232          0.394720946632          0.394225323032          0.393042128106          0.392391438897          0.393004452195          0.394322883997          0.394985178980          0.394201429105          0.392662066256          0.391961210596          0.392985715477          0.394862293689          0.395639740635          0.394237934784          0.391796166036          0.390855443980          0.392858899840          0.396317633835
        0.369042884890          0.388378904999          0.401025245875          0.400906482759          0.395057516035          0.390303279682          0.389947041207          0.392823803010          0.395535107008          0.395788485136          0.393999538150          0.392260149762          0.392133009828          0.393382827404          0.394563911269          0.394592185554          0.393675240243          0.392867309615          0.392922644385          0.393629779018          0.394176446690          0.394046333583          0.393486939450          0.393144540027          0.393350204508          0.393812503009          0.393988032178          0.393696075477          0.393300394043          0.393277885099          0.393671961240          0.394029303718          0.393899026157          0.393369852441          0.393028757246          0.393328182628          0.394032071888          0.394378051963          0.393870480898          0.392915390321          0.392537017432          0.393317991483          0.394629921814          0.395075604004          0.393895292700          0.392002762757          0.391401023978          0.393206552012          0.396122853619          0.397122893440
        0.368841844499          0.387836943470          0.400675859243          0.401107889484          0.395604909664          0.390658477865          0.389767031224          0.392282670724          0.395163798244          0.395958307396          0.394548035492          0.392650239663          0.391979626908          0.392828337395          0.394148894980          0.394732996333          0.394247040289          0.393315317501          0.392799625440          0.393037559796          0.393685501520          0.394152014612          0.394112964388          0.393692078740          0.393267211177          0.393142949275          0.393365860035          0.393753979228          0.394033452625          0.393998126469          0.393645203029          0.393210609364          0.393046355692          0.393358977126          0.393968814316          0.394358716304          0.394089776390          0.393266800864          0.392587468429          0.392792867619          0.393897472950          0.394965510681          0.394845843443          0.393335232268          0.391663808834          0.391610167662          0.393756866036          0.396475107011          0.396930709592          0.393629540600
        0.368326906725          0.387499635931          0.400879383346          0.401663894683          0.395965539302          0.390480070076          0.389230449393          0.391915150922          0.395335276683          0.396510189853          0.394941259979          0.392498430466          0.391427825311          0.392416043118          0.394291316377          0.395307269685          0.394697624580          0.393193872350          0.392209613844          0.392549005697          0.393792764761          0.394780224333          0.394662901027          0.393610662736          0.392599712523          0.392523074349          0.393425334786          0.394489135055          0.394756081852          0.393972965888          0.392828546117          0.392360294062          0.393037065944          0.394301147524          0.395001891229          0.394418074960          0.392980643458          0.391986422802          0.392466594777          0.394155559199          0.395548033581          0.395183233608          0.393107827460          0.391107264260          0.391273089192          0.393968612737          0.397030204098          0.397285358481          0.393440444156          0.387909525900
        0.368004449505          0.387696634045          0.401434677732          0.402028112842          0.395784528054          0.389941900501          0.388863957429          0.392084917929          0.395885774805          0.396903829041          0.394788169049          0.391945261825          0.391015475986          0.392557335835          0.394864391986          0.395757769316          0.394575224787          0.392602648515          0.391720758376          0.392655320576          0.394419858366          0.395329939496          0.394580649169          0.392942011046          0.391979469048          0.392581663761          0.394159381429          0.395211510004          0.394730132970          0.393155140069          0.391977860315          0.392350140875          0.393978052020          0.395333993497          0.395060495006          0.393307651011          0.391699954784          0.391864718996          0.393827869836          0.395806009154          0.395765101111          0.393443556675          0.390879784407          0.390715922509          0.393629432066          0.397242341849          0.397840464021          0.393792133569          0.387721636053          0.385350785655
        0.368189608132          0.388233288243          0.401796266235          0.401842290568          0.395238298480          0.389572238761          0.389030228117          0.392629896150          0.396276504324          0.396747897119          0.394230574808          0.391530000905          0.391154047392          0.393126541099          0.395312190300          0.395632919165          0.393980463831          0.392111043991          0.391824587168          0.393279047595          0.394966967314          0.395245374452          0.393908750060          0.392319075460          0.392035654681          0.393312482853          0.394879152872          0.395183288775          0.393909092397          0.392301716114          0.391965311730          0.393287822080          0.395008177772          0.395390315110          0.393946668236          0.392024010453          0.391575821559          0.393222333570          0.395475233654          0.396020766114          0.394021422928          0.391211915698          0.390485989688          0.393067540012          0.396898851767          0.398050403350          0.394341213042          0.388066821275          0.385161209895          0.391481777383
        0.368699300715          0.388582461210          0.401608616171          0.401287601213          0.394863043833          0.389736873420          0.389570523077          0.393016718294          0.396119109914          0.396187016246          0.393812097288          0.391667002186          0.391720466511          0.393571522253          0.395185891548          0.395035765673          0.393486223347          0.392213328476          0.392446024422          0.393823668381          0.394880963132          0.394571352015          0.393283353376          0.392373725867          0.392764334531          0.394029835412          0.394849486756          0.394360184958          0.393053178187          0.392287610846          0.392900850913          0.394315399814          0.395063015363          0.394274360872          0.392660261005          0.391898241032          0.392931158365          0.394866660675          0.395688384852          0.394274728119          0.391786112777          0.390816231384          0.392834923684          0.396332176342          0.397704766357          0.394548048062          0.388607974850          0.385502485790          0.391287849398          0.409337897996
        0.369032701707          0.388400829930          0.401054714904          0.400908506603          0.395030057753          0.390278578262          0.389955919298          0.392860874423          0.395559670673          0.395767987370          0.393950263616          0.392234674638          0.392165198347          0.393446230548          0.394589983247          0.394541491405          0.393589383216          0.392835902883          0.392990678349          0.393738507199          0.394208101648          0.393946056594          0.393338779238          0.393103512964          0.393481797034          0.394000955387          0.394027546236          0.393504386693          0.393039803296          0.393224309718          0.393928524048          0.394370992015          0.393948337183          0.392987994814          0.392535159861          0.393254939893          0.394575448276          0.395080472324          0.393943984192          0.392039177183          0.391390837706          0.393167165749          0.396098971119          0.397138088420          0.394205322901          0.388813134164          0.386041177298          0.391634159614          0.409136755815 
        0.368861870264          0.387865499055          0.400678205116          0.401080090082          0.395579799747          0.390666891096          0.389803204953          0.392306942288          0.395143523396          0.395908866884          0.394522361891          0.392682125138          0.392042341056          0.392854181673          0.394098371367          0.394646988351          0.394215514818          0.393383146842          0.392907752451          0.393069016046          0.393585372286          0.394003689134          0.394071864648          0.393823540612          0.393455093258          0.393182283160          0.393174330999          0.393493181591          0.393979826032          0.394254647953          0.393986299226          0.393259747314          0.392664740530          0.392865067795          0.393895509149          0.394902246053          0.394791473852          0.393340104418          0.391711813303          0.391646049791          0.393746465253          0.396435426872          0.396906973403          0.393644723486          0.388476594863          0.386247555125          0.392182274297          0.409500014044  
        0.368353337075          0.387501873516          0.400851622641          0.401638451798          0.395973915423          0.390515609582          0.389253892034          0.391894856057          0.395285857008          0.396484360510          0.394973159413          0.392560666691          0.391453020800          0.392365493053          0.394205280840          0.395275599795          0.394765513713          0.393301611037          0.392240509931          0.392448876444          0.393644393700          0.394738986648          0.394794492185          0.393798233577          0.392638547652          0.392331625125          0.393164520790          0.394435379284          0.395012864099          0.394313865384          0.392877236150          0.391978959998          0.392543270343          0.394227717243          0.395546005925          0.395119851520          0.393053542056          0.391111646006          0.391320370178          0.394004392737          0.397019703678          0.397245572495          0.393416856860          0.387924012379          0.385914633354          0.392393123303          0.410072747627   
        0.368006238003          0.387669751941          0.401409350833          0.402036927102          0.395820449547          0.389964803732          0.388843435019          0.392035774851          0.395859988158          0.396936030397          0.394850646309          0.391970018013          0.390964732216          0.392471476312          0.394832686730          0.395825901479          0.394683187963          0.392633160030          0.391620482479          0.392507111201          0.394378541381          0.395461768866          0.394768485402          0.392980501852          0.391787942615          0.392321079716          0.394105531052          0.395468575473          0.395071434922          0.393203528235          0.391596571951          0.391856813808          0.393904541267          0.395878527605          0.395763089322          0.393380317566          0.390825515633          0.390719784614          0.393676709951          0.397278573818          0.397830054842          0.393752640157          0.387698145342          0.385364546186          0.392055231853          0.410291783276    
        0.368164019674          0.388208826882          0.401805493642          0.401879329168          0.395261531845          0.389551436349          0.388981381669          0.392604333136          0.396308928505          0.396811080017          0.394255515909          0.391479025310          0.391068400927          0.393094946505          0.395380443858          0.395741468198          0.394011115672          0.392010561552          0.391676590025          0.393237783812          0.395098845337          0.395433758474          0.393947355825          0.392127334231          0.391775322857          0.393258657483          0.395136180439          0.395525163483          0.393957584858          0.391920134804          0.391472349547          0.393214343738          0.395552483972          0.396093629417          0.394019466394          0.391148970718          0.390431607251          0.393071327761          0.396946871177          0.398087137858          0.394330992724          0.388027861652          0.385137652819          0.391495554946          0.409937483877     
        0.368676000994          0.388591484865          0.401646275934          0.401311761989          0.394842058200          0.389687955351          0.389545161052          0.393048983905          0.396182676472          0.396212558108          0.393760992578          0.391581327078          0.391689019315          0.393639591041          0.395294732431          0.395066910600          0.393385600035          0.392065327006          0.392404891560          0.393955296872          0.395069565355          0.394610383005          0.393091395093          0.392113366852          0.392710625859          0.394286478892          0.395191469726          0.394409048896          0.392671174742          0.391794497222          0.392827481317          0.394858986115          0.395766168547          0.394347489210          0.391784186731          0.390753405185          0.392780296618          0.396336375838          0.397753487594          0.394584707164          0.388597877263          0.385463785488          0.391263896628          0.409352708736      
        0.369040969395          0.388437358016          0.401079423692          0.400887525516          0.394980554782          0.390253160965          0.389987769207          0.392924001571          0.395585602374          0.395716944072          0.393864244697          0.392203248110          0.392232942968          0.393554700911          0.394621459390          0.394440897964          0.393441085939          0.392794837978          0.393121992148          0.393926713299          0.394247423957          0.393754059320          0.393078068094          0.393049889981          0.393738074560          0.394342407537          0.394076660651          0.393122213413          0.392546098471          0.393151012773          0.394471590631          0.395073187981          0.394021649368          0.392111436658          0.391388890002          0.393104064822          0.396044118421          0.397142768417          0.394253871980          0.388849079283          0.386031029437          0.391594870342          0.409111889345       
        0.368896055822          0.387889447398          0.400657491597          0.401029886542          0.395554027193          0.390698539311          0.389865445450          0.392332630534          0.395092723052          0.395822487035          0.394490776415          0.392749772100          0.392150122300          0.392885482481          0.393997988546          0.394498367640          0.394174367187          0.393514431837          0.393095321977          0.393108196626          0.393393588442          0.393742622094          0.394018196934          0.394079871337          0.393795881588          0.393231272276          0.392792445762          0.392999002336          0.393906483219          0.394797952222          0.394687665616          0.393332910781          0.391788775519          0.391717937851          0.393744467129          0.396371841088          0.396852165419          0.393649481091          0.388524103040          0.386282844201          0.392171887341          0.409458949353        
        0.368375600635          0.387481827405          0.400801445360          0.401612280141          0.396005909025          0.390577487788          0.389278922599          0.391844344833          0.395199537691          0.396452574049          0.395041096629          0.392668181404          0.391483807328          0.392265365874          0.394056687970          0.395234286624          0.394897135244          0.393488979895          0.392279252379          0.392257413249          0.393383369372          0.394685175599          0.395051293259          0.394138923991          0.392687157158          0.391950270695          0.392670502993          0.394361906560          0.395556987907          0.395015396359          0.392950063784          0.391104164609          0.391396767135          0.394076510314          0.397017669371          0.397181799036          0.393362489459          0.387928364627          0.385961232978          0.392428754104          0.410061931369         
        0.367986946836          0.387621189040          0.401383193481          0.402069575755          0.395883088151          0.389989435628          0.388793024993          0.391950037322          0.395828177590          0.397004372184          0.394958673151          0.392000464758          0.390864676597          0.392323334160          0.394791296586          0.395957894492          0.394871054650          0.392671599243          0.391429150300          0.392246570052          0.394324631680          0.395718994390          0.395109798903          0.393028847094          0.391406859735          0.391827784203          0.394031971055          0.396013296777          0.395774028517          0.393276157977          0.390722396323          0.390711909043          0.393753333357          0.397351376060          0.397828023017          0.393689341257          0.387644381960          0.385368395921          0.392102311256          0.410329246213          
        0.368117868528          0.388183529222          0.401838349594          0.401943306087          0.395286493228          0.389500744003          0.388896257037          0.392572750426          0.396377310409          0.396919914776          0.394286140370          0.391378714850          0.390920721707          0.393053666733          0.395512407719          0.395930043060          0.394049679932          0.391818977541          0.391416523013          0.393183930584          0.395355963058          0.395775801913          0.393995801203          0.391745931577          0.391282626313          0.393185146595          0.395680614148          0.396228673619          0.394030336172          0.391045343053          0.390328473234          0.393063306854          0.397024367433          0.398160351822          0.394328993731          0.387965456932          0.385084077800          0.391499302533          0.409987043596           
        0.368651975564          0.388623315605          0.401710657340          0.401337527897          0.394790749496          0.389602729201          0.389513863404          0.393116871013          0.396291702685          0.396243694175          0.393660231952          0.391433573420          0.391647937901          0.393771061502          0.395483435089          0.395105888219          0.393193528540          0.391805181030          0.392351200240          0.394211793439          0.395411640407          0.394659175426          0.392709294944          0.391620482118          0.392637256278          0.394829925688          0.395894756165          0.394482102724          0.391795019643          0.390649978008          0.392676622178          0.396328569941          0.397831590317          0.394657437651          0.388595912138          0.385401842090          0.391209455837          0.409356925655            
        0.369071036561          0.388499701397          0.401105605654          0.400835681845          0.394894255538          0.390221876010          0.390055047205          0.393032215703          0.395617042603          0.395615926723          0.393715793946          0.392162232252          0.392363911435          0.393742697950          0.394660703698          0.394248542183          0.393180263485          0.392741238635          0.393377939646          0.394267977881          0.394296445976          0.393371530029          0.392584276324          0.392976603855          0.394280776594          0.395044429076          0.394149880666          0.392245245379          0.391399759455          0.393000152196          0.395939762080          0.397135321363          0.394331496680          0.388920647781          0.386029069396          0.391531997567          0.409055101269             
        0.368954920350          0.387914817473          0.400605877119          0.400942290529          0.395522341169          0.390765799626          0.389972538856          0.392363814611          0.394991985636          0.395673335753          0.394449582508          0.392880799366          0.392337231782          0.392924557325          0.393805902393          0.394236893265          0.394120670402          0.393770510746          0.393435696555          0.393157086817          0.393011390264          0.393248056020          0.393944833263          0.394622877443          0.394496803394          0.393304344752          0.391916101388          0.391851411583          0.393755423567          0.396267094017          0.396747703824          0.393642209951          0.388600365086          0.386353681437          0.392169886099          0.409393203533              
        0.368399334562          0.387431902302          0.400713859451          0.401580059391          0.396074030527          0.390684418260          0.389309514396          0.391744333152          0.395050508458          0.396411111482          0.395172809687          0.392855199879          0.391522435287          0.392073962613          0.393795329704          0.395180384846          0.395153998615          0.393829348837          0.392327774435          0.391876099060          0.392889018800          0.394611638198          0.395595463084          0.394840085600          0.392759910162          0.391075514852          0.391523576570          0.394210635839          0.397028686212          0.397076737705          0.393258900894          0.387920946976          0.386036547674          0.392500577896          0.410059836072               
        0.367939339608          0.387536442637          0.401350920180          0.402138823282          0.395991397890          0.390019722943          0.388693571598          0.391802101560          0.395786656426          0.397136767405          0.395146662405          0.392038826076          0.390673744008          0.392062915894          0.394737303290          0.396215448624          0.395212442033          0.392719888019          0.391048444022          0.391753366755          0.394251007008          0.396264068671          0.395812443271          0.393101428541          0.390533142691          0.390682968415          0.393880696850          0.397486662281          0.397839005131          0.393585090536          0.387542159022          0.385360653499          0.392178619623          0.410404471772                
        0.368037387402          0.388152296850          0.401907678340          0.402053551245          0.395317173613          0.389400973124          0.388749457598          0.392531514190          0.396509588125          0.397109044649          0.394324704667          0.391187465274          0.390661205724          0.392999822799          0.395769773111          0.396272504020          0.394098109558          0.391437901532          0.390924323204          0.393110415682          0.395900680803          0.396479745910          0.394068532300          0.390871561572          0.390139353271          0.393034103785          0.397152961543          0.398296095466          0.394339849544          0.387862716119          0.384982420334          0.391491300910          0.410067076844                 
        0.368622363238          0.388690396943          0.401821174042          0.401369009890          0.394689684921          0.389455762012          0.389473017189          0.393248114426          0.396480842579          0.396282734078          0.393467992286          0.391173884575          0.391594352272          0.394027382551          0.395825826235          0.395154687375          0.392811300637          0.391312722703          0.392277894265          0.394755080164          0.396115277455          0.394732221706          0.391833031232          0.390476513036          0.392486461413          0.396299341578          0.397960812589          0.394792108659          0.388606636993          0.385299878249          0.391106184590          0.409348790740                  
        0.369134658511          0.388606649827          0.401137419733          0.400733257802          0.394745382936          0.390181075757          0.390185229415          0.393219892063          0.395656319838          0.395422910889          0.393454765278          0.392108726431          0.392619301983          0.394083727231          0.394709708613          0.393865451653          0.392686327089          0.392668013837          0.393920075303          0.394969790325          0.394369639452          0.392493929159          0.391437814611          0.392825808662          0.395748157627          0.397106335134          0.394459769366          0.389053297170          0.386039780289          0.391428494137          0.408947216754                   
        0.369056232985          0.387945631738          0.400503655564          0.400791122519          0.395481027699          0.390896132152          0.390158535187          0.392402787976          0.394799338472          0.395411007459          0.394395839836          0.393136427948          0.392676868591          0.392973367787          0.393423227301          0.393741640474          0.394047282090          0.394313044857          0.394135891937          0.393230089780          0.392134484286          0.392099679145          0.393793754465          0.396091311994          0.396555755351          0.393613575078          0.388726595170          0.386485274799          0.392180794881          0.409284948150                    
        0.368428311992          0.387333032926          0.400562691727          0.401538030360          0.396206092664          0.390870449294          0.389347905309          0.391553174541          0.394788431991          0.396357022054          0.395429851170          0.393194969923          0.391570831838          0.391692808974          0.393300404413          0.395106734286          0.395698304386          0.394529902954          0.392400429910          0.391001493157          0.391741402141          0.394460257980          0.397067296422          0.396900450589          0.393068575362          0.387892532446          0.386161580644          0.392634161176          0.410071209663                     
        0.367845302546          0.387390198074          0.401308797919          0.402272951937          0.396179881676          0.390057882060          0.388503746698          0.391542041344          0.395732501820          0.397395103738          0.395488282269          0.392087022818          0.390293810494          0.391569948794          0.394663579062          0.396761222379          0.395915257137          0.392792398730          0.390175567910          0.390608774291          0.394099632197          0.397738387619          0.397877606769          0.393410215728          0.387354501843          0.385332127362          0.392305465735          0.410544232870                      
        0.367898540259          0.388111528116          0.402041804441          0.402245148116          0.395355826565          0.389210728892          0.388491451683          0.392477740429          0.396767601107          0.397452539953          0.394373154030          0.390807041436          0.390170016827          0.392926337045          0.396315061325          0.396977342737          0.394170845057          0.390564262075          0.389782157029          0.392959394845          0.397373852492          0.398548490578          0.394378063584          0.387690401227          0.384795957625          0.391462208925          0.410199904911                       
        0.368583728071          0.388820135854          0.402012947219          0.401408525709          0.394496917772          0.389197438728          0.389419750623          0.393504062239          0.396824089344          0.396331651201          0.393085481088          0.390682274075          0.391521202375          0.394570380368          0.396530191887          0.395227797249          0.391934799659          0.390169709364          0.392127244499          0.396224180560          0.398182478677          0.395042397688          0.388644334899          0.385128848731          0.390916784130          0.409318555685                        
        0.369257820913          0.388792178438          0.401177206522          0.400537665222          0.394483648723          0.390127859391          0.390439153858          0.393560419209          0.395705409999          0.395038609940          0.392960472727          0.392035635623          0.393160337071          0.394785160330          0.394782939396          0.392986685406          0.391539564562          0.392517347271          0.395386048703          0.397031255122          0.394679665059          0.389299899841          0.386077316265          0.391254850309          0.408749234387                         
        0.369232213606          0.387984153181          0.400308256177          0.400525318618          0.395427135591          0.391150438110          0.390496216450          0.392451499584          0.394415634566          0.394914210102          0.394322395949          0.393678048464          0.393375637861          0.393046299663          0.392545340045          0.392591762749          0.393896162243          0.395780275202          0.396192880277          0.393539230419          0.388943147202          0.386730092210          0.392218971438          0.409103326043                          
        0.368464658840          0.387144043153          0.400296901445          0.401483209785          0.396463810725          0.391208456563          0.389396013120          0.391172524861          0.394292201229          0.396283127556          0.395974535516          0.393894340882          0.391643323510          0.390818606061          0.392151532463          0.394955148152          0.397170514090          0.396588588214          0.392708795026          0.387819117115          0.386376379149          0.392882778236          0.410111079988                           
        0.367665732547          0.387133091794          0.401253866577          0.402534655462          0.396522400421          0.390105826773          0.388125975792          0.391049744482          0.395658570449          0.397942527236          0.396191584692          0.392159406185          0.389422668421          0.390425903251          0.394512030026          0.398237418781          0.397980948210          0.393100936677          0.386999896245          0.385258965759          0.392523517935          0.410804262100                            
        0.367654451099          0.388058366708          0.402303429077          0.402593120938          0.395404397336          0.388832272816          0.388003066438          0.392404355823          0.397314277248          0.398159507930          0.394445933827          0.389934859241          0.389030125086          0.392775387073          0.397789792740          0.399048711926          0.394480450814          0.387385659821          0.384443725147          0.391387797457          0.410428074494                             
        0.368533342808          0.389073181358          0.402360993842          0.401458061729          0.394113389358          0.388708373589          0.389347032178          0.394046314893          0.397530243730          0.396404965500          0.392208360902          0.389541166344          0.391370859492          0.396038767565          0.398599571746          0.395538348481          0.388745274954          0.384826312975          0.390559009869          0.409240892521                              
        0.369498089518          0.389128842768          0.401226958308          0.400148321772          0.393988045663          0.390055159004          0.390977135492          0.394260882939          0.395778803004          0.394157163789          0.391812904317          0.391885227290          0.394623423562          0.396845622938          0.395093267875          0.389788590668          0.386177675879          0.390947629182          0.408375153290                               
        0.369551738913          0.388032306872          0.399919141785          0.400022015049          0.395353492622          0.391689286317          0.391191034777          0.392524311619          0.393535476229          0.393760840815          0.394171168149          0.395142867390          0.395428582564          0.393355274506          0.389350607748          0.387215382012          0.392320969144          0.408782007354                                
        0.368510195193          0.386767697427          0.399793691595          0.401408331110          0.397009925048          0.391904243274          0.389468086917          0.390299488842          0.393140376900          0.396131071343          0.397447772188          0.395949650365          0.391951080681          0.387637726994          0.386780844915          0.393375681319          0.410217682666                                 
        0.367308293580          0.386646364411          0.401178885756          0.403089194216          0.397227550125          0.390177837995          0.387259733321          0.389907238077          0.395506624232          0.399423156083          0.398258716874          0.392467442469          0.386253188955          0.385078617885          0.392934259282          0.411319728687                                  
        0.367192338180          0.387985816041          0.402857753261          0.403309279183          0.395477365831          0.387964550344          0.386869586454          0.392253611334          0.398792753159          0.400237088186          0.394755753483          0.386761438635          0.383702070363          0.391204527124          0.410857710039                                   
        0.368464547177          0.389609309403          0.403077023216          0.401532317844          0.393233961729          0.387573097342          0.389197545604          0.395512729735          0.399604868568          0.396716434378          0.389016606243          0.384206446185          0.389805659371          0.409049361117                                    
        0.370007175217          0.389821393191          0.401301360777          0.399255404480          0.392837460537          0.389905527791          0.392432038706          0.396318576710          0.396089900770          0.390949483186          0.386447269346          0.390318045502          0.407587400089                                     
        0.370209240828          0.388104292666          0.399026649904          0.398853648645          0.395201864228          0.393146659559          0.393232504358          0.392832862840          0.390332634856          0.388368385687          0.392594874067          0.408123598129                                      
        0.368578409310          0.385904512291          0.398625743185          0.401254286978          0.398487022282          0.393949113016          0.389774127236          0.387122850674          0.387756096129          0.394546892657          0.410504050082                                       
        0.366488581949          0.385516749717          0.401024806933          0.404589020583          0.399300098385          0.390484315799          0.384107929299          0.384567080203          0.393924868989          0.412544470191                                        
        0.366119728613          0.387836775275          0.404356887233          0.405413786791          0.395787995333          0.384807223687          0.381571205387          0.390684841513          0.411893656516                                         
        0.368323094956          0.391059191723          0.405180625514          0.401847810669          0.390033847277          0.382265396513          0.387641048322          0.408506015405                                          
        0.371383994950          0.391855891406          0.401616789668          0.396006163574          0.387457779787          0.388346271611          0.405323949596                                           
        0.372141160573          0.388409366410          0.395779070072          0.393391372414          0.393621445754          0.406061754924                                            
        0.368868040706          0.382763667750          0.393166288952          0.399649609697          0.411577452326                                             
        0.363505896098          0.380236750688          0.399420977275          0.417880100229                                              
        0.361105598824          0.386285673245          0.417640618143                                               
        0.366850087239          0.403906146074                                                
        0.383584389582                                                 
