        0.158281628314          0.129784095266          0.130063765198          0.130447500262          0.131209385869          0.131694488604          0.131925260842          0.132000000960          0.131983227166          0.131921456756          0.131836770029          0.131741622076          0.131641838050          0.131540791721          0.131440495907          0.131342469710          0.131247957567          0.131158065914          0.131073785312          0.130995998802          0.130925474227          0.130862856677          0.130808660635          0.130763264166          0.130726905036          0.130699679074          0.130681540728          0.130672305825          0.130671656459          0.130679147931          0.130694217610          0.130716195574          0.130744316849          0.130777735062          0.130815537266          0.130856759723          0.130900404383          0.130945455795          0.130990898200          0.131035732518          0.131078992979          0.131119763129          0.131157190971          0.131190502990          0.131219016868          0.131242152666          0.131259442318          0.131270537286          0.131275214251          0.131273378763
        0.182757767839          0.149084663567          0.152227462687          0.151734074517          0.152640562566          0.152902122882          0.153100891185          0.153115240388          0.153075202428          0.152989938116          0.152888636873          0.152777651118          0.152663651584          0.152549186725          0.152436489708          0.152327071957          0.152222306282          0.152123379361          0.152031362696          0.151947194833          0.151871680151          0.151805477736          0.151749094624          0.151702879989          0.151667022151          0.151641547939          0.151626324609          0.151621064222          0.151625330396          0.151638547333          0.151660010937          0.151688901874          0.151724300335          0.151765202270          0.151810536841          0.151859184814          0.151909997585          0.151961816564          0.152013492594          0.152063905107          0.152111980724          0.152156710996          0.152197169026          0.152232524700          0.152262058302          0.152285172294          0.152301401081          0.152310418619          0.152312043731          0.152306243067
        0.182054641130          0.149919327970          0.152805508061          0.152227330765          0.152997634486          0.153197867699          0.153355758191          0.153351163145          0.153300151070          0.153209192606          0.153104489624          0.152991612563          0.152876693955          0.152762125781          0.152650044216          0.152541914172          0.152439064166          0.152342635460          0.152253647305          0.152172979439          0.152101371149          0.152039411183          0.151987532078          0.151946005563          0.151914940786          0.151894284947          0.151883826463          0.151883200579          0.151891897324          0.151909271663          0.151934555696          0.151966872677          0.152005252661          0.152048649484          0.152095958849          0.152146037194          0.152197721070          0.152249846716          0.152301269514          0.152350883033          0.152397637371          0.152440556481          0.152478754245          0.152511449023          0.152537976466          0.152557800388          0.152570521527          0.152575884065          0.152573779806          0.152564249940
        0.183536321708          0.150622046352          0.153633559853          0.152849291143          0.153587826379          0.153737826697          0.153882030665          0.153866355840          0.153811832602          0.153718954826          0.153614212434          0.153502172855          0.153388943719          0.153276732832          0.153167630376          0.153063027658          0.152964192254          0.152872195156          0.152787982394          0.152712355800          0.152645974086          0.152589343629          0.152542814217          0.152506575665          0.152480657342          0.152464930058          0.152459110318          0.152462767126          0.152475330838          0.152496104232          0.152524275465          0.152558932751          0.152599080505          0.152643656607          0.152691550717          0.152741623199          0.152792724342          0.152843713654          0.152893478935          0.152940954743          0.152985140009          0.153025114565          0.153060054295          0.153089244651          0.153112092380          0.153128135209          0.153137049410          0.153138655087          0.153132919137          0.153119955773
        0.183975834884          0.150977847022          0.153883276208          0.153038794727          0.153741851873          0.153874280479          0.154009231385          0.153989076684          0.153932452502          0.153838933699          0.153734537640          0.153623638133          0.153512240127          0.153402486192          0.153296409516          0.153195342207          0.153100488265          0.153012849499          0.152933298333          0.152862559388          0.152801211800          0.152749681161          0.152708236737          0.152676989187          0.152655891344          0.152644741223          0.152643187547          0.152650737420          0.152666766171          0.152690529171          0.152721175689          0.152757763881          0.152799277483          0.152844643398          0.152892750027          0.152942466202          0.152992660194          0.153042218806          0.153090065711          0.153135179544          0.153176610629          0.153213496799          0.153245077462          0.153270706133          0.153289860974          0.153302153473          0.153307334670          0.153305299268          0.153296087356          0.153279883769
        0.184292788457          0.151087083836          0.153970157638          0.153077241115          0.153767870320          0.153889380258          0.154020833240          0.153998670659          0.153941923523          0.153849160042          0.153746379959          0.153637768883          0.153529285777          0.153422998374          0.153320878874          0.153224189267          0.153134060590          0.153051416948          0.152977050325          0.152911603042          0.152855571428          0.152809299156          0.152772975570          0.152746634787          0.152730157541          0.152723275318          0.152725576845          0.152736516619          0.152755425734          0.152781524154          0.152813935028          0.152851700149          0.152893796867          0.152939155492          0.152986677832          0.153035255612          0.153083789233          0.153131206145          0.153176478690          0.153218641181          0.153256805912          0.153290177682          0.153318067049          0.153339901520          0.153355234965          0.153363754967          0.153365287934          0.153359801922          0.153347407151          0.153328354240
        0.184378241608          0.151119192813          0.153969368661          0.153059590879          0.153741554823          0.153858952180          0.153988671652          0.153966252981          0.153910256741          0.153819048019          0.153718514481          0.153612768764          0.153507706015          0.153405329862          0.153307544134          0.153215537722          0.153130364393          0.153052868089          0.152983758840          0.152923596424          0.152872795478          0.152831619965          0.152800182754          0.152778445834          0.152766223412          0.152763186920          0.152768872426          0.152782689960          0.152803934913          0.152831800898          0.152865394384          0.152903750423          0.152945849453          0.152990634832          0.153037030874          0.153083961045          0.153130366019          0.153175221467          0.153217555112          0.153256462809          0.153291123572          0.153320813064          0.153344915582          0.153362934122          0.153374498600          0.153379371861          0.153377453610          0.153368782054          0.153353533267          0.153332018323
        0.184396800548          0.151097111168          0.153935498022          0.153015489645          0.153694039206          0.153809483652          0.153939078929          0.153917439099          0.153863086799          0.153774203837          0.153676624167          0.153574384692          0.153473317596          0.153375355438          0.153282328213          0.153195346601          0.153115383505          0.153043200238          0.152979423797          0.152924531849          0.152878859036          0.152842592740          0.152815773757          0.152798297671          0.152789918869          0.152790256555          0.152798802751          0.152814932475          0.152837915421          0.152866929357          0.152901074814          0.152939390881          0.152980871914          0.153024484777          0.153069186448          0.153113941640          0.153157740230          0.153199614128          0.153238653433          0.153274021528          0.153304968924          0.153330845667          0.153351112021          0.153365347404          0.153373257243          0.153374677851          0.153369579115          0.153358064990          0.153340371796          0.153316864335
        0.184362048329          0.151056291744          0.153885598649          0.152962032294          0.153638797994          0.153754058682          0.153884445763          0.153864446148          0.153812432818          0.153726517484          0.153632460811          0.153534233515          0.153437596538          0.153344407974          0.153256419420          0.153174660404          0.153100021080          0.153033179613          0.152974680822          0.152924922322          0.152884162136          0.152852515588          0.152829957091          0.152816322505          0.152811314052          0.152814507020          0.152825358559          0.152843218168          0.152867339832          0.152896895579          0.152930990180          0.152968676861          0.153008973683          0.153050880403          0.153093395468          0.153135532981          0.153176339263          0.153214908800          0.153250399374          0.153282046040          0.153309173820          0.153331208870          0.153347687938          0.153358266039          0.153362722108          0.153360962662          0.153353023331          0.153339068272          0.153319387486          0.153294392027
        0.184308914334          0.151004408374          0.153829633177          0.152904624082          0.153581127901          0.153697176673          0.153829187342          0.153811537643          0.153762509008          0.153680140463          0.153590121082          0.153496349356          0.153404510507          0.153316383723          0.153233639095          0.153157223120          0.153087942618          0.153026393402          0.152973040126          0.152928203725          0.152892070134          0.152864688302          0.152845972963          0.152835707898          0.152833551555          0.152839044478          0.152851618516          0.152870607670          0.152895260424          0.152924753310          0.152958205507          0.152994694238          0.153033270748          0.153072976562          0.153112859806          0.153151991304          0.153189480222          0.153224488986          0.153256247279          0.153284064870          0.153307343073          0.153325584669          0.153338402135          0.153345524067          0.153346799646          0.153342201141          0.153331824357          0.153315887070          0.153294725430          0.153268788411
        0.184244359476          0.150948526584          0.153771177876          0.152846453529          0.153523581809          0.153641265733          0.153775588241          0.153760924335          0.153715444167          0.153637122513          0.153551569014          0.153462606579          0.153375840214          0.153292967433          0.153215575030          0.153144526062          0.153080544906          0.153024147162          0.152975720750          0.152935514511          0.152903648001          0.152880110509          0.152864764718          0.152857350707          0.152857492238          0.152864704634          0.152878404345          0.152897919976          0.152922504638          0.152951349388          0.152983597532          0.153018359607          0.153054728760          0.153091796319          0.153128667262          0.153164475383          0.153198397896          0.153229669239          0.153257593902          0.153281558030          0.153301039635          0.153315617281          0.153324977077          0.153328917887          0.153327354653          0.153320319817          0.153307962782          0.153290547439          0.153268447807          0.153242141824
        0.184175660531          0.150890838332          0.153712412851          0.152788915728          0.153467481725          0.153587490896          0.153724755214          0.153713638738          0.153672204092          0.153598355105          0.153517618291          0.153433736640          0.153352232221          0.153274719142          0.153202700542          0.153136956952          0.153078132478          0.153026665955          0.152982873183          0.152946936619          0.152918916165          0.152898749078          0.152886254380          0.152881137497          0.152882997034          0.152891332977          0.152905556451          0.152925000771          0.152948933659          0.152976570391          0.153007087675          0.153039638050          0.153073364556          0.153107415466          0.153140958816          0.153173196532          0.153203377919          0.153230812293          0.153254880585          0.153275045691          0.153290861455          0.153301980102          0.153308158038          0.153309259900          0.153305260811          0.153296246795          0.153282413354          0.153264062216          0.153241596320          0.153215513103
        0.184105078834          0.150833092573          0.153654472645          0.152733022971          0.153413709514          0.153536671057          0.153677436038          0.153670360217          0.153633392962          0.153564363064          0.153488710102          0.153410094410          0.153333953573          0.153261817973          0.153195108066          0.153134524082          0.153080633332          0.153033802520          0.152994281059          0.152962191755          0.152937542488          0.152920226872          0.152910029296          0.152906630058          0.152909612457          0.152918471189          0.152932622125          0.152951413232          0.152974136495          0.153000040632          0.153028344397          0.153058250262          0.153088958255          0.153119679745          0.153149650940          0.153178145892          0.153204488813          0.153228065489          0.153248333629          0.153264831981          0.153277188065          0.153285124415          0.153288463221          0.153287129299          0.153281151357          0.153270661512          0.153255893090          0.153237176727          0.153214934842          0.153189674557
        0.184034539670          0.150776228336          0.153598240391          0.152679502643          0.153362939866          0.153489409311          0.153634169014          0.153631554167          0.153599399585          0.153535454146          0.153465068462          0.153391818550          0.153321057364          0.153254232531          0.153192684101          0.153137035487          0.153087781859          0.153045223536          0.153009550282          0.152980832883          0.152959035590          0.152944017399          0.152935537583          0.152933261152          0.152936766135          0.152945551995          0.152959049270          0.152976630214          0.152997620277          0.153021310240          0.153046968810          0.153073855463          0.153101233343          0.153128382006          0.153154609801          0.153179265700          0.153201750393          0.153221526459          0.153238127465          0.153251165841          0.153260339421          0.153265436526          0.153266339528          0.153263026829          0.153255573226          0.153244148660          0.153229015360          0.153210523435          0.153189104982          0.153165266801
        0.183965122862          0.150721063599          0.153544413760          0.152628988716          0.153315740927          0.153446209271          0.153595386285          0.153597576749          0.153570499710          0.153511820877          0.153446801047          0.153378931642          0.153313482133          0.153251819677          0.153195207434          0.153144196669          0.153099216166          0.153060506600          0.153028205726          0.153002340705          0.152982841182          0.152969541041          0.152962184280          0.152960430646          0.152963862943          0.152971995309          0.152984282576          0.153000130465          0.153018906495          0.153039951402          0.153062590899          0.153086147577          0.153109952767          0.153133358163          0.153155747033          0.153176544825          0.153195229019          0.153211338046          0.153224479156          0.153234335088          0.153240669463          0.153243330782          0.153242255001          0.153237466614          0.153229078241          0.153217288728          0.153202379777          0.153184711183          0.153164714719          0.153142886798
        0.183897795874          0.150668263299          0.153493614728          0.152582030012          0.153272600261          0.153407487621          0.153561429773          0.153568690328          0.153546873317          0.153493559159          0.153433919399          0.153371361888          0.153311075061          0.153254349119          0.153202375033          0.153155637680          0.153114506209          0.153079169292          0.153049721070          0.153026154101          0.153008372929          0.152996196167          0.152989362557          0.152987536622          0.152990315845          0.152997238654          0.153007793349          0.153021427716          0.153037559224          0.153055585606          0.153074895683          0.153094880223          0.153114942687          0.153134509676          0.153153040923          0.153170038657          0.153185056199          0.153197705656          0.153207664578          0.153214681486          0.153218580176          0.153219262732          0.153216711200          0.153210987899          0.153202234357          0.153190668900          0.153176582922          0.153160335899          0.153142349231          0.153123098996
        0.183833360504          0.150618433327          0.153446392012          0.152539108744          0.153233931550          0.153373583724          0.153532559985          0.153545073443          0.153528615225          0.153480679771          0.153426351250          0.153368956271          0.153313605913          0.153261518116          0.153213817452          0.153170929162          0.153133170406          0.153100686250          0.153073536243          0.153051687849          0.153035030344          0.153023377091          0.153016471609          0.153013993098          0.153015563330          0.153020754196          0.153029096053          0.153040086625          0.153053200370          0.153067898116          0.153083636844          0.153099879438          0.153116104250          0.153131814333          0.153146546183          0.153159877856          0.153171436337          0.153180904021          0.153188024229          0.153192605653          0.153194525666          0.153193732439          0.153190245846          0.153184157115          0.153175627262          0.153164884311          0.153152219349          0.153137981492          0.153122571817          0.153106436383
        0.183772551971          0.150572110678          0.153403229278          0.152500635628          0.153200072976          0.153344757262          0.153508955148          0.153526820916          0.153515736472          0.153473110941          0.153423944290          0.153371485466          0.153320773040          0.153272958478          0.153229106734          0.153189591060          0.153154685027          0.153124499118          0.153099067796          0.153078343265          0.153062209557          0.153050484811          0.153042927224          0.153039240283          0.153039079214          0.153042057958          0.153047756801          0.153055730442          0.153065516418          0.153076643702          0.153088641373          0.153101047188          0.153113415931          0.153125327400          0.153136393903          0.153146267143          0.153154644378          0.153161273762          0.153165958779          0.153168561689          0.153169005951          0.153167277560          0.153163425303          0.153157559902          0.153149852078          0.153140529560          0.153129873088          0.153118211470          0.153105915781          0.153093392790
        0.183716024329          0.150529769930          0.153364539535          0.152466947457          0.153171284248          0.153321186734          0.153490710671          0.153513944541          0.153508166159          0.153470701337          0.153426470264          0.153378648981          0.153332209489          0.153288243560          0.153247764201          0.153211101073          0.153178493185          0.153150025945          0.153125718567          0.153105518012          0.153089313095          0.153076936634          0.153068171107          0.153062753455          0.153060380944          0.153060717433          0.153063400170          0.153068046918          0.153074263342          0.153081650494          0.153089812307          0.153098362951          0.153106933933          0.153115180846          0.153122789623          0.153129482227          0.153135021661          0.153139216229          0.153141922974          0.153143050235          0.153142559294          0.153140465062          0.153136835820          0.153131792006          0.153125504055          0.153118189362          0.153110108375          0.153101559917          0.153092875791          0.153084414767
        0.183664356211          0.150491816404          0.153330661517          0.152438302890          0.153147743901          0.153302967774          0.153477838766          0.153506373934          0.153505753523          0.153473223326          0.153433629347          0.153390080579          0.153347489375          0.153306895482          0.153269268380          0.153234903170          0.153204013811          0.153176670467          0.153152887123          0.153132615526          0.153115759171          0.153102175160          0.153091679420          0.153084050925          0.153079036851          0.153076358007          0.153075714688          0.153076792770          0.153079269978          0.153082822198          0.153087129755          0.153091883522          0.153096790780          0.153101580726          0.153106009538          0.153109864905          0.153112969967          0.153115186576          0.153116417848          0.153116609940          0.153115753046          0.153113881579          0.153111073539          0.153107449087          0.153103168338          0.153098428408          0.153093459781          0.153088522024          0.153083898961          0.153079893351
        0.183618042091          0.150458582542          0.153301855424          0.152414879777          0.153129547657          0.153290112839          0.153470269369          0.153503958698          0.153508271296          0.153480377468          0.153445055697          0.153405354785          0.153366135242          0.153328393212          0.153293063698          0.153260416752          0.153230651117          0.153203831735          0.153179977386          0.153159054505          0.153140990871          0.153125677032          0.153112970947          0.153102701489          0.153094672774          0.153088668645          0.153084457495          0.153081797240          0.153080440421          0.153080139294          0.153080650865          0.153081741759          0.153083192844          0.153084803539          0.153086395732          0.153087817232          0.153088944714          0.153089686096          0.153089982303          0.153089808405          0.153089174095          0.153088123509          0.153086734384          0.153085116566          0.153083409909          0.153081781580          0.153080422826          0.153079545256          0.153079376704          0.153080156733
        0.183577487588          0.150430323652          0.153278300145          0.152396773460          0.153116708058          0.153282552091          0.153467852290          0.153506471782          0.153515420220          0.153491798097          0.153460324014          0.153423994324          0.153387626245          0.153352181371          0.153318569754          0.153287046235          0.153257804362          0.153230913883          0.153206408273          0.153184278255          0.153164485056          0.153146961253          0.153131614698          0.153118331196          0.153106977885          0.153097406691          0.153089458029          0.153082964612          0.153077755329          0.153073659099          0.153070508657          0.153068144191          0.153066416771          0.153065191507          0.153064350390          0.153063794752          0.153063447319          0.153063253811          0.153063184060          0.153063232636          0.153063418959          0.153063786905          0.153064403908          0.153065359568          0.153066763802          0.153068744562          0.153071445155          0.153075021222          0.153079637423          0.153085463885
        0.183543004234          0.150407215224          0.153260091571          0.152383996455          0.153109155396          0.153280135606          0.153470360638          0.153513614072          0.153526834720          0.153507059989          0.153478957080          0.153445478407          0.153411407061          0.153377679614          0.153345191026          0.153314190943          0.153284877751          0.153257335900          0.153231623163          0.153207763714          0.153185760808          0.153165596914          0.153147236807          0.153130629304          0.153115709612          0.153102401664          0.153090620654          0.153080275623          0.153071272100          0.153063514709          0.153056909730          0.153051367528          0.153046804846          0.153043146877          0.153040329117          0.153038298938          0.153037016857          0.153036457494          0.153036610180          0.153037479210          0.153039083751          0.153041457385          0.153044647310          0.153048713205          0.153053725790          0.153059765097          0.153066918484          0.153075278443          0.153084940220          0.153095999308
        0.183514806158          0.150389351294          0.153247242279          0.152376479403          0.153106739942          0.153282636828          0.153477495448          0.153525020106          0.153542089606          0.153525685942          0.153500434106          0.153469251705          0.153436897337          0.153404292416          0.153372326835          0.153341255082          0.153311290277          0.153282541175          0.153255099009          0.153229029982          0.153204387241          0.153181210173          0.153159526558          0.153139353269          0.153120697506          0.153103557964          0.153087926143          0.153073787704          0.153061123861          0.153049912757          0.153040130827          0.153031754089          0.153024759346          0.153019125281          0.153014833412          0.153011868891          0.153010221128          0.153009884234          0.153010857266          0.153013144269          0.153016754122          0.153021700183          0.153027999742          0.153035673298          0.153044743669          0.153055234961          0.153067171405          0.153080576101          0.153095469685          0.153111868951
        0.183493008105          0.150376744159          0.153239682505          0.152374073309          0.153109235422          0.153289757214          0.153488891419          0.153540264806          0.153560707698          0.153547155163          0.153524199735          0.153494733836          0.153463501517          0.153431419067          0.153399381359          0.153367657622          0.153336485310          0.153306006647          0.153276354901          0.153247646170          0.153219990516          0.153193490323          0.153168241419          0.153144332659          0.153121845985          0.153100856382          0.153081431948          0.153063634007          0.153047517267          0.153033130008          0.153020514289          0.153009706170          0.153000735923          0.152993628237          0.152988402395          0.152985072430          0.152983647238          0.152984130653          0.152986521482          0.152990813488          0.152996995334          0.153005050484          0.153014957061          0.153026687684          0.153040209267          0.153055482806          0.153072463167          0.153091098861          0.153111331850          0.153133097364
        0.183477625072          0.150369325337          0.153237262398          0.152376553010          0.153116343661          0.153301131978          0.153504123659          0.153558871114          0.153582168223          0.153570912287          0.153549673558          0.153521329209          0.153490618856          0.153458463715          0.153425773543          0.153392841912          0.153359939775          0.153327251397          0.153294959948          0.153263238440          0.153232259931          0.153202194844          0.153173210976          0.153145471911          0.153119135864          0.153094354397          0.153071271249          0.153050021216          0.153030729116          0.153013508831          0.152998462441          0.152985679452          0.152975236123          0.152967194891          0.152961603910          0.152958496686          0.152957891836          0.152959792942          0.152964188531          0.152971052158          0.152980342604          0.152992004180          0.153005967149          0.153022148241          0.153040451287          0.153060767940          0.153082978501          0.153106952830          0.153132551348          0.153159626111
        0.183468573490          0.150366947791          0.153239755511          0.152383621806          0.153127700332          0.153316336835          0.153522715324          0.153580318394          0.153605915843          0.153596376903          0.153576259959          0.153548437053          0.153517653477          0.153484845282          0.153450946720          0.153416284866          0.153381172748          0.153345844536          0.153310540320          0.153275496107          0.153240952988          0.153207153346          0.153174339696          0.153142751876          0.153112624660          0.153084185229          0.153057650772          0.153033226169          0.153011101819          0.152991451596          0.152974431007          0.152960175521          0.152948799131          0.152940393126          0.152935025124          0.152932738344          0.152933551146          0.152937456837          0.152944423739          0.152954395535          0.152967291867          0.152983009201          0.153001421932          0.153022383730          0.153045729105          0.153071275169          0.153098823597          0.153128162733          0.153159069843          0.153191313478
        0.183465673928          0.150369389352          0.153246863466          0.152394917183          0.153142881689          0.153334895629          0.153544146024          0.153604051470          0.153631370186          0.153622953406          0.153603358156          0.153575461477          0.153544024288          0.153510007093          0.153474377800          0.153437505567          0.153399753353          0.153361412255          0.153322785360          0.153284176706          0.153245899338          0.153208270344          0.153171608479          0.153136230123          0.153102445648          0.153070555661          0.153040847413          0.153013591336          0.152989037799          0.152967414079          0.152948921622          0.152933733612          0.152921992876          0.152913810155          0.152909262767          0.152908393673          0.152911210954          0.152917687715          0.152927762414          0.152941339608          0.152958291109          0.152978457535          0.153001650241          0.153027653600          0.153056227605          0.153087110769          0.153120023273          0.153154670332          0.153190745730          0.153227935478
        0.183468655279          0.150376357297          0.153258221697          0.152410017515          0.153161412195          0.153356288730          0.153567860851          0.153629490144          0.153657935696          0.153650041033          0.153630372257          0.153601821389          0.153569174617          0.153533426068          0.153495585883          0.153456073159          0.153415307810          0.153373643933          0.153331452646          0.153289109938          0.153247003549          0.153205526797          0.153165074959          0.153126039996          0.153088805681          0.153053742660          0.153021203711          0.152991519211          0.152964992903          0.152941897984          0.152922473590          0.152906921720          0.152895404636          0.152888042769          0.152884913170          0.152886048516          0.152891436690          0.152901020938          0.152914700603          0.152932332425          0.152953732385          0.152978678084          0.153006911601          0.153038142819          0.153072053156          0.153108299659          0.153146519403          0.153186334144          0.153227355147          0.153269188158
        0.183477160340          0.150387493984          0.153273406200          0.152428449646          0.153182772897          0.153379962050          0.153593279894          0.153656039048          0.153685011673          0.153677043924          0.153656721181          0.153626960126          0.153592581398          0.153554621327          0.153514140143          0.153471613903          0.153427525546          0.153382297203          0.153336371942          0.153290200440          0.153244246656          0.153198980417          0.153154872561          0.153112388429          0.153071981810          0.153034088850          0.152999122245          0.152967465722          0.152939468917          0.152915442692          0.152895654978          0.152880327192          0.152869631269          0.152863687364          0.152862562238          0.152866268370          0.152874763785          0.152887952624          0.152905686425          0.152927766115          0.152953944676          0.152983930456          0.153017391072          0.153053957854          0.153093230783          0.153134783825          0.153178170621          0.153222930431          0.153268594275          0.153314691150
        0.183490752690          0.150402383472          0.153291941154          0.152449697234          0.153206410435          0.153405336543          0.153619808094          0.153683097683          0.153712002324          0.153703381039          0.153681848291          0.153650354649          0.153613763780          0.153573162083          0.153529666886          0.153483817278          0.153436164256          0.153387201898          0.153337447960          0.153287429329          0.153237686459          0.153188764721          0.153141208315          0.153095552571          0.153052316755          0.153011996905          0.152975059038          0.152941932747          0.152913005309          0.152888616357          0.152869053219          0.152854546969          0.152845269252          0.152841329925          0.152842775546          0.152849588740          0.152861688431          0.152878930967          0.152901112087          0.152927969740          0.152959187677          0.152994399806          0.153033195220          0.153075123838          0.153119702587          0.153166422025          0.153214753323          0.153264155517          0.153314082895          0.153363992551
        0.183508924765          0.150420558997          0.153313307311          0.152473209708          0.153231746532          0.153431818042          0.153646845262          0.153710070462          0.153738326687          0.153728495791          0.153705230577          0.153671524143          0.153632291018          0.153588674691          0.153541855650          0.153492441049          0.153441053849          0.153388262815          0.153334661908          0.153280854500          0.153227456574          0.153175086842          0.153124359473          0.153075875248          0.153030213297          0.152987922953          0.152949516070          0.152915459856          0.152886170332          0.152862006506          0.152843265343          0.152830177613          0.152822904650          0.152821536104          0.152826088677          0.152836505895          0.152852658901          0.152874348256          0.152901306738          0.152933203086          0.152969646637          0.153010192802          0.153054349286          0.153101582988          0.153151327451          0.153202990789          0.153255963973          0.153309629328          0.153363369257          0.153416574832
        0.183531106983          0.150441511200          0.153336951001          0.152498411710          0.153258187811          0.153458807266          0.153673796133          0.153736376633          0.153763428258          0.153751865229          0.153726387271          0.153690037910          0.153647789521          0.153600848752          0.153550464271          0.153497315204          0.153442099211          0.153385461258          0.153328071785          0.153270609678          0.153213764246          0.153158224147          0.153104668977          0.153053759355          0.153006127678          0.152962369086          0.152923033019          0.152888615404          0.152859551611          0.152836210264          0.152818888005          0.152807805278          0.152803103204          0.152804841570          0.152812997984          0.152827468194          0.152848067570          0.152874533726          0.152906530254          0.152943651498          0.152985428327          0.153031334791          0.153080795604          0.153133194310          0.153187882035          0.153244186719          0.153301422644          0.153358900271          0.153415935993          0.153471862539
        0.183556677783          0.150464696963          0.153362293631          0.152524712863          0.153285135796          0.153485709855          0.153700080272          0.153761459900          0.153786784175          0.153773008648          0.153744887728          0.153705522417          0.153659948957          0.153609442178          0.153555322823          0.153498344722          0.153439281746          0.153378855333          0.153317811427          0.153256902225          0.153196886962          0.153138519699          0.153082539845          0.153029661256          0.152980562108          0.152935875097          0.152896178354          0.152861987127          0.152833746379          0.152811824387          0.152796507455          0.152787995799          0.152786400672          0.152791742765          0.152803951912          0.152822868098          0.152848243761          0.152879747346          0.152916968074          0.152959421847          0.153006558200          0.153057768223          0.153112393302          0.153169734594          0.153229063079          0.153289630034          0.153350677896          0.153411451134          0.153471207812          0.153529229783
        0.183584974409          0.150489548727          0.153388741507          0.152551517723          0.153311996926          0.153511946264          0.153725141693          0.153784797606          0.153807913825          0.153791495476          0.153760358475          0.153717667399          0.153668527312          0.153614285127          0.153556336380          0.153495511112          0.153432659672          0.153368578995          0.153304088320          0.153240009754          0.153177167914          0.153116376647          0.153058428569          0.153004083289          0.152954056506          0.152909009577          0.152869539927          0.152836172367          0.152809351493          0.152789435225          0.152776689622          0.152771285024          0.152773293584          0.152782688219          0.152799343009          0.152823035018          0.152853447532          0.152890174648          0.152932727168          0.152980539691          0.153032978817          0.153089352342          0.153148919296          0.153210900716          0.153274490946          0.153338869443          0.153403212673          0.153466706790          0.153528558993          0.153588013091
        0.183615304272          0.150515484121          0.153415695839          0.152578235741          0.153338192441          0.153536961365          0.153748458041          0.153805909338          0.153826386728          0.153806952318          0.153772489320          0.153726230920          0.153673354830          0.153615282768          0.153553486553          0.153488872703          0.153422367063          0.153354839852          0.153287180206          0.153220275590          0.153155010382          0.153092251613          0.153032837618          0.152977565499          0.152927179585          0.152882360496          0.152843715191          0.152811768092          0.152786953411          0.152769608807          0.152759970451          0.152758169576          0.152764230560          0.152778070570          0.152799500774          0.152828229101          0.152863864508          0.152905922697          0.152953833195          0.153006947695          0.153064549536          0.153125864187          0.153190070589          0.153256313173          0.153323714489          0.153391388044          0.153458452007          0.153524041681          0.153587326229          0.153647513713
        0.183646956715          0.150541915784          0.153442562760          0.152604291099          0.153363167972          0.153560233619          0.153769549186          0.153824364804          0.153841829586          0.153819069061          0.153781038404          0.153731043310          0.153674336776          0.153612416819          0.153546831786          0.153478563690          0.153408611655          0.153337915782          0.153267430544          0.153198103149          0.153130871128          0.153066647202          0.153006307170          0.152950676729          0.152900519441          0.152856525429          0.152819301232          0.152789360866          0.152767118262          0.152752881175          0.152746846658          0.152749098165          0.152759604325          0.152778219401          0.152804685440          0.152838636059          0.152879601844          0.152927017248          0.152980228921          0.153038505327          0.153101047511          0.153167000883          0.153235467812          0.153305520960          0.153376216953          0.153446611021          0.153515770500          0.153582792664          0.153646810936          0.153707026881
        0.183679214983          0.150568261190          0.153468763219          0.152629132252          0.153386402694          0.153581283649          0.153787985101          0.153839790883          0.153853932382          0.153827603933          0.153785836141          0.153732009927          0.153671454970          0.153605745835          0.153536506395          0.153464791938          0.153391671458          0.153318150379          0.153245242893          0.153173949334          0.153105252897          0.153040103732          0.152979406203          0.152924005205          0.152874673771          0.152832101575          0.152796884723          0.152769516924          0.152750382188          0.152739749138          0.152737767040          0.152744463599          0.152759744544          0.152783395028          0.152815082802          0.152854363133          0.152900685384          0.152953401161          0.153011773915          0.153074989849          0.153142169984          0.153212383188          0.153284660091          0.153358007461          0.153431423669          0.153503913129          0.153574505164          0.153642261315          0.153706308510          0.153765773836
        0.183711368220          0.150593952351          0.153493742574          0.152652241033          0.153407417895          0.153599682118          0.153803392906          0.153851877720          0.153862453439          0.153832387439          0.153786787983          0.153729112693          0.153664768078          0.153595404251          0.153522718372          0.153447835590          0.153371890207          0.153295947343          0.153221074295          0.153148317031          0.153078696143          0.153013190315          0.152952723072          0.152898148749          0.152850239895          0.152809675722          0.152777032004          0.152752772506          0.152737242089          0.152730661580          0.152733124489          0.152744595626          0.152764911614          0.152793783326          0.152830800182          0.152875436252          0.152927058078          0.152984934099          0.153048245539          0.153116098611          0.153187537827          0.153261560349          0.153337130943          0.153413198147          0.153488709539          0.153562631535          0.153633957734          0.153701743190          0.153765040349          0.153822990375
        0.183742723310          0.150618445231          0.153516979753          0.152673141185          0.153425784839          0.153615056750          0.153815462959          0.153860383785          0.153867223355          0.153833325120          0.153783875947          0.153722410381          0.153654410653          0.153581600187          0.153505745993          0.153428038519          0.153349671741          0.153271763861          0.153195427781          0.153121746836          0.153051770119          0.152986495439          0.152926855728          0.152873704801          0.152827804714          0.152789814316          0.152760279414          0.152739624604          0.152728146936          0.152726011474          0.152733248831          0.152749754715          0.152775291482          0.152809491691          0.152851863587          0.152901798445          0.152958579673          0.153021393517          0.153089341244          0.153161452592          0.153236700404          0.153314016010          0.153392305972          0.153470468060          0.153547411873          0.153622068120          0.153693423917          0.153760459840          0.153822242407          0.153877247227
        0.183772616358          0.150641228728          0.153537995826          0.152691406175          0.153441131780          0.153627098422          0.153823953913          0.153865139803          0.153868147765          0.153830399090          0.153777158910          0.153712037656          0.153640590936          0.153564612047          0.153485933267          0.153405804705          0.153325473391          0.153246103105          0.153168844088          0.153094808140          0.153025063446          0.152960617185          0.152902401733          0.152851260376          0.152807934780          0.152773053796          0.152747124038          0.152730522275          0.152723489783          0.152726128721          0.152738400605          0.152760126883          0.152790991613          0.152830546198          0.152878216116          0.152933309537          0.152995027708          0.153062476953          0.153134682103          0.153210601263          0.153289141472          0.153369175893          0.153449560346          0.153529154645          0.153606832696          0.153681518737          0.153752125414          0.153817647372          0.153876485557          0.153926781442
        0.183800423660          0.150661833085          0.153556361869          0.152706666179          0.153453150044          0.153635566205          0.153828696645          0.153866051517          0.153865208869          0.153823668319          0.153766771643          0.153698202877          0.153623587458          0.153544783973          0.153463684313          0.153381591620          0.153299798470          0.153219505955          0.153141892746          0.153068089700          0.152999174334          0.152936153236          0.152879948216          0.152831382135          0.152791166630          0.152759891334          0.152738015013          0.152725858646          0.152723600595          0.152731273923          0.152748765889          0.152775819656          0.152812038143          0.152856890012          0.152909717662          0.152969747138          0.153036099798          0.153107805569          0.153183817684          0.153263028481          0.153344286866          0.153426415289          0.153508231639          0.153588560058          0.153666267996          0.153740205230          0.153809298478          0.153871876814          0.153926007011          0.153964287506
        0.183825571959          0.150679837605          0.153571705989          0.152718614130          0.153461599062          0.153640291291          0.153829597013          0.153863101215          0.153858465725          0.153813267675          0.153752922616          0.153681184695          0.153603744492          0.153522520221          0.153439456741          0.153355902718          0.153273188001          0.153192542080          0.153115162646          0.153042189854          0.152974700589          0.152913690836          0.152860061943          0.152814606710          0.152777997526          0.152750776150          0.152733345539          0.152725963750          0.152728740039          0.152741633216          0.152764452263          0.152796859221          0.152838374290          0.152888383080          0.152946145896          0.153010808930          0.153081417180          0.153156929013          0.153236231934          0.153318160181          0.153401511984          0.153485071885          0.153567622129          0.153647980416          0.153724939753          0.153797363992          0.153863514305          0.153921385562          0.153963501382          0.153979113240
        0.183847547864          0.150694877539          0.153583719402          0.152727010730          0.153466310297          0.153641179745          0.153826637386          0.153856348021          0.153848053279          0.153799405721          0.153735890590          0.153661327505          0.153581466421          0.153498278535          0.153413754144          0.153329279159          0.153246211786          0.153165800502          0.153089252255          0.153017706528          0.152952229567          0.152893796855          0.152843279642          0.152801431449          0.152768876761          0.152746101509          0.152733445709          0.152731098303          0.152739094296          0.152757314222          0.152785485958          0.152823188841          0.152869860048          0.152924803123          0.152987198556          0.153056116213          0.153130529572          0.153209331312          0.153291350875          0.153375371858          0.153460154616          0.153544448073          0.153627028050          0.153706637827          0.153782084494          0.153851566398          0.153913010489          0.153958868519          0.153978316742          0.153922212670
        0.183865906252          0.150706650050          0.153592161472          0.152731688349          0.153467189988          0.153638214035          0.153819876933          0.153845926925          0.153834180171          0.153782361313          0.153716020072          0.153639035812          0.153557211121          0.153472562643          0.153387117817          0.153302290882          0.153219458983          0.153139879815          0.153064759618          0.152995227192          0.152932328242          0.152877008114          0.152830098744          0.152792305718          0.152764197667          0.152746197559          0.152738576287          0.152741448532          0.152754771027          0.152778343210          0.152811810271          0.152854668547          0.152906273176          0.152965847924          0.153032496990          0.153105218761          0.153182921066          0.153264438562          0.153348550085          0.153434001395          0.153519517254          0.153603840190          0.153685671629          0.153763768941          0.153836273777          0.153901050256          0.153950482388          0.153973674244          0.153921407324          0.153730673653
        0.183880277548          0.150714919158          0.153596863640          0.152732553760          0.153464220671          0.153631453309          0.153809450652          0.153832046589          0.153817125326          0.153762479049          0.153693715681          0.153614767616          0.153531482449          0.153445913971          0.153360117830          0.153275527170          0.153193528306          0.153115378182          0.153042272314          0.152975318919          0.152915533524          0.152863822123          0.152820968684          0.152787622908          0.152764290440          0.152751325107          0.152748923533          0.152757122125          0.152775796525          0.152804663498          0.152843285254          0.152891076120          0.152947311487          0.153011138866          0.153081591016          0.153157600717          0.153238017818          0.153321626409          0.153407167525          0.153493351368          0.153578896329          0.153662470572          0.153742789626          0.153817945507          0.153885745639          0.153938511528          0.153965279276          0.153916758401          0.153729861712          0.153111170202
        0.183890373759          0.150719519585          0.153597732164          0.152729589655          0.153457461473          0.153621032442          0.153795567176          0.153814985939          0.153797233406          0.153740163638          0.153669435527          0.153589026893          0.153504821957          0.153418902715          0.153333343590          0.153249586861          0.153169018033          0.153092883289          0.153022357513          0.152958518706          0.152902343000          0.152854688385          0.152816282909          0.152787713260          0.152769415922          0.152761670441          0.152764595157          0.152778145391          0.152802114122          0.152836135152          0.152879688706          0.152932109393          0.152992596385          0.153060225794          0.153133964813          0.153212688283          0.153295195529          0.153380232878          0.153466505846          0.153552718290          0.153637514275          0.153719576083          0.153796953990          0.153867405801          0.153923196789          0.153953300422          0.153908359440          0.153725211821          0.153110354966          0.151830989224
        0.183895993169          0.150720359454          0.153594749650          0.152722854926          0.153447047139          0.153607159828          0.153778505369          0.153795089617          0.153774909175          0.153715873271          0.153643683692          0.153562355309          0.153477799958          0.153392118402          0.153307394052          0.153225068342          0.153146515955          0.153072962400          0.153005552299          0.152945324216          0.152893206237          0.152850000396          0.152816371699          0.152792837647          0.152779760423          0.152777341282          0.152785617475          0.152804461666          0.152833583886          0.152872535973          0.152920718461          0.152977389777          0.153041677731          0.153112592911          0.153189044613          0.153269857200          0.153353792273          0.153439560680          0.153525861625          0.153611324679          0.153694608045          0.153773728865          0.153846403238          0.153904847402          0.153937978566          0.153896378988          0.153716817438          0.153105717987          0.151830176392          0.148447690023
        0.183897023625          0.150717421781          0.153587975336          0.152712483710          0.153433185844          0.153590113992          0.153758609775          0.153772762347          0.153750610878          0.153690112114          0.153617001949          0.153535323292          0.153451006098          0.153366160098          0.153282867712          0.153202559504          0.153126589427          0.153056152681          0.152992354403          0.152936185071          0.152888516775          0.152850088472          0.152821495951          0.152803182390          0.152795431669          0.152798363945          0.152811933816          0.152835931007          0.152869983604          0.152913563782          0.152965995924          0.153026467132          0.153094039733          0.153167666462          0.153246206182          0.153328445575          0.153413110806          0.153498906445          0.153584457454          0.153668407566          0.153748749974          0.153823167684          0.153883835931          0.153919622965          0.153881057851          0.153704846921          0.153097352374          0.151825574270          0.148446891160          0.142821243867
        0.183893444367          0.150710764757          0.153577544122          0.152698683201          0.153416155796          0.153570239038          0.153736284989          0.153748462312          0.153724842720          0.153663422011          0.153589960824          0.153508520591          0.153425039548          0.153341626404          0.153260352558          0.153182627793          0.153109775694          0.153042951929          0.152983213504          0.152931494856          0.152888604961          0.152855213526          0.152831841991          0.152818855212          0.152816455961          0.152824681739          0.152843404213          0.152872331178          0.152911011078          0.152958839968          0.153015070941          0.153078825657          0.153149108636          0.153224822223          0.153304787646          0.153387756194          0.153472447794          0.153557492821          0.153641530427          0.153722539473          0.153798179073          0.153860592173          0.153898606194          0.153862705165          0.153689540785          0.153085425827          0.151817275211          0.148442387922          0.142820474921 
        0.183885326365          0.150700520797          0.153563664380          0.152681730273          0.153396300698          0.153547939033          0.153711989037          0.153722693641          0.153698146582          0.153636373556          0.153563150156          0.153482546473          0.153400499005          0.153319105397          0.153240416117          0.153165810526          0.153096572615          0.153033809874          0.152978523223          0.152931583941          0.152893731720          0.152865561886          0.152847517534          0.152839882397          0.152842776585          0.152856154669          0.152879806398          0.152913359945          0.152956287660          0.153007914344          0.153067427686          0.153133891582          0.153206260208          0.153283398320          0.153364091803          0.153447085745          0.153531025929          0.153614556953          0.153695653245          0.153771959654          0.153835596118          0.153875358053          0.153841693345          0.153671207774          0.153070177897          0.151805445521          0.148434270622          0.142816142039  
        0.183872831164          0.150686894386          0.153546614555          0.152661966966          0.153374024134          0.153523671392          0.153686225866          0.153695998122          0.153671093085          0.153609556650          0.153537169300          0.153457999725          0.153377972633          0.153299164687          0.153223595777          0.153152605621          0.153087429967          0.153029120171          0.152978613949          0.152936713258          0.152904083373          0.152881241247          0.152868548834          0.152866207192          0.152874253499          0.152892560417          0.152920838086          0.152958638612          0.153005363120          0.153060271045          0.153122492356          0.153191040649          0.153264832562          0.153342697552          0.153423415346          0.153505656947          0.153588082393          0.153668671708          0.153745065392          0.153809370069          0.153850358522          0.153818451996          0.153650219821          0.153051916077          0.151790322754          0.148422701872          0.142808332111   
        0.183856208254          0.150670158749          0.153526738622          0.152639794899          0.153349782967          0.153497939380          0.153659537056          0.153668946268          0.153644272150          0.153583570700          0.153512617115          0.153435468587          0.153358028115          0.153282341726          0.153210389514          0.153143462899          0.153082741433          0.153029213224          0.152983746618          0.152947069117          0.152919767592          0.152902277829          0.152894879093          0.152897689503          0.152910664330          0.152933596638          0.152966120522          0.153007716889          0.153057721538          0.153115336220          0.153179640654          0.153249610944          0.153324128476          0.153402016601          0.153481981011          0.153562707002          0.153642190199          0.153718076788          0.153782470037          0.153824129885          0.153793460870          0.153627005964          0.153031010786          0.151772211828          0.148407913935          0.142797201590    
        0.183835791006          0.150650651392          0.153504440470          0.152615668694          0.153324079842          0.153471283835          0.153632492898          0.153642127881          0.153618283194          0.153559014610          0.153490081909          0.153415520810          0.153341202966          0.153269134542          0.153201247186          0.153138776068          0.153082837433          0.153034349967          0.152994107522          0.152962759159          0.152940810554          0.152928614782          0.152926368157          0.152934106889          0.152951706660          0.152978884503          0.153015203342          0.153060078788          0.153112788999          0.153172485518          0.153238210620          0.153308905208          0.153383444610          0.153460578196          0.153539026000          0.153616809056          0.153691589253          0.153755476563          0.153797228126          0.153767241995          0.153602045318          0.153007889304          0.151751480053          0.148390204932          0.142782973934     
        0.183811991233          0.150628768591          0.153480177289          0.152590088530          0.153297454931          0.153444274260          0.153605682952          0.153616142252          0.153593725126          0.153536476724          0.153470131487          0.153398693960          0.153327995259          0.153259993026          0.153196562525          0.153138875556          0.153087978889          0.153044716669          0.153009804267          0.152983809513          0.152967155347          0.152960111879          0.152962793505          0.152975156848          0.152997001573          0.153027973563          0.153067570474          0.153115150316          0.153169941080          0.153231056914          0.153297504943          0.153368220059          0.153442003670          0.153517619532          0.153593123569          0.153666203192          0.153728985093          0.153770233749          0.153740351074          0.153575859204          0.152983028777          0.151728551118          0.148369933975          0.142765935965      
        0.183785292462          0.150604958907          0.153454452081          0.152563591914          0.153270477024          0.153417499393          0.153579706259          0.153591588150          0.153571186286          0.153516524872          0.153453303459          0.153385486151          0.153318854918          0.153255310931          0.153196665962          0.153144022276          0.153098352049          0.153060420898          0.153030862926          0.153010163199          0.152998661668          0.152996546513          0.153003852542          0.153020460369          0.153046098522          0.153080347648          0.153122647833          0.153172306964          0.153228515680          0.153290353033          0.153356820185          0.153426778168          0.153499042823          0.153571713947          0.153642513954          0.153703596060          0.153743742155          0.153713368313          0.153549002574          0.152956948378          0.151703898153          0.148347515293          0.142746433184       
        0.183756242027          0.150579715834          0.153427805386          0.152536744825          0.153243734123          0.153391557432          0.153555161333          0.153569053777          0.153551234492          0.153499696680          0.153440095968          0.153376347331          0.153314175710          0.153255418689          0.153201818397          0.153154402446          0.153114064432          0.153081488665          0.153057226447          0.153041679829          0.153035106814          0.153037615988          0.153049166149          0.153069566791          0.153098481227          0.153135432566          0.153179810809          0.153230886536          0.153287815340          0.153349670362          0.153415378961          0.153483816656          0.153553135466          0.153621101798          0.153679904832          0.153718353725          0.153686888801          0.153522054839          0.152930200767          0.151678035958          0.148323411448          0.142724864118        
        0.183725442091          0.150553569689          0.153400806377          0.152510132353          0.153217823669          0.153367046045          0.153532636117          0.153549106807          0.153534407351          0.153486490297          0.153430958981          0.153371671277          0.153314288067          0.153260577185          0.153212206017          0.153170123539          0.153135141991          0.153107862844          0.153088754352          0.153078136598          0.153076187977          0.153082941064          0.153098283544          0.153121959715          0.153153575377          0.153192603592          0.153238397097          0.153290191476          0.153347136460          0.153408231446          0.153472418335          0.153537908948          0.153602522041          0.153658491681          0.153694663771          0.153661512598          0.153495610268          0.152903362957          0.151651512535          0.148298125740          0.142701673797         
        0.183693539753          0.150527078867          0.153374043442          0.152484348973          0.153193342571          0.153344552334          0.153512698027          0.153532284703          0.153521202986          0.153477355686          0.153426286278          0.153371788416          0.153319452853          0.153270972570          0.153227936244          0.153191211438          0.153161527514          0.153139402857          0.153125223727          0.153119230581          0.153121525793          0.153132070831          0.153150688196          0.153177064696          0.153210756118          0.153251198301          0.153297709031          0.153349518083          0.153405701500          0.153465273274          0.153526511723          0.153587295535          0.153639911928          0.153673252503          0.153637834692          0.153470268093          0.152877026756          0.151624900031          0.148272193921          0.142677346441          
        0.183661216381          0.150500820608          0.153348114406          0.152459988625          0.153170877180          0.153324642903          0.153495884281          0.153519085449          0.153512071327          0.153472686610          0.153426408274          0.153376959592          0.153329856185          0.153286712214          0.153249034893          0.153217608848          0.153193080325          0.153175885679          0.153166331522          0.153164582278          0.153170669212          0.153184488614          0.153205805516          0.153234256742          0.153269360893          0.153310518900          0.153357042794          0.153408088712          0.153462747353          0.153519369223          0.153575899630          0.153624686425          0.153654675177          0.153616434972          0.153446622474          0.152851788904          0.151598785257          0.148246175348          0.142652397494           
        0.183629176336          0.150475381404          0.153323616558          0.152437634740          0.153150993371          0.153307854188          0.153482692623          0.153509958836          0.153507406098          0.153472813459          0.153431585788          0.153387370881          0.153345605381          0.153307821865          0.153275444582          0.153249174993          0.153229577283          0.153217008130          0.153211698099          0.153213740494          0.153223101407          0.153239619672          0.153263010361          0.153292873147          0.153328691767          0.153369861443          0.153415620621          0.153465140152          0.153516847325          0.153568759762          0.153613292509          0.153639452575          0.153597868383          0.153425252489          0.152828241092          0.151573759917          0.148220643713          0.142627365111            
        0.183598135279          0.150451347213          0.153301136612          0.152417850365          0.153134226886          0.153294683206          0.153473572623          0.153505298463          0.153507537643          0.153477997015          0.153442004857          0.153403129549          0.153366726116          0.153334244051          0.153307024432          0.153285686610          0.153270715074          0.153262390430          0.153260872110          0.153266188243          0.153278247476          0.153296838700          0.153321639870          0.153352215829          0.153388044655          0.153428448032          0.153472679181          0.153519245597          0.153566241807          0.153606155599          0.153628061967          0.153582655405          0.153406712299          0.152806959985          0.151550410702          0.148196177487          0.142602801234             
        0.183568808215          0.150429293610          0.153281240789          0.152401168562          0.153121074092          0.153285578861          0.153468917675          0.153505434552          0.153512726693          0.153488423269          0.153457772692          0.153424261201          0.153393160834          0.153365837789          0.153343551058          0.153326840251          0.153316113770          0.153311581071          0.153313336403          0.153321350454          0.153335481944          0.153355482671          0.153380995795          0.153411580549          0.153446641511          0.153485515202          0.153526791520          0.153568645314          0.153603641546          0.153620928702          0.153571273029          0.153391521650          0.152788497433          0.151529309401          0.148173350236          0.142579262408              
        0.183541897490          0.150409776061          0.153264465150          0.152388083206          0.153111983303          0.153280933955          0.153469057821          0.153510627725          0.153523159184          0.153504199373          0.153478914830          0.153450708195          0.153424768446          0.153402379575          0.153384720878          0.153372255840          0.153365321705          0.153364062732          0.153368515734          0.153378601477          0.153394141609          0.153414853167          0.153440373740          0.153470189100          0.153503718723          0.153539635815          0.153576197735          0.153606049864          0.153618418559          0.153564146345          0.153380156850          0.152773371007          0.151511003197          0.148152720960          0.142557300454               
        0.183518080909          0.150393320436          0.153251306350          0.152379040356          0.153107346798          0.153281078025          0.153474253527          0.153521063821          0.153538942205          0.153525350797          0.153505373546          0.153482329343          0.153461325332          0.153443565692          0.153430153665          0.153421481545          0.153417821384          0.153419259992          0.153425784268          0.153437277925          0.153453527873          0.153474245619          0.153498995323          0.153527277712          0.153557848932          0.153589049749          0.153613607966          0.153620830986          0.153561640906          0.153373042377          0.152762055020          0.151496005280          0.148134824596          0.142537453182                
        0.183498000171          0.150380413941          0.153242212955          0.152374430306          0.153107493667          0.153286271126          0.153484690505          0.153536849849          0.153560101163          0.153551819741          0.153537007558          0.153518900910          0.153502527641          0.153489015762          0.153479397425          0.153473999700          0.153473037202          0.153476546827          0.153484478434          0.153496681016          0.153512935991          0.153532881462          0.153556096603          0.153581418769          0.153607271751          0.153626466483          0.153628393331          0.153564055960          0.153370543248          0.152754972164          0.151484785946          0.148120162849          0.142520235251                 
        0.183482249795          0.150371496598          0.153237577455          0.152374580475          0.153112683602          0.153296698658          0.153500475665          0.153558011144          0.153586578187          0.153583464834          0.153573593021          0.153560118916          0.153547994850          0.153538277632          0.153531934317          0.153529234516          0.153530342949          0.153535259476          0.153543899255          0.153556105818          0.153571587202          0.153589996577          0.153610249676          0.153630851574          0.153644695756          0.153641256164          0.153571618694          0.153372958268          0.152752485918          0.151477764304          0.148109195483          0.142506129344                  
        0.183471366731          0.150366953412          0.153237729105          0.152379749222          0.153123101737          0.153312467332          0.153521634280          0.153584489788          0.153618231838          0.153620062140          0.153614825837          0.153605602700          0.153597274647          0.153590833289          0.153587188370          0.153586559591          0.153589074666          0.153594698763          0.153603341610          0.153614773372          0.153628717202          0.153644162737          0.153659693490          0.153668283557          0.153659489766          0.153584479552          0.153380514274          0.152754893819          0.151475300746          0.148102332224          0.142495577799                   
        0.183465820793          0.150367107347          0.153242927716          0.152390120716          0.153138854607          0.153333602330          0.153548108396          0.153616144303          0.153654838102          0.153661307459          0.153660325214          0.153654899799          0.153649848852          0.153646106581          0.153644532992          0.153645310773          0.153648532982          0.153654159378          0.153662026333          0.153671919177          0.153682897411          0.153693618494          0.153697134091          0.153683081856          0.153602708733          0.153393361465          0.152762421730          0.151477690278          0.148099925386          0.142488974805                    
        0.183466006096          0.150372213235          0.153253358483          0.152405800916          0.153159967327          0.153360045724          0.153579756538          0.153652750659          0.153696092705          0.153706819890          0.153709638550          0.153707491873          0.153705141136          0.153703470728          0.153703303835          0.153704788490          0.153708012390          0.153712861940          0.153719188725          0.153726114276          0.153732365946          0.153731068282          0.153711936594          0.153626293914          0.153411569906          0.152775219198          0.151485156838          0.148102263361          0.142486659322                     
        0.183472233619          0.150382452704          0.153269127958          0.152426814761          0.153186382002          0.153391656182          0.153616354711          0.153694004580          0.153741614668          0.153756146719          0.153762247357          0.153762802426          0.153762524537          0.153762261192          0.153762801131          0.153764287042          0.153766733295          0.153770041548          0.153773399423          0.153775596314          0.153769825412          0.153745874858          0.153655139254          0.153435127250          0.152793355962          0.151497848687          0.148109565061          0.142488908808                      
        0.183484725019          0.150397930223          0.153290261209          0.152453104590          0.153217957436          0.153428209966          0.153657598706          0.153739525101          0.153790951198          0.153808769338          0.153817574984          0.153820204323          0.153821334330          0.153821778007          0.153822318985          0.153823026616          0.153823930590          0.153824268416          0.153822895574          0.153813065869          0.153784635896          0.153689065677          0.153463937746          0.152816819690          0.151515834952          0.148121975411          0.142495933873                       
        0.183503607799          0.150418670325          0.153316700242          0.152484529857          0.153254470134          0.153469403236          0.153703107659          0.153788859460          0.153843583609          0.153864110977          0.153874994138          0.153879032662          0.153880870361          0.153881315091          0.153881077369          0.153880241899          0.153878174051          0.153873779163          0.153860375544          0.153827880065          0.153727812517          0.153497822524          0.152845514995          0.151539103383          0.148139561971          0.142507873949                        
        0.183528911923          0.150444616050          0.153348303710          0.152520868120          0.153295616596          0.153514855606          0.153752428936          0.153841489018          0.153898935050          0.153921544214          0.153933839756          0.153938587110          0.153940426361          0.153940092202          0.153938310764          0.153934502216          0.153927699747          0.153911269786          0.153875193231          0.153771040260          0.153536521234          0.152879263709          0.151567559373          0.148162312743          0.142524794031                         
        0.183560567920          0.150475628662          0.153384847906          0.152561817331          0.153341016876          0.153564115019          0.153805044057          0.153896836982          0.153956378025          0.153980403866          0.153993411339          0.153998161225          0.153999221882          0.153997343619          0.153992588039          0.153984043072          0.153965201170          0.153926090725          0.153818334940          0.153579694787          0.152917806527          0.151601026235          0.148190135211          0.142546682575                          
        0.183598406529          0.150511488630          0.153426029072          0.152606999373          0.153390219446          0.153616663667          0.153860376414          0.153954275928          0.154015247272          0.154039989305          0.154053002287          0.154056974360          0.154056491006          0.154051637751          0.154042144122          0.154021555349          0.153980025111          0.153869212093          0.153626929745          0.152960805728          0.151639246825          0.148222856617          0.142573450570                           
        0.183642159904          0.150551897885          0.153471466950          0.152655964906          0.153442707111          0.153671925696          0.153917798788          0.154013140677          0.154074842091          0.154099593813          0.154111831775          0.154114260415          0.154110801689          0.154101208950          0.154079667209          0.154036382032          0.153923124522          0.153677742270          0.153007849553          0.151681886251          0.148260225543          0.142604931805                            
        0.183691464362          0.150596483308          0.153520709657          0.152708199246          0.153497904703          0.153729274713          0.153976646225          0.154072730621          0.154134455694          0.154158436427          0.154169133534          0.154168586907          0.154160387710          0.154138742687          0.154094496373          0.153979458144          0.153731585876          0.153058456133          0.151728536202          0.148301914560          0.142640884391                             
        0.183745864646          0.150644801517          0.153573239600          0.152763130028          0.153555186581          0.153788046646          0.154036218356          0.154132339071          0.154193307037          0.154215750749          0.154223474670          0.154218187062          0.154197931811          0.154153574061          0.154037548146          0.153787847287          0.153112081214          0.151778718853          0.148347524466          0.142680993309                              
        0.183804819757          0.150696344660          0.153628481177          0.152820134663          0.153613889474          0.153847542060          0.154095808743          0.154191185089          0.154250629651          0.154270103555          0.154273087893          0.154255740965          0.154212765123          0.154096600812          0.153845862562          0.153168114024          0.151831894519          0.148396588096          0.142724874487                               
        0.183867710031          0.150750547985          0.153685808282          0.152878553121          0.153673314794          0.153907055462          0.154154636714          0.154248502314          0.154304990087          0.154319727132          0.154310650770          0.154270575876          0.154155766554          0.153904839028          0.153225893343          0.151887457559          0.148448577809          0.142772078468                                
        0.183933846368          0.150806797186          0.153744557158          0.152937690233          0.153732757904          0.153965807223          0.154211936182          0.154302857411          0.154354620339          0.154357296918          0.154325486889          0.154213552310          0.153963928212          0.153284629735          0.151944752310          0.148502901484          0.142822097611                                 
        0.184002479207          0.150864441028          0.153804028706          0.152996844815          0.153791440121          0.154023032283          0.154266274238          0.154352482508          0.154392194273          0.154372133408          0.154268439301          0.154021638974          0.153343478204          0.152002995969          0.148558918093          0.142874362239                                  
        0.184072813917          0.150922793606          0.153863517785          0.153055241995          0.153848597316          0.154077299575          0.154315883522          0.154390051652          0.154407030096          0.154315064815          0.154076454495          0.153400953669          0.152061350640          0.148615862311          0.142928255622                                   
        0.184144013562          0.150981163089          0.153922245145          0.153112121390          0.153902800106          0.154126844000          0.154353439892          0.154404883322          0.154349944928          0.154123018790          0.153455545491          0.152118343696          0.148672914945          0.142983041443                                    
        0.184215233977          0.151038784935          0.153979446111          0.153166060544          0.153952285458          0.154164350461          0.154368264474          0.154347795341          0.154157852376          0.153501919312          0.152172477171          0.148728636218          0.143037931562                                     
        0.184285542272          0.151094908905          0.154033690181          0.153215304959          0.153989746616          0.154179153278          0.154311186771          0.154155702405          0.153536609764          0.152218461341          0.148781561588          0.143091540775                                      
        0.184354023012          0.151148131405          0.154083212933          0.153252582926          0.154004530057          0.154122142210          0.154119136630          0.153534465753          0.152252859874          0.148826519230          0.143142460050                                       
        0.184418963587          0.151196721188          0.154120701479          0.153267292034          0.153947581178          0.153930324557          0.153498044891          0.152250731960          0.148860149448          0.143185713588                                        
        0.184478251607          0.151233502450          0.154135493367          0.153210612524          0.153755978761          0.153309991256          0.152214613967          0.148858067187          0.143218069034                                         
        0.184523131682          0.151248012625          0.154078492293          0.153019924579          0.153136346282          0.152028131023          0.148822752432          0.143216065574                                          
        0.184540838146          0.151192075170          0.153886723753          0.152403255946          0.151855936728          0.148640423358          0.143182089205                                           
        0.184472589793          0.151003895548          0.153266561556          0.151128974290          0.148472064980          0.143006670636                                            
        0.184242989703          0.150395347981          0.151985061335          0.147761300177          0.142844693278                                             
        0.183500489740          0.149137852571          0.148598310410          0.142160867694                                              
        0.181966194514          0.145814545223          0.142966153641                                               
        0.177911359145          0.140287898272                                                
        0.171168182333                                                 
