        0.192756396993          0.176065352869          0.165748229809          0.164808040885          0.145459294341          0.153534129079          0.147379720051          0.164443697751          0.157146251759          0.168263915348          0.153022314803          0.159984021009          0.147643973915          0.160106269725          0.152568055554          0.166257364123          0.154914950117          0.163856156703          0.150090689359          0.159784836172          0.150011615026          0.163366303955          0.154114565997          0.165414920231          0.152556368319          0.161482742319          0.149583194104          0.161260423190          0.152173628708          0.164873270263          0.153801253651          0.163590842766          0.150764543503          0.160798824668          0.150514515193          0.163149541573          0.153455977543          0.164788466895          0.152463489897          0.161872324698          0.150078596845          0.161532844897          0.152036698057          0.164488779875          0.153518619681          0.163563620491          0.150977548923          0.161060314258          0.150602125154          0.163044755456
        0.246900213732          0.206092410224          0.210698605993          0.193385538730          0.194998530728          0.192893078944          0.195498074155          0.203373787771          0.202811524969          0.200860199680          0.199730413318          0.195102741270          0.195661543732          0.198943053809          0.199538617290          0.201762825446          0.201217237066          0.197680499503          0.197393620498          0.197010224582          0.197521897164          0.200660624990          0.200732925496          0.199756097621          0.199307516999          0.196961570697          0.197051017753          0.198903321647          0.199263968874          0.200599619694          0.200394016689          0.198133741182          0.197882777074          0.197606593334          0.197886241107          0.200115515768          0.200245174342          0.199551468095          0.199241334912          0.197414765860          0.197409070349          0.198861229367          0.199160518336          0.200302815646          0.200193733082          0.198280520713          0.198030585321          0.197737411477          0.197942045313          0.199966921642
        0.230574382751          0.199995905684          0.196319875960          0.191499875159          0.192811705102          0.189539624910          0.191653119686          0.197839401320          0.192225871548          0.196323503336          0.192610341793          0.191735640810          0.192235093190          0.194629638989          0.192081170984          0.196855492034          0.192359562298          0.193668215852          0.192399819074          0.193192778960          0.192184277220          0.196048493316          0.192210809234          0.195249214173          0.192374587104          0.193100009342          0.192305318373          0.194720487403          0.192187865807          0.195961165438          0.192283190003          0.193952583620          0.192356346151          0.193670267847          0.192247585472          0.195664826152          0.192216411530          0.195068922911          0.192326861621          0.193429335419          0.192318901174          0.194713236618          0.192216917489          0.195741145412          0.192259480703          0.194038690945          0.192343674250          0.193773529089          0.192272443408          0.195577939356
        0.232405578999          0.193795300560          0.201043892368          0.196158930197          0.196495630640          0.192727653401          0.193816654784          0.194826619934          0.194967231243          0.196506499807          0.196179921404          0.195293190552          0.195256473515          0.194466402424          0.194626759988          0.195434392419          0.195444472527          0.195804693684          0.195711403649          0.194978324112          0.194983608964          0.194914021180          0.194979507680          0.195606751451          0.195595333397          0.195447922895          0.195400139501          0.194903213829          0.194921679470          0.195221556725          0.195258728723          0.195599426387          0.195576778201          0.195180610389          0.195153374993          0.194981019204          0.195008126964          0.195441331200          0.195460300399          0.195462319167          0.195432646507          0.195017054151          0.195006975974          0.195161558814          0.195192884183          0.195539378630          0.195541003835          0.195255923599          0.195224656646          0.194989863680
        0.224571102749          0.195826512585          0.206089891964          0.197200563641          0.199907482367          0.192301610760          0.190772793902          0.195005304805          0.195205550435          0.197456371524          0.199913647039          0.195696046289          0.195140551446          0.194438679488          0.193195183737          0.195926405772          0.197687318332          0.196492865374          0.197601558209          0.195182701145          0.193850889305          0.195103152946          0.195377615532          0.196216511468          0.198056443268          0.195930673441          0.195630059009          0.195053824715          0.194188911691          0.195603097074          0.196987905494          0.196203627407          0.197174776656          0.195489391828          0.194483512219          0.195188765792          0.195419378399          0.195967069666          0.197591427360          0.195965813997          0.195785276447          0.195220869743          0.194439229922          0.195501086702          0.196768904596          0.196122524369          0.197108031625          0.195610097172          0.194654180717          0.195188060575
        0.226723548145          0.200406103360          0.206519223222          0.200158226691          0.199212786942          0.189005087428          0.190771249504          0.195017591548          0.195748718680          0.200813091518          0.199921793163          0.195215961602          0.194876749578          0.192757415747          0.193390108508          0.197862346327          0.197975778916          0.197999942754          0.197494620526          0.193744777662          0.193780573867          0.195230924766          0.195633058260          0.198324031905          0.198177282314          0.195808402174          0.195505391308          0.194044169313          0.194267471761          0.197022981293          0.197221757641          0.197435290073          0.197166246848          0.194507217474          0.194414640455          0.195319268827          0.195602099579          0.197752456987          0.197741012803          0.195969289545          0.195703092060          0.194368767262          0.194474908395          0.196768585457          0.196989768207          0.197327112226          0.197142161110          0.194724243028          0.194572017305          0.195270786002
        0.231950958849          0.200809775315          0.209238470263          0.199455446076          0.195609820183          0.188983164719          0.190510445472          0.195541804673          0.198851009131          0.200808216183          0.199189749202          0.194936144372          0.192936125730          0.192933949944          0.195074572821          0.198134812971          0.199240911788          0.197877870310          0.195807235163          0.193657274084          0.193657005366          0.195469282720          0.197497951625          0.198429440828          0.197812733889          0.195667451952          0.194246596977          0.194105497856          0.195441570169          0.197240717390          0.198213623067          0.197411003756          0.195939229089          0.194421429093          0.194297455629          0.195485274870          0.197146013136          0.197886331019          0.197503682676          0.195870716218          0.194604144716          0.194387448538          0.195497588756          0.196973371680          0.197954852857          0.197345337455          0.196012563252          0.194625180225          0.194407649014          0.195405660947
        0.232283338082          0.203278856432          0.208325028807          0.195773877355          0.195549422175          0.188672890416          0.190996525631          0.198545199797          0.198708131154          0.199961627812          0.198807205314          0.192933282272          0.193071105838          0.194547498897          0.195258978108          0.199290192318          0.199000577109          0.196102941739          0.195650565728          0.193473281756          0.193833573979          0.197242814076          0.197497001422          0.197961813269          0.197577041398          0.194339176272          0.194247872076          0.195207220472          0.195575211684          0.198130254665          0.198083758544          0.196096757212          0.195778649069          0.194239597843          0.194396148491          0.196940528145          0.197180664089          0.197548620779          0.197312220355          0.194699906013          0.194557666082          0.195337703757          0.195619597549          0.197838079517          0.197870892880          0.196127775430          0.195836654006          0.194395791182          0.194474121452          0.196858530719
        0.234931914861          0.202451840950          0.204221356044          0.195733343644          0.194943222153          0.189171329326          0.193698684475          0.198438534825          0.197566322968          0.199612751201          0.196518430382          0.193085040728          0.194409157006          0.194756626725          0.196129795552          0.199086141598          0.196942891518          0.195971263333          0.195193616781          0.193669387525          0.195331229463          0.197273382951          0.196748585602          0.197757819147          0.195973489352          0.194361285471          0.195078478515          0.195365892720          0.196187396359          0.198033791485          0.196492043065          0.195962213012          0.195325812604          0.194359517823          0.195578334448          0.197005362240          0.196565217852          0.197388253180          0.195867734723          0.194675490486          0.195237615761          0.195484664535          0.196208575191          0.197786733944          0.196376894195          0.195978371262          0.195336511836          0.194483754766          0.195654485334          0.196957727354
        0.234009666919          0.198566259717          0.204233859386          0.195234188513          0.195573931662          0.191941847780          0.193711541814          0.197373636344          0.197288846915          0.197423430557          0.196758605718          0.194523101818          0.194735966072          0.195707745445          0.196017759522          0.197118845680          0.196889411351          0.195619836000          0.195493124375          0.195257365898          0.195466778704          0.196608814707          0.196627338860          0.196254537049          0.196085274192          0.195292124249          0.195343747369          0.196062804158          0.196184185013          0.196533493411          0.196440888550          0.195612984692          0.195545171685          0.195633714077          0.195745108759          0.196475193593          0.196490715204          0.196043128180          0.195933339844          0.195455672572          0.195488243481          0.196159459305          0.196251020166          0.196383921333          0.196312283511          0.195581701237          0.195522577427          0.195756829332          0.195854986655          0.196473583541
        0.229548704739          0.198549341338          0.203937946704          0.195813273203          0.198570233567          0.191915422162          0.192824626547          0.197068259355          0.195271971988          0.197621396273          0.198376229229          0.194802697639          0.195855095199          0.195561807610          0.194210664219          0.197030499699          0.196701831081          0.195873236247          0.197248529901          0.195351749991          0.194959833561          0.196454508773          0.195280874125          0.196325480827          0.197179737134          0.195512293315          0.196200558950          0.196023290470          0.194838153127          0.196446442730          0.196250095586          0.195788008291          0.196981143638          0.195759194593          0.195370200066          0.196366220013          0.195300138727          0.196068477866          0.196874110584          0.195661850935          0.196321406811          0.196164829032          0.195001580579          0.196283294151          0.196072820169          0.195723982431          0.196956532806          0.195915759741          0.195525996073          0.196375815774
        0.229529654952          0.198292436370          0.204499106812          0.198804406830          0.198566166550          0.191035467973          0.192539954513          0.195063949719          0.195458552454          0.199250969147          0.198654396301          0.195917843380          0.195726866311          0.193759981278          0.194125833697          0.196854649410          0.196947525552          0.197630086123          0.197351388362          0.194842789905          0.194816513967          0.195116769988          0.195348142900          0.197427247292          0.197399480994          0.196366250758          0.196172185042          0.194680075994          0.194754700645          0.196265315529          0.196421027092          0.197225451686          0.197112704479          0.195382214618          0.195270045301          0.195183071121          0.195323765762          0.197016105447          0.197080217800          0.196492514579          0.196336074680          0.194917535236          0.194904794007          0.196053223043          0.196212052518          0.197159639793          0.197120789008          0.195584233017          0.195436661788          0.195103056998
        0.229293843171          0.198811755370          0.207659890547          0.198777194307          0.197753307512          0.190736785942          0.190617008383          0.195233515649          0.197159910536          0.199505684726          0.199848452479          0.195769098938          0.193994295335          0.193659157579          0.194019724439          0.197079500826          0.198778929075          0.197709990036          0.196913235783          0.194681482917          0.193547063007          0.195165961211          0.196520212693          0.197624406726          0.198326179324          0.196317099307          0.194897217291          0.194579333207          0.194641694285          0.196415786599          0.197930267002          0.197334581751          0.196805765910          0.195263413076          0.194154330425          0.195188399361          0.196340850139          0.197200101052          0.197982513433          0.196486301196          0.195156890728          0.194803115397          0.194742473676          0.196172219582          0.197718909921          0.197301547521          0.196859286303          0.195476022216          0.194231289605          0.195065487797
        0.229868848635          0.201835790156          0.207567487746          0.197926811158          0.197423142410          0.188797816632          0.190760341657          0.196904827911          0.197364390237          0.200660932768          0.199659297468          0.194002286510          0.193867932626          0.193524492916          0.194207855649          0.198875086356          0.198814731283          0.197232011507          0.196720266372          0.193381486117          0.193566752265          0.196306184271          0.196676248308          0.198511608005          0.198239193031          0.195006521033          0.194767521681          0.194436545804          0.194757058799          0.197889028151          0.197998709856          0.196988377878          0.196654324009          0.194116116981          0.194129075716          0.196173581991          0.196485788844          0.198063204236          0.197939052692          0.195271154840          0.195012429988          0.194610854153          0.194826876585          0.197643243097          0.197821087447          0.197000480597          0.196718017925          0.194238869355          0.194162987017          0.196081122995
        0.233333552861          0.201747809235          0.206548992531          0.197599326132          0.195327966875          0.188943778204          0.192298051199          0.197111641117          0.198399443649          0.200473665872          0.197771199741          0.193878844528          0.193619413116          0.193715437617          0.195889342978          0.198913180271          0.198227512403          0.197041521975          0.195309839374          0.193404247355          0.194597992630          0.196464800983          0.197456672087          0.198426974323          0.196821357283          0.194879694800          0.194518049996          0.194554815653          0.196123934056          0.197959894842          0.197547635257          0.196839513848          0.195401093027          0.194093876425          0.195008613630          0.196321173328          0.197244402815          0.198022166191          0.196618913301          0.195129540450          0.194714958068          0.194698173094          0.196192788636          0.197747880073          0.197415885719          0.196861791824          0.195375489672          0.194173570811          0.195073160642          0.196245230125
        0.233224863250          0.200751228516          0.206204590341          0.195513840475          0.195488889747          0.190474764591          0.192516377191          0.198145975359          0.198208591410          0.198584423553          0.197650060852          0.193638792876          0.193823780092          0.195398901716          0.195931030660          0.198326457781          0.198036278823          0.195637902678          0.195341115673          0.194442410166          0.194765681540          0.197246700817          0.197372807806          0.197012767653          0.196698093872          0.194639061120          0.194646380130          0.195925955981          0.196199496421          0.197510556248          0.197400018703          0.195593428648          0.195386219095          0.194981035546          0.195164461075          0.197081921419          0.197205405546          0.196705988794          0.196481076454          0.194841041061          0.194811342150          0.196068867238          0.196302423241          0.197344419173          0.197278956566          0.195526476417          0.195317027039          0.195091871741          0.195245292792          0.197142693521
        0.232049646361          0.200419743732          0.204060932097          0.195673240507          0.197045178920          0.190691597124          0.193544188826          0.197956574680          0.196324938923          0.198463024812          0.197410184688          0.193842004714          0.195507921372          0.195440965152          0.195344663908          0.198136132465          0.196631272586          0.195668459657          0.196380622333          0.194609494204          0.195546001482          0.197163749338          0.195958070778          0.196889668557          0.196456810192          0.194766500406          0.196017072331          0.196001679525          0.195749073426          0.197363745112          0.196152577986          0.195578060865          0.196273376571          0.195136308344          0.195923826608          0.197043639829          0.195888130240          0.196568412929          0.196191703022          0.194936627463          0.196181451090          0.196178552386          0.195897735320          0.197208284060          0.195942237576          0.195467618979          0.196235210985          0.195263374327          0.196141436169          0.197145561496
        0.231670396523          0.198360990497          0.204232218384          0.197244073924          0.197290308061          0.191725413362          0.193377312706          0.196087077899          0.196214607509          0.198241177110          0.197628537244          0.195539967889          0.195571799981          0.194867867721          0.195169579006          0.196747284343          0.196673106541          0.196725419768          0.196566063688          0.195402326671          0.195481115739          0.195763510981          0.195847262513          0.196666118212          0.196598480008          0.196151890708          0.196111478892          0.195564038894          0.195617149141          0.196132657849          0.196149433646          0.196482266694          0.196445517527          0.195908474738          0.195902676576          0.195740621870          0.195763410111          0.196296701818          0.196301376134          0.196321604812          0.196308946694          0.195786444004          0.195776519925          0.195887949695          0.195895894425          0.196403120296          0.196423154086          0.196172241492          0.196161222594          0.195681797985
        0.229313681018          0.198522238282          0.205944121653          0.197482908549          0.198422954332          0.191555921687          0.191599332028          0.195973417219          0.196068877380          0.198454016585          0.199408746991          0.195598303677          0.195069890949          0.194689357975          0.193853905258          0.196784390851          0.197801004549          0.196904790111          0.197429256915          0.195332818129          0.194149538310          0.195648806204          0.195691150353          0.196802161044          0.198053248179          0.196240646745          0.195740377183          0.195428097887          0.194452830405          0.196124816361          0.197120584531          0.196648445073          0.197284770190          0.195882469807          0.194665581737          0.195611866147          0.195557373976          0.196400878586          0.197753741415          0.196443413013          0.195982517829          0.195661058205          0.194522037030          0.195836996389          0.196897768281          0.196585131692          0.197399001385          0.196187058405          0.194763518628          0.195507820284
        0.229497312954          0.200183540813          0.206173103877          0.198606850805          0.198248839188          0.189786988246          0.191483798211          0.195824752335          0.196269164260          0.200232461202          0.199459623609          0.195089243769          0.194888807976          0.193370545900          0.193884053722          0.197908342982          0.197970369664          0.197760357071          0.197355070143          0.193995292495          0.194030678128          0.195488584451          0.195818091717          0.198250808364          0.198134746095          0.195861416393          0.195600511372          0.194258933402          0.194438455115          0.197091108590          0.197277949550          0.197479665939          0.197253540811          0.194638573823          0.194532172261          0.195401489471          0.195653292508          0.197846773032          0.197868423098          0.196108535403          0.195852772864          0.194401448201          0.194464813033          0.196834035290          0.197071380229          0.197552686073          0.197408491110          0.194782170528          0.194584912767          0.195194553288
        0.231424531135          0.200402223190          0.207296800458          0.198430713843          0.196416698389          0.189671416104          0.191305109093          0.196023244220          0.198012474131          0.200280784269          0.198919801323          0.194906535752          0.193541448617          0.193399478446          0.194977796676          0.198075391560          0.198801028185          0.197683818559          0.195989177001          0.193875179779          0.193844566572          0.195613752526          0.197240742015          0.198329809566          0.197730270169          0.195719739926          0.194405789411          0.194243222959          0.195378825184          0.197246243601          0.198085278207          0.197446134617          0.195983998333          0.194503757933          0.194296883189          0.195495685568          0.197074344548          0.197959015285          0.197509149635          0.195976918686          0.194568123504          0.194342875524          0.195436406946          0.197005469263          0.198015131668          0.197559850413          0.195978037998          0.194602123467          0.194246623099          0.195264312220
        0.231671898415          0.201479974323          0.207100549194          0.196592920560          0.196293341141          0.189487100841          0.191497562488          0.197758757907          0.198048208325          0.199730265469          0.198727559801          0.193553539971          0.193566388812          0.194485738127          0.195136244753          0.198897707987          0.198714396296          0.196309667556          0.195862986003          0.193683672921          0.193964346888          0.197028828084          0.197310297972          0.197916504987          0.197580613315          0.194518991192          0.194385202179          0.195177464932          0.195526517722          0.198045200770          0.198042828265          0.196168844992          0.195842991556          0.194263252734          0.194385544615          0.196909457531          0.197177936749          0.197591007703          0.197369823508          0.194686239560          0.194504315191          0.195308680804          0.195600652647          0.197940710530          0.198013694949          0.196121479674          0.195791561167          0.194258864285          0.194310792709          0.196988566318
        0.232900958851          0.201290092608          0.205153142580          0.196470211260          0.196060308180          0.189679182633          0.193173558470          0.197795192620          0.197458246771          0.199538192103          0.197326194792          0.193579266249          0.194612965552          0.194644847288          0.195916747920          0.198811766904          0.197300448333          0.196184137066          0.195632936318          0.193804259354          0.195339662848          0.197099143219          0.196860112969          0.197767545539          0.196341036715          0.194499212206          0.195282517111          0.195325936133          0.196287826646          0.198003515800          0.196728507568          0.196028591924          0.195565659508          0.194352740606          0.195761811868          0.197013813370          0.196773821344          0.197452441546          0.196041604283          0.194623246300          0.195433708746          0.195473705279          0.196498677890          0.197940039377          0.196538483735          0.195935774925          0.195411346035          0.194323859537          0.195997158333          0.197166472342
        0.232680976148          0.199402678051          0.205029326914          0.196244061321          0.196265619004          0.191346355823          0.193218293669          0.197209076657          0.197270413600          0.198139320149          0.197357244371          0.194631476492          0.194781477180          0.195428805319          0.195836412744          0.197402071683          0.197178690793          0.195961008764          0.195761063695          0.195184313427          0.195417167992          0.196653422031          0.196715528368          0.196533925876          0.196326453387          0.195403229711          0.195438800362          0.196091627553          0.196251677372          0.196694297958          0.196592523197          0.195758428113          0.195661894441          0.195734477681          0.195872956073          0.196614170666          0.196639864326          0.196130531783          0.195983710325          0.195559668060          0.195606051142          0.196376199823          0.196503482711          0.196469980976          0.196357145728          0.195563057798          0.195482718251          0.196015954131          0.196181592815          0.196729225051
        0.230500017605          0.199282509050          0.204842124698          0.196448402239          0.198006000536          0.191390649508          0.192677068839          0.197021348213          0.195915460702          0.198169768445          0.198453281043          0.194799273473          0.195601504762          0.195348434527          0.194466766429          0.197279995061          0.196989908391          0.196088407204          0.197178286423          0.195261301664          0.195005512513          0.196508765368          0.195516191400          0.196518770975          0.197265162286          0.195558775361          0.196237395602          0.196055217406          0.194976627047          0.196558052565          0.196354759158          0.195853934813          0.197077642962          0.195845042307          0.195505830051          0.196480077435          0.195350851233          0.196072127691          0.196953579628          0.195731260208          0.196541045107          0.196380669052          0.195067131072          0.196288432952          0.196016747626          0.195633725980          0.197209214958          0.196199758921          0.195777329320          0.196587099280
        0.230361984975          0.199108625052          0.205052518448          0.198190486399          0.198058118838          0.190857625488          0.192496378962          0.195670618659          0.195946998349          0.199273262326          0.198624930154          0.195621489629          0.195526672046          0.193983562255          0.194348195621          0.197095488619          0.197118678207          0.197509474469          0.197259860599          0.194852094878          0.194865219591          0.195313328468          0.195502831579          0.197461794986          0.197423567809          0.196359495806          0.196205453793          0.194783235256          0.194843498448          0.196324392620          0.196451975038          0.197272911427          0.197192161508          0.195479870132          0.195375651912          0.195194755405          0.195294549402          0.197046099994          0.197127939080          0.196668244754          0.196549692873          0.194947062708          0.194888813525          0.195952296736          0.196089314409          0.197363494043          0.197397004955          0.195797144097          0.195639107190          0.194873626837
        0.230172437345          0.199311151599          0.206873737357          0.198241080353          0.197532129886          0.190677619766          0.191176740071          0.195701202864          0.197062301913          0.199443676321          0.199469142537          0.195545417219          0.194176978451          0.193864341149          0.194179997857          0.197222902711          0.198557323280          0.197589476087          0.196864985858          0.194710840476          0.193686781859          0.195298933458          0.196459937650          0.197618623635          0.198240935843          0.196326163336          0.194947943311          0.194649229237          0.194624797733          0.196420254124          0.197886669672          0.197385826835          0.196841333033          0.195348592181          0.194105958863          0.195137430680          0.196282550125          0.197218890024          0.198080982550          0.196675455637          0.195130434201          0.194767838792          0.194567588521          0.196023559978          0.197834771650          0.197549674673          0.197008877546          0.195657777163          0.193941842784          0.194720621736
        0.230404749176          0.201075179740          0.206916684885          0.197710047229          0.197344457957          0.189364697484          0.191203546647          0.196812473023          0.197224044458          0.200284774396          0.199387099855          0.194191660666          0.194054282669          0.193692488391          0.194301638005          0.198657669446          0.198630872369          0.197188790877          0.196719268116          0.193528866617          0.193668613356          0.196251762625          0.196610418154          0.198430822901          0.198202442128          0.195063617764          0.194810226450          0.194426781182          0.194715668474          0.197850294698          0.197993777648          0.197029182015          0.196705703651          0.194074874335          0.194044812287          0.196121263736          0.196449539245          0.198166459691          0.198083270250          0.195250892075          0.194947356356          0.194442944649          0.194634150019          0.197764195310          0.198015415603          0.197155374502          0.196865152628          0.193956372283          0.193785201339          0.196005636478
        0.232439525855          0.201116011290          0.206324570980          0.197522182094          0.195965231832          0.189391378527          0.192265002407          0.196973852603          0.198025203322          0.200202056962          0.197988381106          0.194068898100          0.193847903236          0.193813911461          0.195696540773          0.198730826835          0.198196856368          0.197042689878          0.195501524126          0.193510701747          0.194587311224          0.196401942497          0.197390024823          0.198391916150          0.196905754177          0.194925769125          0.194556167763          0.194517547212          0.196111984666          0.197957028398          0.197605966282          0.196893236273          0.195399112963          0.194013709575          0.194996434101          0.196287986542          0.197365532552          0.198168361325          0.196625746941          0.195067660777          0.194591120047          0.194509426883          0.196341099672          0.197944452841          0.197589765938          0.197011324174          0.195129907080          0.193799710888          0.195036908530          0.196234895330
        0.232485009891          0.200536548312          0.206127266967          0.196143343931          0.195992531001          0.190442306860          0.192425152996          0.197773074199          0.197940099835          0.198797743643          0.197863299307          0.193862164738          0.193970366477          0.195205790038          0.195768002770          0.198294807412          0.198048639136          0.195823744585          0.195483144971          0.194428487206          0.194737336599          0.197179900802          0.197349343269          0.197093507731          0.196766495977          0.194671773404          0.194647356833          0.195912527692          0.196217512796          0.197567626751          0.197468388040          0.195586044611          0.195337498772          0.194965108405          0.195162949973          0.197202430127          0.197365852959          0.196709437163          0.196441128259          0.194711719226          0.194657729884          0.196215284620          0.196520031467          0.197517102732          0.197444150806          0.195275533686          0.194972293568          0.195051527690          0.195265694505          0.197596370203
        0.231808234123          0.200345275181          0.204701870637          0.196170797333          0.197067429317          0.190601609376          0.193216171863          0.197688328763          0.196544313722          0.198672507116          0.197656294339          0.193984863345          0.195363815639          0.195277489199          0.195335039269          0.198146821363          0.196828858387          0.195805574886          0.196404523828          0.194578736067          0.195514416184          0.197139557779          0.196053526167          0.196954461800          0.196512828051          0.194763225407          0.196043421791          0.196018314650          0.195829698910          0.197430368124          0.196161177349          0.195524666998          0.196291181399          0.195131871383          0.196077073325          0.197203059838          0.195909037186          0.196525089932          0.196085481477          0.194778590771          0.196364752891          0.196394442250          0.196094236478          0.197371825316          0.195708272809          0.195118156443          0.196226898194          0.195280555468          0.196626362074          0.197704060157
        0.231587484865          0.198965631684          0.204732769515          0.197249326821          0.197236501945          0.191389650705          0.193137485320          0.196296321733          0.196422862727          0.198469472492          0.197783544784          0.195381277713          0.195441173965          0.194848420267          0.195191492784          0.196930341135          0.196813474847          0.196731849135          0.196559927401          0.195358581957          0.195478562063          0.195847570907          0.195917783875          0.196705147915          0.196607912944          0.196163029754          0.196154012017          0.195633751023          0.195696312110          0.196127090863          0.196102702425          0.196482997888          0.196462476733          0.196048966162          0.196081836385          0.195749947820          0.195728072988          0.196173981663          0.196155777062          0.196489554824          0.196548488612          0.195971734796          0.195952758796          0.195640143007          0.195553818417          0.196377775931          0.196460437937          0.196644200157          0.196737826358          0.195564002553
        0.229998485893          0.198995389478          0.205883543141          0.197417874985          0.198072624445          0.191311563200          0.191791887486          0.196174827860          0.196249676391          0.198596613966          0.199219587326          0.195458275666          0.195039166788          0.194704977467          0.194008043201          0.196914646656          0.197767781134          0.196886871490          0.197368318706          0.195322488930          0.194215282690          0.195711723755          0.195694310895          0.196799828109          0.198036713161          0.196273204673          0.195794536348          0.195500243214          0.194420864424          0.196068338633          0.197086841848          0.196653849397          0.197406202641          0.196053409477          0.194655611689          0.195568874923          0.195402256447          0.196243878810          0.197894983813          0.196672864042          0.196150860830          0.195830093306          0.194249482674          0.195485480539          0.196839727711          0.196610894798          0.197852233000          0.196755315044          0.194626759743          0.195236167096
        0.230032939712          0.200115064532          0.206055124777          0.198252617612          0.197993583369          0.189977662955          0.191672232038          0.196001922312          0.196374152371          0.200036792569          0.199296541371          0.195055779448          0.194896028456          0.193523133383          0.193991877155          0.197869614334          0.197921385422          0.197694865651          0.197332212417          0.194059374330          0.194079772465          0.195488343556          0.195787516804          0.198228830819          0.198146486898          0.195912570782          0.195661092298          0.194225051939          0.194361764410          0.197052493299          0.197256501091          0.197596705261          0.197410628848          0.194626598694          0.194474733585          0.195243150869          0.195471057261          0.197982892388          0.198078081959          0.196273778013          0.196009226161          0.194126959516          0.194094935308          0.196771381875          0.197071903544          0.198001671015          0.197963804962          0.194643345217          0.194299547274          0.194641199662
        0.231330634980          0.200280880771          0.206905374107          0.198173082755          0.196615656664          0.189858792312          0.191488504546          0.196125937938          0.197793703172          0.200113339498          0.198878227779          0.194912294893          0.193701553391          0.193506728630          0.194929858693          0.198022715220          0.198719452315          0.197658174377          0.196053420961          0.193923642373          0.193845674371          0.195581106517          0.197203282658          0.198338032615          0.197773896465          0.195778673262          0.194374542088          0.194165689896          0.195332593753          0.197221603743          0.198189373806          0.197600562446          0.195970228872          0.194445423131          0.194138510534          0.195311548183          0.197197313975          0.198165409576          0.197667333307          0.196131660738          0.194294561242          0.193972181451          0.195366962105          0.197003005346          0.198452607162          0.198112698959          0.195836339347          0.194315811463          0.193693944020          0.194616945336
        0.231521139093          0.201102425279          0.206818288842          0.196792785896          0.196491224210          0.189673595709          0.191608912195          0.197542245787          0.197865282052          0.199690234845          0.198730308772          0.193715800019          0.193683140681          0.194440699488          0.195078898181          0.198818103766          0.198679117610          0.196375465689          0.195914679828          0.193687368582          0.193936065831          0.196993658459          0.197308707787          0.197961929776          0.197636734554          0.194489599253          0.194313037217          0.195133723070          0.195498412269          0.198151390573          0.198189997736          0.196156675718          0.195786137989          0.194107127038          0.194204647855          0.197034662338          0.197376231454          0.197751109889          0.197522130080          0.194414345579          0.194137432435          0.195241580768          0.195595246593          0.198380305052          0.198560599880          0.195981336217          0.195505278038          0.193708236727          0.193667659857          0.197521027904
        0.232465020761          0.201017634534          0.205365969216          0.196668404740          0.196281662302          0.189793155912          0.192987074476          0.197613778365          0.197425941199          0.199541824101          0.197504494035          0.193697486985          0.194599411692          0.194589595803          0.195851872595          0.198777720345          0.197376562567          0.196236647626          0.195660243245          0.193777837018          0.195327516563          0.197099052135          0.196916388563          0.197824701264          0.196326967621          0.194428184370          0.195264469991          0.195299544837          0.196409053160          0.198152003463          0.196728180908          0.195972566224          0.195430410930          0.194173375217          0.195908085572          0.197213531267          0.196945782187          0.197605885833          0.195784181197          0.194257279289          0.195390200255          0.195469866957          0.196952269767          0.198488250629          0.196410402099          0.195650208232          0.194878917045          0.193682063619          0.196548547407          0.197989500160
        0.232366518091          0.199606756834          0.205237684992          0.196460751713          0.196406394691          0.191160175043          0.193059718433          0.197175372853          0.197279166811          0.198313501431          0.197487007361          0.194614713927          0.194750955818          0.195362326248          0.195812760118          0.197475345610          0.197238275764          0.195983798546          0.195752826238          0.195169607112          0.195434362701          0.196707769613          0.196780267025          0.196515749791          0.196266365192          0.195381416483          0.195432406728          0.196210741626          0.196410700681          0.196691182524          0.196544777852          0.195618691443          0.195498289486          0.195877842382          0.196088190634          0.196784076035          0.196801626321          0.195869149455          0.195627565377          0.195512223859          0.195620387202          0.196827437817          0.197060682055          0.196339261872          0.196079843798          0.195025968245          0.194853639832          0.196564281832          0.197017146942          0.197301544782
        0.230735015985          0.199482336205          0.205043573958          0.196585500855          0.197825593012          0.191232443730          0.192645949841          0.197028854104          0.196076754520          0.198296009475          0.198431090730          0.194766325825          0.195541524494          0.195323448524          0.194535683152          0.197337118168          0.197001899941          0.196076510594          0.197166760006          0.195276514542          0.195060748112          0.196571874903          0.195490100750          0.196455199884          0.197239082308          0.195549453977          0.196360082278          0.196212522175          0.194970274777          0.196507931890          0.196206755286          0.195686658180          0.197222886685          0.196058010660          0.195675747037          0.196640126191          0.195083514364          0.195712613113          0.196902051170          0.195742528956          0.196994912276          0.196935914876          0.194934081663          0.196008932101          0.195471919547          0.195000755519          0.197760331997          0.197032955059          0.196348165759          0.197183721953
        0.230591574678          0.199297370851          0.205173689512          0.198006067537          0.197902930246          0.190824576348          0.192503878451          0.195828920365          0.196060793160          0.199245552784          0.198585977483          0.195558212908          0.195505319967          0.194050264636          0.194400287599          0.197102857615          0.197095926108          0.197493436004          0.197276571547          0.194904686066          0.194927376107          0.195284157936          0.195431151654          0.197430699211          0.197409351863          0.196478648380          0.196364204842          0.194774464409          0.194789456820          0.196172121483          0.196276050518          0.197413741753          0.197405808557          0.195646973525          0.195534059416          0.194924489161          0.194928912528          0.196989769131          0.197134654988          0.197118616901          0.197105755918          0.194811615617          0.194606806121          0.195403493680          0.195448071591          0.197910450039          0.198233056585          0.196365177909          0.196232426258          0.193735261933
        0.230382774293          0.199423470314          0.206657161924          0.198083094894          0.197494075631          0.190683663946          0.191329716744          0.195812833453          0.197012987212          0.199400599849          0.199394274464          0.195521816295          0.194239783114          0.193915000235          0.194175788029          0.197196669840          0.198524118577          0.197603031285          0.196911225845          0.194771237415          0.193651745012          0.195225088623          0.196412657879          0.197600734055          0.198349728637          0.196482515011          0.194933551511          0.194593623205          0.194462490707          0.196241176888          0.198012892351          0.197596419823          0.197001612691          0.195505120332          0.193829774996          0.194769821852          0.196212033720          0.197222119545          0.198522512380          0.197229223968          0.194988718390          0.194484347163          0.194011159407          0.195379468667          0.198368889247          0.198383074864          0.197571653222          0.196249252875          0.192800721207          0.193017501109
        0.230528248615          0.200863494263          0.206733911756          0.197672192171          0.197348161040          0.189518355368          0.191312685626          0.196763249002          0.197164126110          0.200209585739          0.199355728576          0.194255159586          0.194103088500          0.193689409381          0.194267177037          0.198624175780          0.198631603107          0.197235289054          0.196775750210          0.193494961217          0.193591618177          0.196204756613          0.196580042812          0.198539643361          0.198351982308          0.195049821749          0.194751264454          0.194265437676          0.194529751790          0.197976438425          0.198193697567          0.197189786582          0.196857982671          0.193799634182          0.193674252942          0.196051098887          0.196441942182          0.198608170240          0.198632099864          0.195109665633          0.194659862222          0.193887557346          0.193986078472          0.198298241557          0.198840186631          0.197718708597          0.197454306348          0.192816071365          0.192084307310          0.195779556209
        0.232191512201          0.200937618090          0.206285624903          0.197526094288          0.196133236056          0.189501396809          0.192229460470          0.196914100852          0.197948472677          0.200170648516          0.198056783631          0.194118367485          0.193858667089          0.193780538396          0.195666421038          0.198731455329          0.198244980248          0.197099483230          0.195475920583          0.193434782612          0.194550118876          0.196371867349          0.197499446568          0.198541646239          0.196896352365          0.194867354566          0.194405423695          0.194332556550          0.196241637335          0.198156986915          0.197769180107          0.197045883785          0.195130289659          0.193644041161          0.194934990979          0.196280732155          0.197808080281          0.198717532920          0.196488322949          0.194780559446          0.194044738339          0.193862397865          0.196876921322          0.198769179608          0.198156583543          0.197601112257          0.193991256880          0.192099535906          0.194819277069          0.196236909997
        0.232276485726          0.200499486301          0.206132390152          0.196310689836          0.196114927932          0.190408606274          0.192377607119          0.197696896310          0.197908021283          0.198866047435          0.197917258720          0.193873222974          0.193949556290          0.195176339544          0.195771568927          0.198343242293          0.198107566197          0.195797705682          0.195414564827          0.194391814663          0.194716053590          0.197289718047          0.197499986179          0.197083951631          0.196712009268          0.194520933230          0.194472052092          0.196042550313          0.196420260129          0.197731140761          0.197623927406          0.195316702242          0.194973131004          0.194903921563          0.195163393689          0.197645199868          0.197915709820          0.196571901518          0.196156847369          0.194164950365          0.194018764210          0.196751204406          0.197344420352          0.198084166519          0.198037719546          0.194135863062          0.193269960201          0.194833994930          0.195274432620          0.199824048874
        0.231766335743          0.200350654904          0.204871382129          0.196292469632          0.197045734869          0.190555633833          0.193148972620          0.197656554968          0.196612744505          0.198726124481          0.197669940277          0.193964209278          0.195346371065          0.195281419965          0.195386497121          0.198205838186          0.196802965398          0.195736380551          0.196376345204          0.194557774925          0.195630750243          0.197290344492          0.196045861583          0.196899590252          0.196364490801          0.194587691905          0.196182839730          0.196221165598          0.195996245611          0.197585985343          0.195892839779          0.195159562674          0.196237002641          0.195132405440          0.196524750632          0.197752844279          0.195774266281          0.196240440914          0.195539530335          0.194139068464          0.196909083558          0.197218570500          0.196662337126          0.197965396889          0.194568572726          0.193414272595          0.196014721385          0.195289262608          0.198851063569          0.201303172333
        0.231594319158          0.199127440562          0.204853824144          0.197225268508          0.197199364085          0.191321936504          0.193111368842          0.196363534255          0.196475510193          0.198480148927          0.197763543773          0.195362173373          0.195454106678          0.194898683290          0.195251849325          0.196902248327          0.196742881828          0.196701134611          0.196545336129          0.195473411862          0.195633265086          0.195838553874          0.195863589169          0.196554026855          0.196433014266          0.196300538547          0.196363792826          0.195798953514          0.195853258619          0.195856746547          0.195736911710          0.196426281937          0.196468228859          0.196495024833          0.196633767368          0.195613905790          0.195445220351          0.195625314014          0.195514748725          0.197032087626          0.197378897361          0.196538307761          0.196545298260          0.194498832491          0.193847338186          0.196163052143          0.196473598084          0.198867398026          0.200325297283          0.194607533032
        0.230182909427          0.199110456684          0.205841366668          0.197378869202          0.198003207529          0.191284789037          0.191855387570          0.196226471199          0.196248199053          0.198574040341          0.199193968042          0.195469917707          0.195087492026          0.194764360760          0.193974366846          0.196842162528          0.197726100470          0.196870271067          0.197481278780          0.195475968391          0.194202807099          0.195656463033          0.195534428620          0.196622579805          0.198168858423          0.196481537402          0.195956966912          0.195656113392          0.194146392782          0.195700881292          0.197020962612          0.196657610206          0.197850910462          0.196604043790          0.194516303332          0.195285109730          0.194847156774          0.195600539052          0.198434358546          0.197502081327          0.196714629463          0.196421357494          0.193109273586          0.193777902033          0.196616781254          0.196622176488          0.200083158120          0.200341743305          0.193670776739          0.193305731712
        0.230163482179          0.200071509728          0.206000157539          0.198182474872          0.197965954892          0.190040660788          0.191721030123          0.195999698587          0.196341109078          0.200009740347          0.199303254430          0.195103565776          0.194953599086          0.193489481436          0.193915158338          0.197826518275          0.197895365365          0.197807059777          0.197484497692          0.194046701878          0.194021907235          0.195327857375          0.195602770589          0.198359821187          0.198351013194          0.196074476809          0.195814512281          0.193950567247          0.193991738902          0.196985428365          0.197252487734          0.198040814070          0.197961108928          0.194487021175          0.194188960243          0.194687723179          0.194822778913          0.198521321003          0.198906952614          0.196837202167          0.196598141345          0.192987124960          0.192393129523          0.196547438103          0.197076631433          0.200233211153          0.201566777936          0.193687031072          0.192374562908          0.189915576776
        0.231276642832          0.200225494285          0.206826652583          0.198145011397          0.196681219675          0.189907406578          0.191490431327          0.196092399766          0.197759177187          0.200119157302          0.198925343965          0.194969559101          0.193670937860          0.193430287990          0.194884689233          0.197995654136          0.198827860460          0.197810073934          0.196041002851          0.193865807309          0.193687912885          0.195396016886          0.197328932250          0.198541855313          0.197935392670          0.195931816346          0.194101608034          0.193795921415          0.195264119008          0.197216734528          0.198631040988          0.198150870304          0.195829976331          0.194159605326          0.193586446971          0.194663252520          0.197730387053          0.198993833301          0.198232399798          0.196720514178          0.193155005232          0.192271274686          0.195142820289          0.197006999698          0.200685647912          0.201717635355          0.194874492188          0.192390638030          0.188990004274          0.186706858942
        0.231454225278          0.201026292966          0.206785423489          0.196858545383          0.196542571865          0.189677047572          0.191580422562          0.197508103698          0.197865282456          0.199737896426          0.198788009381          0.193685847121          0.193610314361          0.194396437752          0.195050565422          0.198926955227          0.198828975096          0.196363345555          0.195857449105          0.193530593089          0.193754542407          0.197119664880          0.197508321411          0.198123944797          0.197790484830          0.194217078315          0.193945421425          0.195065984796          0.195492678540          0.198593455967          0.198739535278          0.196016664986          0.195499559406          0.193555852891          0.193560934695          0.197567873524          0.198199532881          0.198316827516          0.198113963498          0.193274689972          0.192436946271          0.195018154184          0.195598573395          0.200613209860          0.202171338222          0.195019172973          0.193569695859          0.189004648661          0.185795593846          0.196553745705
        0.232376843082          0.200986039953          0.205435566900          0.196719839755          0.196293463338          0.189766241136          0.192960925080          0.197614058429          0.197474787589          0.199599999581          0.197476863921          0.193625212330          0.194565163992          0.194561978526          0.195962421515          0.198927977494          0.197366639080          0.196179540085          0.195508935357          0.193597175739          0.195459205463          0.197298864213          0.197080227269          0.197978867642          0.196056016022          0.194060817777          0.195204590986          0.195294360907          0.196851740716          0.198701844990          0.196590561418          0.195685992710          0.194882006292          0.193530335741          0.196444771809          0.198036655944          0.197512431850          0.198198284897          0.194641384803          0.192556251800          0.195173223320          0.195473647904          0.199174853149          0.202098288275          0.195449039052          0.193713504743          0.190153623130          0.185809984325          0.195593547588 
        0.232329981002          0.199673921735          0.205291623260          0.196471573811          0.196385796162          0.191134409618          0.193065755686          0.197224032246          0.197338132146          0.198284691634          0.197415568385          0.194580175202          0.194731814562          0.195472452114          0.195963495660          0.197464922248          0.197182525267          0.195831396110          0.195576349768          0.195300952716          0.195638061829          0.196871269269          0.196935745765          0.196243705710          0.195898944978          0.195320965067          0.195433831053          0.196652824239          0.196959467277          0.196553136679          0.196259563276          0.195068989093          0.194856431897          0.196414064542          0.196912117242          0.197350148461          0.197394174877          0.194725121451          0.193918788140          0.195294530444          0.195629548800          0.199048461724          0.200649808243          0.195377848271          0.194141264128          0.190296546765          0.186939504410          0.195608817394  
        0.230812481978          0.199534178976          0.205046493744          0.196564002160          0.197803331989          0.191238462453          0.192693832007          0.197087587655          0.196044443790          0.198223259097          0.198394007275          0.194746903039          0.195654026184          0.195473637078          0.194524304748          0.197280814182          0.196844395290          0.195898967754          0.197300816179          0.195479797694          0.195223269705          0.196726989531          0.195216356975          0.196086619766          0.197176505681          0.195550376990          0.196803729254          0.196760559666          0.194832099652          0.196222286572          0.195652501646          0.195043475846          0.197762834413          0.196881432594          0.196239150244          0.197232039356          0.193941144414          0.194002386786          0.196681626439          0.195751156221          0.199218333025          0.200522612127          0.193978129913          0.194070611503          0.190730138644          0.187080159938          0.196798785522   
        0.230651154042          0.199298191675          0.205143377419          0.197982886459          0.197912381713          0.190871511561          0.192561139369          0.195796010217          0.195984784180          0.199206844389          0.198564172325          0.195669999045          0.195656929208          0.194038528397          0.194343349541          0.196943990682          0.196913103842          0.197626620908          0.197482550162          0.195066508887          0.195080995506          0.195009951912          0.195061131868          0.197366732804          0.197408407572          0.196921690514          0.196913135054          0.194635939156          0.194504513518          0.195616802487          0.195627925120          0.197953066432          0.198234242542          0.196209669163          0.196122556796          0.193782261501          0.193222391160          0.196768053559          0.197141740469          0.199342432689          0.200695391630          0.193855792111          0.192680344725          0.190662258527          0.187507602883          0.196946935108    
        0.230381391549          0.199392294220          0.206625004529          0.198091876835          0.197541544271          0.190740041630          0.191297632836          0.195736398295          0.196966882927          0.199377533017          0.199505223619          0.195672881249          0.194227034826          0.193857944062          0.194015596481          0.197012691581          0.198652102612          0.197808501108          0.197072716922          0.194924320644          0.193378228928          0.194854847292          0.196343312318          0.197598727850          0.198793195067          0.197031098310          0.194793491739          0.194308607827          0.193908139770          0.195592213684          0.198548770819          0.198424751575          0.197565641976          0.196093071566          0.192691518074          0.193064038550          0.195986576170          0.197228279399          0.200757545243          0.200820302443          0.194030479515          0.192558755788          0.189299216938          0.187440890207          0.197397284713     
        0.230490157735          0.200831644006          0.206736866873          0.197719752871          0.197405640452          0.189487298710          0.191238555617          0.196717128028          0.197134760545          0.200320935559          0.199507472050          0.194242599241          0.194045544542          0.193530011815          0.194082954658          0.198752035733          0.198833438557          0.197397049855          0.196928982165          0.193222068011          0.193223441594          0.196135476269          0.196573416164          0.198983460010          0.198902796626          0.194909854587          0.194465183055          0.193711892800          0.193883351024          0.198512153269          0.199020456815          0.197754338838          0.197448134963          0.192661891684          0.191976115193          0.195825835936          0.196444511978          0.200844164722          0.202244827712          0.194151015516          0.192731557542          0.189178761885          0.186100496615          0.197326934199      
        0.232153487675          0.200940095067          0.206335650825          0.197583686579          0.196104152940          0.189428674557          0.192189129501          0.196884744712          0.198057547651          0.200323029326          0.198045162910          0.194061036422          0.193704575669          0.193597155004          0.195793213642          0.198933303308          0.198408077360          0.197253011838          0.195203490632          0.193067308737          0.194485042292          0.196365288659          0.197941305159          0.199092988694          0.196756722072          0.194581310002          0.193855572985          0.193687056502          0.196774518152          0.198983618859          0.198336009177          0.197636633060          0.193988167543          0.191946512437          0.194713850265          0.196283362618          0.200036442701          0.202331888745          0.195524705378          0.192851289026          0.189335224955          0.185981995395          0.195915000569       
        0.232278467764          0.200548386001          0.206193079202          0.196281361065          0.196042792169          0.190369381759          0.192353179511          0.197806008725          0.198058265285          0.198854298384          0.197860028027          0.193719412124          0.193771181376          0.195303105072          0.195971420052          0.198506586168          0.198262627950          0.195524783559          0.195046563432          0.194327132062          0.194712958827          0.197731361241          0.198049126401          0.196944195155          0.196425049348          0.193970938125          0.193829945281          0.196575156578          0.197241677190          0.198298079022          0.198217239987          0.194173530058          0.193267355963          0.194683035660          0.195168764804          0.199872091494          0.201517109678          0.195607926217          0.194215999096          0.189452774443          0.186134901211          0.195790234805        
        0.231823157803          0.200409820498          0.204838582357          0.196220020233          0.197010164771          0.190532009570          0.193257958133          0.197806737014          0.196601376969          0.198668505272          0.197513628642          0.193786046846          0.195477889309          0.195480978335          0.195548608649          0.198361071516          0.196528353888          0.195367682763          0.196314375077          0.194554934287          0.196071400968          0.197839096392          0.195907241282          0.196612293948          0.195810680245          0.193945326948          0.196719238552          0.197041945884          0.196559886438          0.198179328245          0.194746810658          0.193452156899          0.196017237761          0.195137918691          0.198742088714          0.201351592316          0.194814673657          0.194298751410          0.190796379406          0.186250518129          0.195951243134         
        0.231662940952          0.199094626251          0.204775655741          0.197188980100          0.197179094775          0.191429630743          0.193259749764          0.196351909724          0.196418346378          0.198322221435          0.197582026230          0.195493331183          0.195657436515          0.195060140885          0.195405512132          0.196626819335          0.196371585241          0.196638366946          0.196545064981          0.195913348959          0.196179410513          0.195699738561          0.195577721902          0.195998871643          0.195785467170          0.196836723168          0.197187726206          0.196361768043          0.196442494970          0.194710293568          0.194024622232          0.196205646428          0.196475625344          0.198711585023          0.200214589071          0.194654768485          0.193511360671          0.190879414610          0.187572090551          0.196073058467          
        0.230144081793          0.199033584008          0.205796759355          0.197358004294          0.198115036253          0.191431521030          0.191843239926          0.196169126104          0.196087107572          0.198390917101          0.199325396401          0.195672933720          0.195248263235          0.194917426181          0.193700700790          0.196470046958          0.197658525576          0.196869401799          0.197924553255          0.196021354329          0.194063758401          0.195370577721          0.194978222519          0.195973693415          0.198707363823          0.197305489001          0.196519105743          0.196244531359          0.193007067758          0.193988319359          0.196796282620          0.196664449856          0.200080490847          0.200183926767          0.193560942983          0.193352518479          0.190116736241          0.187653822868          0.197465014254           
        0.230073712353          0.200027142933          0.205972529329          0.198294201081          0.198117863536          0.190028680721          0.191664368386          0.195838541026          0.196155453591          0.200141230252          0.199508209405          0.195264157272          0.195105938666          0.193216530552          0.193546379800          0.197758364143          0.197890485026          0.198250738450          0.198034277496          0.193907723829          0.193737091157          0.194771937956          0.194953676326          0.198898399501          0.199180199065          0.196636714224          0.196402313891          0.192812314127          0.192291379478          0.196760347985          0.197256328330          0.200272153315          0.201563442004          0.193531744199          0.192265592593          0.189960822257          0.186904611959          0.197551032854            
        0.231223949721          0.200197828391          0.206941285479          0.198296927868          0.196668909507          0.189851403248          0.191334949232          0.195906769934          0.197885928471          0.200324611866          0.199088600878          0.195121789895          0.193399184291          0.193062505846          0.194816474058          0.197990352114          0.199272141350          0.198360528415          0.195900889101          0.193581244569          0.193137308159          0.194747378276          0.197862926271          0.199371521537          0.198502150415          0.196519813152          0.192963338322          0.192097246132          0.195040230915          0.197220253264          0.200867462897          0.201756372501          0.194868424433          0.192236537621          0.188885792756          0.186751294612          0.196762016125             
        0.231421075683          0.201137810338          0.206942733374          0.196846270662          0.196484982193          0.189523707467          0.191401106553          0.197634796088          0.198065961650          0.199901962508          0.198943066014          0.193414366453          0.193243907111          0.194328722597          0.195044675360          0.199371616502          0.199381164854          0.196223119584          0.195570596301          0.192980831779          0.193112208438          0.197653280545          0.198332502906          0.198691394087          0.198383670254          0.193078415058          0.192246508527          0.194842574954          0.195495857927          0.200829711976          0.202354669274          0.195054348623          0.193563939211          0.188856271840          0.185693606540          0.196600542833              
        0.232505658791          0.201139063020          0.205423208543          0.196662215566          0.196138228309          0.189589218146          0.193087663891          0.197814581912          0.197637815271          0.199755802499          0.197201179389          0.193259047465          0.194501802504          0.194556383652          0.196401836493          0.199480601014          0.197226676741          0.195892311767          0.194956629521          0.192955712151          0.195991271835          0.198122354049          0.197645897082          0.198572749048          0.194908555602          0.192361156568          0.194984221823          0.195297753543          0.199070765022          0.202316551720          0.195626626724          0.193748666687          0.190153261476          0.185664543248          0.195486621209               
        0.232506862503          0.199661770035          0.205231652075          0.196315851457          0.196205773232          0.191260096177          0.193264108836          0.197386855176          0.197492931861          0.198007488579          0.197043154701          0.194516821245          0.194730053137          0.195910759787          0.196509114122          0.197324750048          0.196894616867          0.195277939291          0.194931042611          0.195832569709          0.196457186258          0.197436360120          0.197527539715          0.195094871425          0.194184998831          0.195100376748          0.195439953017          0.198869617566          0.200544684990          0.195589276387          0.194317633953          0.190335580481          0.186939386351          0.195456072341                
        0.230798390210          0.199475690443          0.204880200748          0.196383489859          0.197935347361          0.191435017017          0.192852866883          0.197242171590          0.195768644162          0.197848925733          0.198328502196          0.194745126010          0.196093617797          0.196017858320          0.194385653175          0.196992588538          0.196286101965          0.195252363154          0.197838342477          0.196298205254          0.195783755714          0.197318149327          0.194072020160          0.194370751762          0.196953165986          0.195556397792          0.199022583337          0.200342147117          0.193875947768          0.194280583122          0.190904095890          0.187118706376          0.196798566495                 
        0.230583421500          0.199135727290          0.204951343478          0.198114698668          0.198117234973          0.191028851145          0.192711938315          0.195520329576          0.195612793927          0.199140488804          0.198561378154          0.196109362474          0.196202096502          0.193900105810          0.194058660699          0.196384888513          0.196261170138          0.198164642755          0.198309433558          0.195626325687          0.195667070853          0.193866530579          0.193352624715          0.197142691097          0.197413642295          0.199141511192          0.200497524028          0.193680596507          0.192578812408          0.190868796037          0.187678456927          0.196987383582                  
        0.230192603290          0.199204901419          0.206759120068          0.198296663238          0.197703808106          0.190889269644          0.191028389200          0.195364676617          0.196897669504          0.199374248277          0.199951904631          0.196217869310          0.194087941268          0.193573885747          0.193463111790          0.196359971730          0.199190230085          0.198636428254          0.197637286045          0.195509752680          0.192243466890          0.193147884886          0.196117957314          0.197603571144          0.201032060426          0.200617319406          0.193836681627          0.192384725566          0.189199486885          0.187643796463          0.197576875690                   
        0.230272634755          0.200961712940          0.206947846006          0.197882191593          0.197559578185          0.189220934271          0.190875663511          0.196647952540          0.197128422753          0.200769438394          0.200062112058          0.194103570529          0.193760903351          0.192979090349          0.193438509360          0.199290355886          0.199663438117          0.197962541166          0.197519645252          0.192088423014          0.191530018759          0.195910332018          0.196576208947          0.201224467541          0.202521289004          0.193952549635          0.192539246994          0.189008080538          0.186002594349          0.197540335189                    
        0.232303306461          0.201144968887          0.206505578144          0.197737798969          0.195829851514          0.189069553324          0.192123801133          0.196878390040          0.198500626853          0.200879968750          0.197904045261          0.193776470812          0.193155714459          0.192954497878          0.196324012849          0.199763696761          0.198976823571          0.197844661672          0.194059860744          0.191375461501          0.194263397571          0.196368080276          0.200171026471          0.202714979975          0.195791251993          0.192654327310          0.189149893694          0.185814361742          0.195812150264                     
        0.232514898635          0.200713693714          0.206354410521          0.196006726144          0.195672573163          0.190305043137          0.192349041551          0.198248616330          0.198608853633          0.198712587318          0.197570571541          0.193170700685          0.193130389433          0.195832718181          0.196790077868          0.199075735369          0.198857793573          0.194379293523          0.193339029586          0.194105859844          0.194717293718          0.199958886594          0.201652768250          0.195977839797          0.194480851633          0.189262639511          0.185953031391          0.195613979772                      
        0.232014405108          0.200566738122          0.204550952288          0.195849366440          0.196945955693          0.190528210704          0.193691399932          0.198356703083          0.196461501505          0.198377814340          0.196954416101          0.193145367204          0.196010159405          0.196297693604          0.196109909875          0.198956624158          0.195376999849          0.193657345575          0.196092382782          0.194559413688          0.198281690768          0.201439069694          0.194946227359          0.194666250611          0.191058819052          0.186063878462          0.195759936658                       
        0.231844469005          0.198814656386          0.204387636867          0.197124433343          0.197177180443          0.191858862417          0.193797776218          0.196212119037          0.196130972698          0.197760299128          0.196928898777          0.196025518152          0.196476608296          0.195619947532          0.195992628236          0.195474595999          0.194652345989          0.196415765515          0.196550776573          0.198121693555          0.199750371741          0.194739627984          0.193641972522          0.191242146890          0.187830078636          0.195876677530                        
        0.229820049504          0.198656038432          0.205726135534          0.197355845281          0.198559355431          0.191964338874          0.191706146272          0.195882021339          0.195529127307          0.197734734616          0.199866828590          0.196492041856          0.195808021812          0.195502990291          0.192564356910          0.194749661689          0.197432677786          0.196874907050          0.200154691348          0.199589275138          0.193110825382          0.193436758531          0.190244460179          0.188010386871          0.197736390298                         
        0.229636866899          0.199958016674          0.205967387790          0.198738845807          0.198669212815          0.189892904504          0.191383401296          0.195281139345          0.195504421699          0.200684680633          0.200342261643          0.195823855776          0.195691445792          0.192083051113          0.191850354357          0.197532151819          0.197894112906          0.200484404983          0.201637891847          0.192955537919          0.191818557829          0.190043015291          0.187030119171          0.197926198678                          
        0.231143373899          0.200192435382          0.207404516028          0.198848729395          0.196528331047          0.189573149502          0.190791312463          0.195256457854          0.198421682577          0.201161940942          0.199659043761          0.195707268821          0.192265206623          0.191370758896          0.194593104027          0.197993788577          0.201516453350          0.201969968030          0.194939012318          0.191664265136          0.188447960657          0.186832067460          0.196894126606                           
        0.231414274866          0.201588114052          0.207518132916          0.196705595117          0.196197089376          0.188985560772          0.190766722428          0.198169919462          0.198892659477          0.200474830741          0.199539945189          0.192280463805          0.191551236069          0.194106066783          0.195047746343          0.201617171183          0.203008575333          0.195259726964          0.193634183700          0.188295494050          0.185263402390          0.196685596075                            
        0.233026168677          0.201698411968          0.205276813066          0.196374081161          0.195582998041          0.188961150766          0.193611989122          0.198640285068          0.198204789832          0.200355204142          0.196045787702          0.191566403295          0.194281085941          0.194559581629          0.198614882514          0.203109952839          0.196259061174          0.193952778107          0.190224912910          0.185113461417          0.195033938251                             
        0.233153471139          0.199519438481          0.204931237941          0.195759968486          0.195557365202          0.191779539473          0.194072109721          0.197953134792          0.198086125636          0.196847199532          0.195318025939          0.194296136440          0.194735138719          0.198118275318          0.200085316739          0.196356619566          0.194945822940          0.190538379130          0.187009959359          0.194876112192                              
        0.230633870836          0.199183625879          0.204298211286          0.195734351567          0.198473870643          0.192235409935          0.193406010353          0.197834625358          0.194620715881          0.196116564818          0.198103053218          0.194750239529          0.198303570956          0.199585109353          0.193431643311          0.195042770586          0.191521447295          0.187318174001          0.196872804265                               
        0.230245778613          0.198569642585          0.204272091223          0.198653566243          0.198946264035          0.191576646542          0.193290560062          0.194373746798          0.193899193901          0.198913851829          0.198566096978          0.198319346881          0.199772856078          0.192948424321          0.192137468505          0.191617581987          0.188285285476          0.197197292827                                
        0.229537746233          0.198544319289          0.207319736169          0.199126328441          0.198270312324          0.191462321342          0.189908023098          0.193653146994          0.196671784849          0.199378766943          0.202204362234          0.199788778599          0.193134827355          0.191657450796          0.188765698599          0.188379843713          0.198215565774                                 
        0.229508577604          0.201506473926          0.207812275265          0.198449231608          0.198152246114          0.188111340810          0.189203395197          0.196422323344          0.197131330509          0.203031135303          0.203702253982          0.193150410323          0.191842185341          0.188293507014          0.185576203304          0.198315085557                                  
        0.232932765351          0.201985076366          0.207097719033          0.198331030458          0.194682124426          0.187413284435          0.191904490496          0.196881277304          0.200736684554          0.204535042643          0.196932647154          0.191857644267          0.188466869018          0.185111943989          0.195363396696                                   
        0.233485836077          0.201289337738          0.206973938460          0.194857933643          0.193959115043          0.190088008158          0.192352917699          0.200481902418          0.202222689434          0.197737237881          0.195614652225          0.188481624811          0.185281729754          0.194874649858                                    
        0.232679942649          0.201168985417          0.203351754110          0.194134326342          0.196722553723          0.190532212661          0.195873946692          0.201966014819          0.195497534240          0.196413904791          0.192173861188          0.185296218729          0.195053320388                                     
        0.232540750575          0.197648888996          0.202597434987          0.196900701312          0.197182356845          0.194020679064          0.197324588709          0.195249340383          0.194189556232          0.192959993583          0.188926262278          0.195068596396                                      
        0.228472295201          0.196915837147          0.205490980798          0.197360913722          0.200796633319          0.195457693581          0.190765034958          0.193943028993          0.190781929981          0.189699172769          0.198890248444                                       
        0.227625084824          0.199729206291          0.205971185725          0.200978112778          0.202284440443          0.188960685777          0.189488498188          0.190539886037          0.187558457877          0.199703913848                                        
        0.230878537253          0.200195921619          0.209741000486          0.202467204557          0.195563356176          0.187696178693          0.186159300778          0.187320506077          0.197450314352                                         
        0.231418013086          0.203859141624          0.211294119942          0.195739779179          0.194254415077          0.184397570605          0.183013543609          0.197199799445                                          
        0.235651384424          0.205368587584          0.204269370731          0.194429680095          0.190835620556          0.181281525766          0.192665567367                                           
        0.237396060077          0.198540261199          0.202902524633          0.191008240459          0.187610420827          0.190842217809                                            
        0.229502041752          0.197211802924          0.199338533620          0.187780159098          0.197504901056                                             
        0.227966485102          0.193748827353          0.195970212092          0.197683596431                                              
        0.223964870978          0.190475027630          0.206305677322                                               
        0.220180608821          0.200520664055                                                
        0.231792912169                                                 
