        0.141123604152          0.112344910985          0.114103830304          0.115340693493          0.116014374136          0.116621764742          0.116528320411          0.116445447699          0.116204442553          0.116036206377          0.115894859456          0.115828714996          0.115813722341          0.115844281328          0.115899511681          0.115964029866          0.116023112191          0.116067189824          0.116091204958          0.116094784844          0.116081215015          0.116056217559          0.116026521029          0.115998517510          0.115977194688          0.115965476336          0.115964033319          0.115971528894          0.115985191019          0.116001553895          0.116017204108          0.116029392750          0.116036424957          0.116037794977          0.116034085911          0.116026690812          0.116017433521          0.116008173640          0.116000471372          0.115995366467          0.115993295086          0.115994135427          0.115997345767          0.116002144172          0.116007680508          0.116013166076          0.116017947446          0.116021530827          0.116023575925          0.116023881534
        0.178311416261          0.136610768053          0.144181571344          0.142673975535          0.143971430803          0.143865491701          0.143791355751          0.143553036619          0.143338649071          0.143207896966          0.143152419390          0.143178406296          0.143249479661          0.143343403478          0.143430683158          0.143493886266          0.143522309296          0.143515646990          0.143480826613          0.143429977100          0.143376893520          0.143334028749          0.143310013434          0.143308298164          0.143326991901          0.143359829716          0.143397962227          0.143432128112          0.143454727076          0.143461366199          0.143451593381          0.143428720775          0.143398838639          0.143369283370          0.143346922003          0.143336633183          0.143340302934          0.143356529160          0.143381069443          0.143407906064          0.143430673054          0.143444118868          0.143445279022          0.143434104491          0.143413417329          0.143388216319          0.143364498932          0.143347870250          0.143342252899          0.143348986437
        0.174898016547          0.136576319294          0.143133922841          0.141567668315          0.142657217160          0.142483211159          0.142429476930          0.142219600326          0.142066846148          0.141982861004          0.141969617820          0.142018285802          0.142097037116          0.142183322206          0.142253056046          0.142293600324          0.142299761205          0.142275557446          0.142230811458          0.142178648861          0.142132064619          0.142101259930          0.142091758510          0.142103740809          0.142132541572          0.142170122772          0.142207128737          0.142235052189          0.142248049299          0.142244046252          0.142224951486          0.142195986799          0.142164334897          0.142137433036          0.142121298580          0.142119245692          0.142131252691          0.142154090748          0.142182158044          0.142208814295          0.142227908546          0.142235159144          0.142229084654          0.142211289020          0.142186049612          0.142159310682          0.142137314061          0.142125175039          0.142125720589          0.142138846601
        0.177315288167          0.137133947716          0.144084778608          0.142128790845          0.143281866759          0.143091690276          0.143098182943          0.142935758579          0.142826058197          0.142768528355          0.142764041855          0.142806443732          0.142867843318          0.142931825566          0.142979735543          0.143003645534          0.143001134283          0.142977040757          0.142940050752          0.142900710598          0.142868651097          0.142850697073          0.142849675607          0.142864252230          0.142889648484          0.142919029869          0.142945206862          0.142962268370          0.142966808551          0.142958515692          0.142940042054          0.142916228555          0.142892891476          0.142875459272          0.142867763455          0.142871240541          0.142884702236          0.142904699710          0.142926381453          0.142944637844          0.142955271860          0.142955935146          0.142946627350          0.142929656675          0.142909079540          0.142889751617          0.142876207377          0.142871620066          0.142877074766          0.142891317738
        0.177368566935          0.137305507832          0.144090541211          0.142096594901          0.143276210129          0.143116730208          0.143176957704          0.143050671542          0.142969762823          0.142922249647          0.142915022550          0.142943370330          0.142985363785          0.143029271975          0.143060986031          0.143075427264          0.143071331737          0.143052887203          0.143026710093          0.143000421289          0.142980558370          0.142971337595          0.142973959746          0.142986702616          0.143005620612          0.143025662358          0.143041922180          0.143050749536          0.143050489406          0.143041723161          0.143026991173          0.143010092988          0.142995145629          0.142985620070          0.142983572236          0.142989230259          0.143001012454          0.143015955931          0.143030442685          0.143041052881          0.143045348294          0.143042414708          0.143033044854          0.143019529249          0.143005107128          0.142993206595          0.142986647217          0.142986985573          0.142994154407          0.143006474511
        0.177539804534          0.137214956842          0.144035523345          0.142045595451          0.143276912209          0.143168249653          0.143268063291          0.143167122769          0.143092393657          0.143036698458          0.143010341866          0.143015289018          0.143035037350          0.143062645186          0.143086666946          0.143102650229          0.143107914064          0.143103762906          0.143093178669          0.143080223015          0.143068674943          0.143061301415          0.143059365210          0.143062593906          0.143069475038          0.143077790622          0.143085235623          0.143089980523          0.143091058759          0.143088513816          0.143083294488          0.143076943925          0.143071174469          0.143067434329          0.143066569414          0.143068652909          0.143073012393          0.143078434007          0.143083487252          0.143086886375          0.143087802960          0.143086056128          0.143082142198          0.143077097467          0.143072232157          0.143068800301          0.143067685101          0.143069178577          0.143072906978          0.143077921280
        0.177372361376          0.137104204665          0.143947531794          0.142000422577          0.143285342554          0.143213329662          0.143338198979          0.143242515214          0.143159398217          0.143084607655          0.143035154398          0.143018285450          0.143022161263          0.143042427323          0.143068209590          0.143093632343          0.143113145709          0.143124455660          0.143127027866          0.143122209666          0.143112368190          0.143100357321          0.143088897730          0.143080142530          0.143075392488          0.143075003820          0.143078466830          0.143084621071          0.143091953158          0.143098915169          0.143104207245          0.143106981271          0.143106941420          0.143104338540          0.143099872804          0.143094529851          0.143089383837          0.143085400996          0.143083275512          0.143083322192          0.143085440105          0.143089150661          0.143093698505          0.143098196238          0.143101786114          0.143103791514          0.143103833782          0.143101897949          0.143098336519          0.143093811248
        0.177213279668          0.137007585537          0.143895673949          0.142002643091          0.143325706991          0.143278437931          0.143408141842          0.143302872545          0.143199372403          0.143100193921          0.143027960354          0.142994696790          0.142991226438          0.143013710333          0.143049720065          0.143090320424          0.143126160628          0.143151254368          0.143162237947          0.143159011260          0.143144074429          0.143121853319          0.143097649004          0.143076589907          0.143062687501          0.143058176977          0.143063234293          0.143076099992          0.143093562068          0.143111686465          0.143126642503          0.143135462121          0.143136590826          0.143130134034          0.143117764549          0.143102321230          0.143087187536          0.143075578899          0.143069883533          0.143071187560          0.143079076971          0.143091751669          0.143106423150          0.143119910466          0.143129310193          0.143132603259          0.143129075966          0.143119469507          0.143105828773          0.143091079827
        0.177081332493          0.136954341412          0.143894781037          0.142039225308          0.143387559279          0.143344359196          0.143464532964          0.143338408387          0.143210429654          0.143088308028          0.142999699418          0.142959142659          0.142958016209          0.142990871820          0.143042208842          0.143099261082          0.143148967500          0.143182499285          0.143195044214          0.143186644859          0.143161391902          0.143126314560          0.143089711554          0.143059439331          0.143041397978          0.143038509435          0.143050343280          0.143073427545          0.143102146021          0.143130014951          0.143151068044          0.143161068973          0.143158316161          0.143143894480          0.143121343448          0.143095828331          0.143072999050          0.143057778866          0.143053335325          0.143060441927          0.143077356651          0.143100233634          0.143123974607          0.143143336380          0.143154059851          0.143153783171          0.143142548805          0.143122798016          0.143098853302          0.143075996320
        0.177011014055          0.136953207993          0.143932654991          0.142100524361          0.143454481126          0.143400751977          0.143500400649          0.143349196714          0.143198164438          0.143059376789          0.142963406516          0.142925172401          0.142934519332          0.142982861850          0.143050846532          0.143121947875          0.143180226971          0.143215380019          0.143222729457          0.143203917961          0.143165663972          0.143118027367          0.143072069206          0.143037563220          0.143021113775          0.143025039889          0.143047187973          0.143081659591          0.143120259987          0.143154340245          0.143176641956          0.143182768489          0.143171997686          0.143147293904          0.143114545652          0.143081212020          0.143054676900          0.143040662600          0.143042033204          0.143058231100          0.143085453858          0.143117522842          0.143147251076          0.143168015282          0.143175196478          0.143167183080          0.143145723949          0.143115555262          0.143083379759          0.143056413292
        0.177009845849          0.136988130780          0.143995819349          0.142165792039          0.143511374115          0.143435939098          0.143511160928          0.143336522385          0.143169005274          0.143022779486          0.142929190149          0.142901424573          0.142926274572          0.142991266462          0.143073304041          0.143152978360          0.143212877116          0.143242830384          0.143239761834          0.143207943602          0.143157126465          0.143100133486          0.143049942790          0.143017031445          0.143007399900          0.143021643371          0.143055181488          0.143099537186          0.143144350367          0.143179679671          0.143198106241          0.143196212983          0.143175157661          0.143140254341          0.143099685868          0.143062645612          0.143037316389          0.143029116841          0.143039579728          0.143066086949          0.143102503278          0.143140561221          0.143171693369          0.143188916201          0.143188360733          0.143170121753          0.143138243287          0.143099842104          0.143063555492          0.143037644524
        0.177056412280          0.137046295931          0.144063511130          0.142220918411          0.143547238843          0.143446178114          0.143498638036          0.143307170852          0.143132386489          0.142988465918          0.142905376395          0.142893088704          0.142934580908          0.143013612332          0.143104217112          0.143185509232          0.143240210543          0.143259750737          0.143243682076          0.143199308292          0.143139142322          0.143077922961          0.143029330246          0.143003236458          0.143003918335          0.143029545356          0.143072960194          0.143123522093          0.143169579747          0.143201032003          0.143211439644          0.143199265245          0.143168015694          0.143125298439          0.143081029423          0.143045199609          0.143025687096          0.143026578735          0.143047347095          0.143083042216          0.143125441309          0.143164897737          0.143192484861          0.143201969772          0.143191189984          0.143162535331          0.143122429838          0.143079923773          0.143044698371          0.143024913420
        0.177133293460          0.137107906901          0.144120748325          0.142254758581          0.143557749632          0.143432889777          0.143469145185          0.143270182061          0.143097878080          0.142964415909          0.142896816065          0.142901121581          0.142956604915          0.143044150679          0.143136333319          0.143212405570          0.143256691962          0.143263249721          0.143234658466          0.143180977239          0.143116626060          0.143057036957          0.143015278423          0.142999495892          0.143011541570          0.143047013050          0.143096596860          0.143148369141          0.143190525771          0.143213949812          0.143214083179          0.143191735833          0.143152703415          0.143106319853          0.143063291331          0.143033297612          0.143022880848          0.143034066843          0.143063998946          0.143105645085          0.143149410280          0.143185295575          0.143205130375          0.143204391226          0.143183210654          0.143146355461          0.143102177655          0.143060764517          0.143031689037          0.143021850718
        0.177214717907          0.137159294754          0.144156272684          0.142263511335          0.143544560475          0.143402686597          0.143431918419          0.143235279238          0.143073554222          0.142955544142          0.142904523701          0.142922766156          0.142986711244          0.143075787168          0.143162718530          0.143228364520          0.143259677596          0.143253739648          0.143215879744          0.143158056097          0.143095373004          0.143042643010          0.143011202670          0.143006771998          0.143028634689          0.143070238834          0.143120996010          0.143168837319          0.143202948756          0.143216097571          0.143206072835          0.143175969950          0.143133305199          0.143088195511          0.143051028694          0.143030143042          0.143030017092          0.143050348379          0.143086202366          0.143129181251          0.143169344926          0.143197456858          0.143207060251          0.143195928169          0.143166568516          0.143125671680          0.143082620246          0.143047386036          0.143028275302          0.143030018765
        0.177282765037          0.137190113996          0.144166091771          0.142248958976          0.143514279683          0.143364835228          0.143396709453          0.143210565985          0.143064365526          0.142962901856          0.142925784735          0.142952431571          0.143017852104          0.143101633686          0.143178114486          0.143230784665          0.143249619920          0.143234447518          0.143192488450          0.143136376246          0.143080586494          0.143038192553          0.143018102099          0.143023467802          0.143051429183          0.143094167346          0.143140957439          0.143180728073          0.143204554280          0.143207552057          0.143189794107          0.143156091629          0.143114736908          0.143075520736          0.143047482555          0.143036892613          0.143045900256          0.143072127919          0.143109281094          0.143148624224          0.143180986925          0.143198852225          0.143198062972          0.143178767559          0.143145394269          0.143105658245          0.143068819267          0.143043575041          0.143036057304          0.143048379429
        0.177323971218          0.137196889200          0.144152019292          0.142217801472          0.143476268448          0.143329151959          0.143371699767          0.143201046280          0.143071420864          0.142983829139          0.142955074159          0.142983146215          0.143043227903          0.143116529272          0.143180022097          0.143220220944          0.143229844198          0.143210606518          0.143170397190          0.143121213008          0.143075782819          0.143044746100          0.143034442009          0.143045881964          0.143074944534          0.143113681878          0.143152373802          0.143181843355          0.143195517123          0.143190794662          0.143169461563          0.143137099828          0.143101669032          0.143071605012          0.143053874018          0.143052414648          0.143067301984          0.143094802367          0.143128289461          0.143159804008          0.143181900996          0.143189367001          0.143180421560          0.143157132014          0.143124947416          0.143091454258          0.143064631595          0.143050996704          0.143054060144          0.143073445089
        0.177333768103          0.137181501463          0.144120847511          0.142179337097          0.143440390161          0.143303814267          0.143361932103          0.143207849759          0.143092095734          0.143012835326          0.142985461913          0.143008153450          0.143057721436          0.143118016391          0.143169034597          0.143200033081          0.143205614597          0.143188157561          0.143154908099          0.143116109322          0.143082050380          0.143060799229          0.143056554432          0.143069070439          0.143094102921          0.143124715175          0.143153086924          0.143172396308          0.143178354663          0.143170073189          0.143150104840          0.143123693822          0.143097438957          0.143077697652          0.143069101057          0.143073512747          0.143089653806          0.143113463130          0.143139096219          0.143160324627          0.143172011085          0.143171321127          0.143158393208          0.143136313102          0.143110396953          0.143086945064          0.143071750511          0.143068705037          0.143078826966          0.143099945340
        0.177314576407          0.137150461611          0.144082046063          0.142143311982          0.143414868509          0.143293843187          0.143368557900          0.143228353951          0.143120915265          0.143043006356          0.143010214618          0.143022361530          0.143058901668          0.143106713067          0.143148533542          0.143175503444          0.143182886683          0.143172414507          0.143149574000          0.143122163123          0.143097895544          0.143082697447          0.143079512323          0.143087975956          0.143104860387          0.143125133709          0.143143334317          0.143154926947          0.143157334564          0.143150433938          0.143136436878          0.143119222449          0.143103306483          0.143092707617          0.143089980168          0.143095634257          0.143108066236          0.143124000977          0.143139329290          0.143150134351          0.143153660406          0.143148992779          0.143137287431          0.143121494620          0.143105640379          0.143093834515          0.143089240443          0.143093254988          0.143105101870          0.143121950276
        0.177274836776          0.137112728845          0.144045551693          0.142117802995          0.143404753979          0.143300355424          0.143388959447          0.143257074063          0.143150967210          0.143067610927          0.143024246114          0.143023344030          0.143047388939          0.143085999638          0.143123796677          0.143152580334          0.143166965513          0.143166921048          0.143155484534          0.143137874358          0.143119660031          0.143105512822          0.143098260068          0.143098557816          0.143105086946          0.143115177477          0.143125656403          0.143133700758          0.143137498441          0.143136583218          0.143131798844          0.143124937879          0.143118174038          0.143113446842          0.143111956596          0.143113890012          0.143118432213          0.143124046837          0.143128939578          0.143131577568          0.143131126109          0.143127688005          0.143122282394          0.143116566947          0.143112373909          0.143111179968          0.143113650842          0.143119387473          0.143126954353          0.143134201678
        0.177226190501          0.137077645038          0.144019619565          0.142107727272          0.143411180092          0.143320697381          0.143417642941          0.143287079454          0.143175510200          0.143081554101          0.143025122923          0.143011712873          0.143026552499          0.143061139704          0.143100755534          0.143136550355          0.143161375631          0.143172747971          0.143171122019          0.143159569136          0.143142402805          0.143124179134          0.143108748275          0.143098678189          0.143095014357          0.143097377169          0.143104306759          0.143113745108          0.143123536353          0.143131844641          0.143137424958          0.143139725165          0.143138837640          0.143135346731          0.143130129614          0.143124163379          0.143118374306          0.143113543403          0.143110262325          0.143108920494          0.143109701096          0.143112569676          0.143117251514          0.143123208468          0.143129637165          0.143135514203          0.143139707836          0.143141159543          0.143139116053          0.143133368694
        0.177180793259          0.137052918630          0.144009299382          0.142114121835          0.143431497543          0.143349345574          0.143447661128          0.143311608909          0.143189433967          0.143082388439          0.143013442364          0.142990820476          0.143001635972          0.143038042306          0.143084672599          0.143130913457          0.143167163663          0.143188354641          0.143192791398          0.143182287418          0.143161040816          0.143134631880          0.143108824829          0.143088554269          0.143077157424          0.143075968502          0.143084292763          0.143099728274          0.143118749001          0.143137429221          0.143152177615          0.143160358950          0.143160709116          0.143153488953          0.143140366719          0.143124062141          0.143107820590          0.143094810488          0.143087546726          0.143087437042          0.143094527346          0.143107488878          0.143123850136          0.143140435891          0.143153940952          0.143161542975          0.143161450081          0.143153286413          0.143138241197          0.143118941824
        0.177148696368          0.137043203660          0.144015696811          0.142134290047          0.143460176176          0.143379331907          0.143472232147          0.143325533640          0.143190273855          0.143070695457          0.142992539010          0.142965890318          0.142978525515          0.143021945430          0.143079022652          0.143136691371          0.143182764974          0.143210023364          0.143215511694          0.143200927046          0.143171492071          0.143134702456          0.143098690531          0.143070683593          0.143055733017          0.143055938139          0.143070260300          0.143094927425          0.143124323431          0.143152175681          0.143172808726          0.143182229753          0.143178850489          0.143163722941          0.143140258769          0.143113497855          0.143089073895          0.143072079082          0.143066046815          0.143072247589          0.143089432966          0.143114077194          0.143141071138          0.143164736825          0.143179969057          0.143183284604          0.143173574192          0.143152405160          0.143123803933          0.143093543270
        0.177135996129          0.137049419954          0.144036115522          0.142162703232          0.143490233434          0.143403863640          0.143486207322          0.143326375010          0.143178596139          0.143049795333          0.142967618918          0.142942788908          0.142962437361          0.143016301400          0.143084805123          0.143152297989          0.143204441541          0.143232754196          0.143234163247          0.143211389901          0.143171572819          0.143124576793          0.143080827463          0.143049266283          0.143035709406          0.143041912030          0.143065465513          0.143100508124          0.143139077090          0.143172815413          0.143194689460          0.143200381631          0.143189094587          0.143163623998          0.143129702249          0.143094758018          0.143066348912          0.143050585484          0.143050863700          0.143067159705          0.143096028256          0.143131306109          0.143165381233          0.143190775163          0.143201721252          0.143195418615          0.143172701448          0.143137974944          0.143098411523          0.143062547588
        0.177143944312          0.137068904430          0.144064968310          0.142192418507          0.143514857745          0.143417789519          0.143487091862          0.143314690826          0.143157709696          0.143024882878          0.142944534035          0.142926716089          0.142956806205          0.143022092086          0.143100417026          0.143173979392          0.143227178583          0.143251413731          0.143244635267          0.143211480432          0.143161457592          0.143106725280          0.143059423094          0.143029256572          0.143021697100          0.143037129822          0.143071056983          0.143115270943          0.143159725081          0.143194704229          0.143212849631          0.143210634302          0.143189004540          0.143153076967          0.143110972940          0.143072044905          0.143044868356          0.143035415877          0.143045788858          0.143073766874          0.143113267721          0.143155625729          0.143191428506          0.143212535950          0.143213863534          0.143194553882          0.143158279392          0.143112591612          0.143067426597          0.143033050754
        0.177169136890          0.137096286063          0.144095215123          0.142216685394          0.143528878613          0.143418618077          0.143475433377          0.143293787168          0.143132802997          0.143001802826          0.142928473941          0.142921095019          0.142962602022          0.143037703232          0.143122094091          0.143196711347          0.143245834049          0.143261883286          0.143244724976          0.143201366345          0.143143609843          0.143085327759          0.143039422884          0.143015254934          0.143016924702          0.143042728546          0.143085823779          0.143135919981          0.143181613002          0.143212862644          0.143223100576          0.143210543297          0.143178458089          0.143134350559          0.143088265552          0.143050572721          0.143029708731          0.143030350997          0.143052404343          0.143091011991          0.143137590170          0.143181673525          0.143213188289          0.143224676456          0.143212996982          0.143180130856          0.143132897052          0.143081610664          0.143037937093          0.143012370997
        0.177204642919          0.137124854122          0.144119995423          0.142230396996          0.143529788267          0.143406903130          0.143454534340          0.143268854357          0.143109719167          0.142985741472          0.142922856207          0.142926889468          0.142978204758          0.143059365667          0.143144808060          0.143215348397          0.143256286317          0.143261957546          0.143234597844          0.143183508855          0.143122206726          0.143065326103          0.143025422619          0.143010484328          0.143022523065          0.143057491087          0.143106464254          0.143157795777          0.143199757076          0.143223098439          0.143222994888          0.143199983838          0.143159721511          0.143111636716          0.143066790782          0.143035413473          0.143024645319          0.143036966786          0.143069646747          0.143115327835          0.143163627653          0.143203420185          0.143225314021          0.143223794676          0.143198559547          0.143154736347          0.143101907544          0.143052116982          0.143017257110          0.143006378301
        0.177241775641          0.137148104435          0.144134105087          0.142231095004          0.143518129674          0.143385953580          0.143429587459          0.143245740395          0.143093646569          0.142980116309          0.142928643266          0.142942478080          0.142999844877          0.143082051670          0.143163414639          0.143225770346          0.143256331648          0.143251803681          0.143216716798          0.143162086550          0.143102190888          0.143051315953          0.143020644222          0.143016074008          0.143037273416          0.143078114521          0.143128318304          0.143175914605          0.143209965741          0.143222965336          0.143212409231          0.143181223721          0.143136988035          0.143090146854          0.143051620538          0.143030341496          0.143031252492          0.143054198056          0.143093947305          0.143141345478          0.143185350591          0.143215519578          0.143224404727          0.143209330042          0.143173139754          0.143123725103          0.143072396900          0.143031424952          0.143011255885          0.143018006541
        0.177272097373          0.137161132939          0.144135021817          0.142219346439          0.143497207498          0.143360966789          0.143406447456          0.143229639631          0.143088006870          0.142985891764          0.142944215645          0.142964093790          0.143022498307          0.143100621276          0.143173798219          0.143225777977          0.143246141651          0.143233888995          0.143195264636          0.143142045854          0.143088161032          0.143046521501          0.143026218645          0.143030806771          0.143057874718          0.143099941237          0.143146405352          0.143186088584          0.143209796759          0.143212344233          0.143193615663          0.143158460261          0.143115472740          0.143074955894          0.143046531437          0.143036932855          0.143048466523          0.143078477696          0.143119939276          0.143163038204          0.143197416350          0.143214574715          0.143209904142          0.143183875535          0.143142096750          0.143094187208          0.143051682893          0.143025406332          0.143022869010          0.143046287554
        0.177289229210          0.137161597466          0.144123293287          0.142198450580          0.143472221312          0.143337799326          0.143390317487          0.143223979047          0.143093769128          0.143001451229          0.142965810065          0.142986717265          0.143041030944          0.143110965062          0.143173765663          0.143215548688          0.143228189220          0.143212401739          0.143175192985          0.143127990178          0.143083345410          0.143052077206          0.143040931990          0.143051385123          0.143079673471          0.143117995420          0.143156542799          0.143185881051          0.143199136700          0.143193512817          0.143170816959          0.143136913674          0.143100255177          0.143069844472          0.143053103029          0.143054127055          0.143072723668          0.143104442822          0.143141600458          0.143175068508          0.143196433495          0.143200035101          0.143184411069          0.143152796033          0.143112526085          0.143073445409          0.143045641557          0.143037000266          0.143051131412          0.143086160019
        0.177290103157          0.137150073686          0.144102244840          0.142173575440          0.143449034976          0.143321653296          0.143384633077          0.143229730993          0.143109320404          0.143023034111          0.142988411555          0.143005219848          0.143051339622          0.143110896074          0.143163500160          0.143197560784          0.143206667833          0.143192298639          0.143161110089          0.143123152149          0.143088882365          0.143066772795          0.143061490529          0.143073159840          0.143097698786          0.143128099940          0.143156299734          0.143175184362          0.143180268912          0.143170679322          0.143149238523          0.143121668319          0.143095120316          0.143076396010          0.143070278417          0.143078364021          0.143098665139          0.143126075962          0.143153598688          0.143174050704          0.143181857432          0.143174505395          0.143153296089          0.143123192553          0.143091755603          0.143067380300          0.143057215982          0.143065245160          0.143090985187          0.143129166191
        0.177275430054          0.137129766355          0.144077106822          0.142150536270          0.143432860796          0.143315960935          0.143390372885          0.143245283115          0.143130901913          0.143045627221          0.143006895273          0.143015503162          0.143051242523          0.143100602217          0.143145484205          0.143176011619          0.143186538000          0.143178191649          0.143156252042          0.143128673210          0.143103564445          0.143087317398          0.143083248314          0.143091163943          0.143107778029          0.143127828701          0.143145573344          0.143156286508          0.143157406013          0.143149073276          0.143133968550          0.143116512650          0.143101654687          0.143093556453          0.143094500375          0.143104288156          0.143120277243          0.143138049351          0.143152553109          0.143159445161          0.143156297669          0.143143360789          0.143123664565          0.143102396986          0.143085669557          0.143078938145          0.143085447302          0.143105085674          0.143133975480          0.143164970200
        0.177249331831          0.137105672599          0.144053776706          0.142134492158          0.143427141660          0.143321696499          0.143405927382          0.143266874539          0.143153500137          0.143064106294          0.143017165363          0.143015388562          0.143040930559          0.143082568369          0.143123917030          0.143155863432          0.143172413449          0.143173318624          0.143161761853          0.143143347224          0.143124102043          0.143109066630          0.143101240507          0.143101227556          0.143107488257          0.143117082099          0.143126654611          0.143133402776          0.143135779907          0.143133785004          0.143128797382          0.143123034812          0.143118805618          0.143117769909          0.143120414886          0.143125887864          0.143132234927          0.143136985311          0.143137927429          0.143133864579          0.143125132274          0.143113709196          0.143102850660          0.143096295579          0.143097215854          0.143107161338          0.143125281207          0.143148068135          0.143169768221          0.143183482014
        0.177218262411          0.137083402523          0.144037496089          0.142128840852          0.143432860647          0.143337246181          0.143427534712          0.143289487647          0.143171988663          0.143074374930          0.143017044104          0.143005068078          0.143022889123          0.143060993607          0.143103760384          0.143141729530          0.143167531771          0.143178822322          0.143176432985          0.143163884077          0.143145850425          0.143127055782          0.143111297981          0.143100928960          0.143096731223          0.143098152271          0.143103759604          0.143111765496          0.143120481102          0.143128604864          0.143135313012          0.143140181813          0.143143016818          0.143143682111          0.143142010523          0.143137838836          0.143131161760          0.143122349015          0.143112335685          0.143102688003          0.143095469733          0.143092885043          0.143096740666          0.143107836062          0.143125436429          0.143146994864          0.143168263316          0.143183858184          0.143188273884          0.143177179757
        0.177189482531          0.137067923258          0.144031727069          0.142134538469          0.143448409302          0.143358845005          0.143450173018          0.143307991004          0.143182267886          0.143074254116          0.143006722931          0.142987026224          0.143001315523          0.143040837371          0.143089625178          0.143136845371          0.143173033810          0.143193494295          0.143196973300          0.143185637043          0.143163843221          0.143137114623          0.143110998445          0.143090169578          0.143077798601          0.143075254437          0.143082119385          0.143096463622          0.143115298263          0.143135119079          0.143152460588          0.143164395431          0.143168932160          0.143165280076          0.143153961926          0.143136764109          0.143116522676          0.143096754202          0.143081156256          0.143073022778          0.143074642955          0.143086772895          0.143108280466          0.143136058365          0.143165274054          0.143189982022          0.143204057166          0.143202364802          0.143181969914          0.143143283548
        0.177169432968          0.137062496066          0.144037458568          0.142149973140          0.143470023777          0.143381469776          0.143468704635          0.143318280321          0.143182155498          0.143063933762          0.142988684660          0.142965457902          0.142981165835          0.143026706914          0.143084743401          0.143142348707          0.143187708217          0.143214039464          0.143218733063          0.143203636895          0.143173907785          0.143136818989          0.143100241796          0.143071239536          0.143054903709          0.143053617278          0.143066820162          0.143091282915          0.143121814694          0.143152269883          0.143176678952          0.143190316624          0.143190535934          0.143177236118          0.143152890299          0.143122127147          0.143090929977          0.143065577491          0.143051494215          0.143052199083          0.143068533529          0.143098315591          0.143136506911          0.143175902069          0.143208268704          0.143225783065          0.143222568851          0.143196063258          0.143148074936          0.143085106111
        0.177162355525          0.137068024276          0.144053074247          0.142171400869          0.143492677995          0.143399983376          0.143479018669          0.143318170033          0.143171838929          0.143045895426          0.142967121945          0.142945315975          0.142967043293          0.143021830228          0.143090249209          0.143157024977          0.143208256792          0.143235804871          0.143236739806          0.143213708004          0.143173617440          0.143126066684          0.143081316177          0.143048349893          0.143033272473          0.143038323805          0.143061644278          0.143097803262          0.143138969297          0.143176492840          0.143202605800          0.143211926514          0.143202497562          0.143176168975          0.143138257039          0.143096538324          0.143059758128          0.143035921297          0.143030676556          0.143046094995          0.143080080715          0.143126546479          0.143176356103          0.143218903580          0.143244076993          0.143244300632          0.143216270721          0.143162169956          0.143089899864          0.143012742343
        0.177169444485          0.137082935597          0.144074791159          0.142193833070          0.143511228974          0.143410276965          0.143478924171          0.143307846468          0.143153798715          0.143024331124          0.142946985441          0.142931200456          0.142962172186          0.143027338085          0.143104925161          0.143177573384          0.143230023926          0.143253815243          0.143246815140          0.143213421264          0.143162867989          0.143107144079          0.143058430725          0.143026724196          0.143017985010          0.143033153149          0.143068168372          0.143114960455          0.143163194670          0.143202422737          0.143224219386          0.143223891804          0.143201433385          0.143161538037          0.143112670746          0.143065370229          0.143030107228          0.143015109733          0.143024578054          0.143057646358          0.143108314576          0.143166398537          0.143219361349          0.143254716323          0.143262598386          0.143238004228          0.143182376958          0.143103994153          0.143017537981          0.142941762410
        0.177188689278          0.137103605947          0.144097557597          0.142212172444          0.143521560623          0.143410162446          0.143468604515          0.143289791396          0.143132227516          0.143004191617          0.142932873466          0.142926333100          0.142967680697          0.143042010992          0.143125468885          0.143199336824          0.143248032654          0.143263890334          0.143246528220          0.143202671087          0.143143944727          0.143084259238          0.143036807546          0.143011440578          0.143012818048          0.143039679418          0.143085325851          0.143139184934          0.143189123585          0.143224035850          0.143236184484          0.143222827101          0.143186801382          0.143135950782          0.143081502918          0.143035721543          0.143009299419          0.143009015101          0.143036131873          0.143085880684          0.143148165818          0.143209402981          0.143255173962          0.143273237570          0.143256300306          0.143204106421          0.143124195835          0.143031628515          0.142946558446          0.142892235835
        0.177215418618          0.137125217590          0.144116204257          0.142222345753          0.143521477945          0.143399825992          0.143450541545          0.143268200693          0.143112078181          0.142990075972          0.142928006872          0.142931840712          0.142982348331          0.143062546193          0.143147223211          0.143217338121          0.143258102208          0.143263598655          0.143235773007          0.143183742645          0.143121055738          0.143062634060          0.143021524061          0.143006274544          0.143019344228          0.143056834652          0.143109546068          0.143165108629          0.143210731564          0.143235996194          0.143235115000          0.143208189899          0.143161208838          0.143104778654          0.143051852001          0.143014913691          0.143003205735          0.143020568976          0.143064363999          0.143125727494          0.143191164820          0.143245210412          0.143273690413          0.143266933885          0.143222394722          0.143145915452          0.143051820580          0.142960642776          0.142897030579          0.142883781697
        0.177243408015          0.137142855185          0.144126593728          0.142222188002          0.143511162083          0.143381751436          0.143428934074          0.143248031580          0.143097952707          0.142985206144          0.142933512428          0.142946502746          0.143002872991          0.143084287718          0.143165212234          0.143227397426          0.143257801681          0.143252834712          0.143216835472          0.143160845072          0.143099423922          0.143047346563          0.143016355822          0.143012798420          0.143036495267          0.143081048165          0.143135461255          0.143186707549          0.143222683107          0.143234918118          0.143220468957          0.143182588237          0.143130028158          0.143075121035          0.143031039996          0.143008817738          0.143014757358          0.143048796896          0.143104203836          0.143168717525          0.143226962844          0.143263717960          0.143267377773          0.143233017774          0.143164190812          0.143073526173          0.142980822925          0.142911108034          0.142888574026          0.142934962825
        0.177266297019          0.137152597282          0.144126519094          0.142211890700          0.143493094718          0.143360138284          0.143408744327          0.143233890535          0.143093076035          0.142990709985          0.142948170275          0.142967018253          0.143024600727          0.143102262017          0.143175258251          0.143227085493          0.143247026965          0.143233885958          0.143193926514          0.143139203159          0.143084128950          0.143042173447          0.143022875839          0.143029944457          0.143060701238          0.143106953350          0.143157048886          0.143198647726          0.143221594001          0.143220261028          0.143194855886          0.143151396230          0.143100360535          0.143054301534          0.143024939105          0.143020365510          0.143042980271          0.143088628954          0.143147183342          0.143204503745          0.143245458891          0.143257394413          0.143233450097          0.143174800115          0.143091785735          0.143002513233          0.142931277199          0.142902646331          0.142939752860          0.143054840840
        0.177279002465          0.137152366902          0.144116161186          0.142193924133          0.143471476346          0.143339948027          0.143394584583          0.143229006012          0.143098578268          0.143005368347          0.142968680607          0.142988735243          0.143042560784          0.143112294215          0.143174934395          0.143216300099          0.143228067265          0.143210965272          0.143172273170          0.143123898796          0.143078949360          0.143048689051          0.143040017402          0.143054143877          0.143086597092          0.143128529655          0.143168977152          0.143197547029          0.143206925573          0.143194636342          0.143163651942          0.143121717283          0.143079531755          0.143048194186          0.143036482483          0.143048583986          0.143082805653          0.143131598695          0.143182957692          0.143222987720          0.143239124254          0.143223456042          0.143175220359          0.143102380539          0.143020757288          0.142952954829          0.142922808987          0.142953824646          0.143059629819          0.143240935848
        0.177278821556          0.137142361051          0.144098012622          0.142172458601          0.143451272168          0.143325791027          0.143389688495          0.143234509833          0.143113241174          0.143025881518          0.142990392692          0.143006685218          0.143052581131          0.143111960005          0.143164140415          0.143197332040          0.143205137125          0.143189301682          0.143156959515          0.143118712526          0.143085461035          0.143065827805          0.143064212822          0.143080033058          0.143108164194          0.143140447520          0.143167866177          0.143182868827          0.143181291107          0.143163422108          0.143133962602          0.143100879361          0.143073417856          0.143059733714          0.143064698247          0.143088405387          0.143125768469          0.143167363376          0.143201431079          0.143216643489          0.143205177640          0.143165217898          0.143102790305          0.143031339508          0.142971187236          0.142944480323          0.142973988972          0.143073707558          0.143245726569          0.143479939044
        0.177265991108          0.137124972973          0.144076293316          0.142152417513          0.143437097953          0.143320898377          0.143395191257          0.143249183292          0.143133764380          0.143047598190          0.143008339090          0.143016698153          0.143052239672          0.143101160796          0.143145168178          0.143174396771          0.143183466765          0.143173980827          0.143151767722          0.143125221547          0.143102599269          0.143090022669          0.143090099329          0.143101594718          0.143120074798          0.143139329028          0.143153181109          0.143157227895          0.143150070004          0.143133725266          0.143113117480          0.143094760152          0.143084954908          0.143087949124          0.143104519237          0.143131365481          0.143161527387          0.143185829282          0.143195079960          0.143182691959          0.143146935788          0.143092783078          0.143031742002          0.142981761232          0.142962708043          0.142995663927          0.143093883775          0.143259818210          0.143484733571          0.143687879872
        0.177243590727          0.137104231762          0.144055991836          0.142138373047          0.143432190564          0.143326402733          0.143409874928          0.143269723446          0.143155494479          0.143065549806          0.143018350403          0.143016353253          0.143041438877          0.143082188825          0.143122233067          0.143152724564          0.143168142319          0.143168785695          0.143158275719          0.143142361480          0.143126796998          0.143115910870          0.143111660065          0.143113502080          0.143118952276          0.143124640538          0.143127537594          0.143126004212          0.143120369755          0.143112876167          0.143106995155          0.143106296493          0.143113172285          0.143127773229          0.143147481149          0.143167123310          0.143179989780          0.143179474484          0.143161126829          0.143124450918          0.143074502191          0.143021733906          0.142982160444          0.142973279863          0.143013896383          0.143115573980          0.143280017370          0.143498845276          0.143692680592          0.143841734355
        0.177216820989          0.137084887919          0.144041746006          0.142133526764          0.143437687446          0.143341084281          0.143430434581          0.143291472810          0.143173459882          0.143075565597          0.143018005939          0.143005553323          0.143022470683          0.143059258502          0.143100564201          0.143137400792          0.143162946528          0.143175294161          0.143175418824          0.143166564546          0.143152690559          0.143137474924          0.143123568180          0.143112378917          0.143104263474          0.143098997884          0.143096315387          0.143096304834          0.143099520381          0.143106753301          0.143118532443          0.143134517480          0.143153002084          0.143170740749          0.143183242264          0.143185586126          0.143173634268          0.143145522242          0.143102889813          0.143052023349          0.143003458109          0.142972154346          0.142973679670          0.143024472857          0.143133821563          0.143301734285          0.143519076140          0.143706813100          0.143846538044          0.143460133925
        0.177191822471          0.137071348212          0.144036808569          0.142138997230          0.143452371542          0.143361637333          0.143452208481          0.143309455139          0.143183486602          0.143075223613          0.143007208113          0.142986589638          0.142999547939          0.143037596894          0.143085245048          0.143132206880          0.143169456408          0.143192440684          0.143199628026          0.143192465504          0.143174260935          0.143149386913          0.143122446951          0.143097691864          0.143078623839          0.143067779974          0.143066620309          0.143075458497          0.143093399323          0.143118292665          0.143146757560          0.143174353951          0.143195977362          0.143206508254          0.143201708576          0.143179232007          0.143139684027          0.143087290402          0.143030470754          0.142980988478          0.142953884943          0.142963676545          0.143024876007          0.143144409497          0.143320006136          0.143540829082          0.143727074106          0.143860685119          0.143464929631          0.142711574687
        0.177174298363          0.137066693534          0.144042323255          0.142153569263          0.143472937349          0.143383400666          0.143470214891          0.143319492292          0.143183150084          0.143064425477          0.142988247463          0.142963673576          0.142977895291          0.143022284861          0.143080054878          0.143138718349          0.143186605212          0.143216654822          0.143225536214          0.143214043273          0.143186178420          0.143148268903          0.143107762261          0.143072055633          0.143047411133          0.143038090961          0.143045779174          0.143069340858          0.143104941123          0.143146521175          0.143186599821          0.143217336990          0.143231752427          0.143224979672          0.143195356737          0.143145283344          0.143081456231          0.143014879447          0.142959446443          0.142931424244          0.142945411596          0.143014873990          0.143144817692          0.143330610186          0.143559132936          0.143748859220          0.143880968655          0.143479044802          0.142716342385          0.139344996085
        0.177168243019          0.137071993621          0.144057068422          0.142173959567          0.143494721323          0.143401394168          0.143480270233          0.143319157027          0.143172350623          0.143045461636          0.142965334499          0.142942027875          0.142962590900          0.143017099156          0.143086567369          0.143155867178          0.143210821251          0.143242567799          0.143247120237          0.143225966089          0.143185063486          0.143133585754          0.143082128043          0.143040846937          0.143017727886          0.143017255582          0.143039665524          0.143080884669          0.143133171240          0.143186366694          0.143229588487          0.143253118636          0.143250228850          0.143218629744          0.143161407948          0.143087056541          0.143009050235          0.142943863998          0.142909891289          0.142922955668          0.142996607575          0.143134813054          0.143331022472          0.143569757500          0.143767189561          0.143902778877          0.143499278679          0.142730382876          0.139349661386          0.134915377475
        0.177175053334          0.137086067313          0.144077724238          0.142195542077          0.143512739167          0.143411436557          0.143479943186          0.143308349066          0.143153378983          0.143022543282          0.142943691175          0.142926728795          0.142957409186          0.143023611647          0.143103713438          0.143180080953          0.143236734760          0.143264154940          0.143259046528          0.143224852859          0.143170380001          0.143107950850          0.143050920412          0.143011167195          0.142996897122          0.143011145398          0.143051210338          0.143109114061          0.143173016467          0.143229357227          0.143265373854          0.143271598378          0.143243879459          0.143184678425          0.143103178028          0.143014650441          0.142938039350          0.142894315709          0.142901426658          0.142974147959          0.143116536927          0.143321008784          0.143570173942          0.143777828529          0.143921130998          0.143521031965          0.142750512229          0.139363380094          0.134919884302 
        0.177193215800          0.137105740715          0.144099606350          0.142213376648          0.143522804598          0.143411098883          0.143469131722          0.143289360888          0.143130448291          0.143000893683          0.142928393231          0.142921549297          0.142963920602          0.143040752600          0.143127920662          0.143205989902          0.143258320534          0.143276081612          0.143257932859          0.143210166760          0.143144741229          0.143076740394          0.143021240531          0.142990338513          0.142990788985          0.143022689979          0.143079436784          0.143148955328          0.143216004389          0.143265142270          0.143283854114          0.143265247612          0.143209923249          0.143126441345          0.143030766131          0.142943638278          0.142888493911          0.142885853329          0.142952614026          0.143094062833          0.143302712422          0.143560146928          0.143778243638          0.143931783308          0.143539332264          0.142772154849          0.139383039914          0.134933159368  
        0.177218637536          0.137126548180          0.144117707847          0.142223317643          0.143522484060          0.143400280954          0.143450129345          0.143266409272          0.143108784947          0.142985590222          0.142923213467          0.142928059146          0.142981055254          0.143064950270          0.143153820322          0.143227569514          0.143270243956          0.143274965200          0.143243242206          0.143184521426          0.143113524186          0.143047056272          0.143000410632          0.142984230500          0.143002332261          0.143050912019          0.143119271269          0.143191936539          0.143251784833          0.143283619822          0.143277500070          0.143231284912          0.143151676153          0.143054018786          0.142959746730          0.142894090842          0.142880031670          0.142937035919          0.143072513217          0.143280211540          0.143541822680          0.143768199469          0.143932200160          0.143549949315          0.142790363659          0.139404170963          0.134952191860   
        0.177245550615          0.137143725063          0.144127823109          0.142222959146          0.143511674231          0.143381277104          0.143427156440          0.143244725407          0.143093469938          0.142980407266          0.142929721849          0.142945188668          0.143005242531          0.143090837796          0.143175389769          0.143239486367          0.143269122920          0.143260269023          0.143217588980          0.143153295247          0.143083832338          0.143026221902          0.142994300786          0.142995771886          0.143030549666          0.143090738536          0.143162243087          0.143227708904          0.143270256786          0.143277261103          0.143243530543          0.143173026968          0.143079240177          0.142982987537          0.142910192770          0.142885626723          0.142931211056          0.143056922204          0.143258634864          0.143519285710          0.143749845772          0.143922145627          0.143550355295          0.142800929678          0.139421942268          0.134972655200    
        0.177267794752          0.137153276647          0.144127506876          0.142212205835          0.143492668511          0.143358307319          0.143405449567          0.143229395128          0.143088280848          0.142986915865          0.142946849185          0.142969368335          0.143031117761          0.143112395134          0.143187297785          0.143238359718          0.143254421584          0.143234608485          0.143186353173          0.143123593777          0.143062991096          0.143020108700          0.143005840367          0.143023985815          0.143070369076          0.143133700426          0.143198005538          0.143246173370          0.143263892835          0.143243285822          0.143185263269          0.143100577717          0.143008194989          0.142933423919          0.142901725314          0.142936805582          0.143051090672          0.143243023043          0.143497673145          0.143727273448          0.143903771733          0.143540316592          0.142801337468          0.139432245172          0.134989871709     
        0.177280199689          0.137152888724          0.144116654443          0.142193337237          0.143469688340          0.143336606622          0.143390100467          0.143224199801          0.143094790746          0.143004047120          0.142971026571          0.142995235159          0.143052663634          0.143124293799          0.143186165610          0.143223654877          0.143228756279          0.143203364976          0.143156642416          0.143102744760          0.143056873796          0.143031647189          0.143034053144          0.143063800945          0.143113322905          0.143169453268          0.143216462062          0.143239804567          0.143229914050          0.143185012831          0.143112803891          0.143029519615          0.142958620738          0.142924952539          0.142952906794          0.143056686850          0.143237182200          0.143482034182          0.143705627472          0.143881173928          0.143521981378          0.142791353984          0.139432625905          0.134999861728      
        0.177279763957          0.137142476662          0.144097568565          0.142170541788          0.143447972211          0.143321264450          0.143384895558          0.143230714301          0.143111931021          0.143028231498          0.142996891616          0.143016773737          0.143064554307          0.143123157218          0.143171459798          0.143197988798          0.143197509187          0.143173647631          0.143135786544          0.143096623566          0.143068412319          0.143059861755          0.143073868202          0.143106750663          0.143149068600          0.143187902949          0.143210089586          0.143205825137          0.143171640234          0.143112548845          0.143041736889          0.142979936187          0.142950145816          0.142976139465          0.143072798195          0.143242783281          0.143476181680          0.143689964600          0.143859503009          0.143499435839          0.142773115804          0.139422859944          0.135000246970       
        0.177266366920          0.137124245692          0.144074488793          0.142149013055          0.143432614203          0.143316064722          0.143391412697          0.143247869354          0.143136130534          0.143054105157          0.143018429351          0.143028659915          0.143063415129          0.143108453019          0.143145797439          0.143166743556          0.143167789898          0.143152787564          0.143129662562          0.143108163303          0.143096631459          0.143099681350          0.143116819009          0.143142493357          0.143167513863          0.143181528445          0.143176112222          0.143147555483          0.143099178287          0.143041479105          0.142992147894          0.142971458956          0.143001339931          0.143096047584          0.143258913202          0.143481789903          0.143684103260          0.143843821522          0.143477818111          0.142750687725          0.139405036476          0.134990807214        
        0.177242849161          0.137102240088          0.144052676519          0.142133798386          0.143427402930          0.143322583225          0.143408582740          0.143272090743          0.143162022239          0.143075651151          0.143030315797          0.143027520119          0.143048714434          0.143082797934          0.143114559538          0.143137027902          0.143146929557          0.143146662558          0.143141204357          0.143136388835          0.143136459431          0.143142638507          0.143152563653          0.143160937444          0.143161139017          0.143147554960          0.143117850540          0.143075101771          0.143028112734          0.142991889525          0.142983670131          0.143022660389          0.143121267762          0.143282191056          0.143497944802          0.143689719985          0.143837952336          0.143462177528          0.142729181314          0.139383126758          0.134973562704         
        0.177214431762          0.137081470594          0.144037248414          0.142128648667          0.143433917801          0.143339749705          0.143432828617          0.143298006532          0.143183585069          0.143087543458          0.143029177270          0.143012822890          0.143023068221          0.143051571172          0.143084852767          0.143116171602          0.143140805567          0.143158206602          0.143169436490          0.143176227173          0.143179426958          0.143178389737          0.143171009922          0.143154563571          0.143127169781          0.143089302824          0.143045409246          0.143004046464          0.142978527803          0.142983413130          0.143034877238          0.143142606413          0.143307443304          0.143521260292          0.143705899094          0.143843574043          0.143456326249          0.142713620037          0.139362122981          0.134952356746          
        0.177187589624          0.137066803765          0.144032010227          0.142135123650          0.143451090235          0.143363987256          0.143458773110          0.143319590003          0.143195488914          0.143086406787          0.143014481965          0.142987183476          0.142991853627          0.143021876530          0.143064004257          0.143110050484          0.143152351254          0.143186443650          0.143209284582          0.143219206727          0.143215187981          0.143196840935          0.143164637680          0.143120597328          0.143068925975          0.143016874959          0.142974367871          0.142954470453          0.142970054371          0.143034622783          0.143154835527          0.143328810196          0.143546554477          0.143729249217          0.143859770109          0.143461937230          0.142707796766          0.139346929979          0.134932022265           
        0.177168616015          0.137061853085          0.144038549010          0.142152158394          0.143475342612          0.143389920088          0.143480382932          0.143331505900          0.143194355412          0.143071708592          0.142988844648          0.142955977456          0.142962171451          0.143001037808          0.143057887278          0.143121596514          0.143180589804          0.143226298113          0.143252274792          0.143254978448          0.143233645616          0.143190470212          0.143130671793          0.143062357955          0.142996508912          0.142945847802          0.142924803041          0.142946000915          0.143021262633          0.143154584166          0.143341056817          0.143567957873          0.143754580596          0.143883145517          0.143478094866          0.142713376333          0.139341249785          0.134917308807            
        0.177162188406          0.137068117123          0.144055792304          0.142176202298          0.143501296184          0.143411517303          0.143492316468          0.143330372449          0.143179650780          0.143046064028          0.142957640404          0.142926303572          0.142941342220          0.142994925269          0.143069431972          0.143149832132          0.143220444963          0.143269294571          0.143288055386          0.143273442407          0.143227275629          0.143156501308          0.143072431076          0.142989945824          0.142925492576          0.142896293776          0.142916337465          0.142997203985          0.143141216720          0.143340807502          0.143580226645          0.143776014989          0.143908504803          0.143501411672          0.142729448391          0.139346705718          0.134911802359             
        0.177170252863          0.137084562726          0.144080147583          0.142201921736          0.143522915516          0.143423440065          0.143491187319          0.143315655087          0.143153991203          0.143014849697          0.142927967596          0.142905480255          0.142935233410          0.143006467142          0.143097660222          0.143189681212          0.143263440918          0.143305079650          0.143306523877          0.143267071975          0.143193300509          0.143098252943          0.143000015977          0.142918933802          0.142875946286          0.142887831364          0.142967532665          0.143117141604          0.143327425309          0.143579979131          0.143788300864          0.143929963204          0.143526704844          0.142752643406          0.139362406331          0.134917076880              
        0.177191483270          0.137107760457          0.144106213158          0.142223334823          0.143534856722          0.143422304461          0.143476459234          0.143289972205          0.143122756507          0.142985166341          0.142907144474          0.142899373319          0.142946771647          0.143034685054          0.143137496891          0.143232669009          0.143299224280          0.143323549505          0.143300151786          0.143233088564          0.143135039283          0.143025826770          0.142929000007          0.142869390051          0.142867485552          0.142939017921          0.143087448191          0.143303321254          0.143566576873          0.143788051728          0.143942263302          0.143548104690          0.142777805645          0.139385059227          0.134932271607               
        0.177221454412          0.137132563306          0.144127927521          0.142235147576          0.143533731543          0.143407575784          0.143450752445          0.143258708512          0.143093052247          0.142964334944          0.142901036900          0.142910908572          0.142974978621          0.143074505496          0.143180469690          0.143268443966          0.143317691556          0.143317174876          0.143266159898          0.143174811877          0.143062595767          0.142954798719          0.142879452562          0.142860929156          0.142918664981          0.143058910922          0.143273590871          0.143542434466          0.143774628412          0.143942014744          0.143560367873          0.142799095827          0.139409628681          0.134954200758                
        0.177253517740          0.137153201682          0.144139923419          0.142234006097          0.143519002731          0.143381874411          0.143419456836          0.143228976185          0.143072204785          0.142958223820          0.142912570936          0.142939107983          0.143014782701          0.143117459519          0.143216230568          0.143286904810          0.143311314114          0.143283176566          0.143207868814          0.143102348400          0.142991549661          0.142905241723          0.142870989719          0.142912105094          0.143038540752          0.143245017143          0.143512655612          0.143750449303          0.143928577509          0.143560113772          0.142811297579          0.139430412589          0.134977989845                 
        0.177280215945          0.137164572029          0.144138797444          0.142219382953          0.143493290639          0.143350588844          0.143389692109          0.143208108545          0.143066087134          0.142969760566          0.142940768932          0.142978901318          0.143057718375          0.143153203509          0.143234682062          0.143280524978          0.143277313482          0.143224876052          0.143135387546          0.143031282142          0.142941979075          0.142896775597          0.142922167216          0.143031973853          0.143224620097          0.143484034445          0.143720625807          0.143904372505          0.143546705219          0.142811047429          0.139442318177          0.134998118184                  
        0.177294948697          0.137163443884          0.144124009360          0.142193879853          0.143461986400          0.143320836110          0.143368799845          0.143201984295          0.143077629709          0.142997967675          0.142980561064          0.143021825371          0.143093446401          0.143171644631          0.143228300844          0.143246527337          0.143219011741          0.143152384048          0.143064303907          0.142981696897          0.142933509086          0.142947959965          0.143042042045          0.143218043423          0.143463602742          0.143691962147          0.143874516642          0.143522557996          0.142797711056          0.139442062814          0.135009654064                   
        0.177293533797          0.137149313728          0.144098190114          0.142162843207          0.143432211835          0.143299954398          0.143362665844          0.143213536831          0.143105855054          0.143037773860          0.143023484452          0.143057543681          0.143111878340          0.143165263283          0.143194311516          0.143188234108          0.143146519898          0.143081290605          0.143014706495          0.142973223372          0.142984704558          0.143067853859          0.143228122989          0.143457013825          0.143671500419          0.143845821542          0.143492776571          0.142773691259          0.139429029214          0.135009417600                    
        0.177275312357          0.137124695698          0.144066753457          0.142133332591          0.143411311048          0.143293826194          0.143374227628          0.143241788007          0.143145688857          0.143080713332          0.143059202806          0.143075970487          0.143105497999          0.143131285851          0.143136035877          0.143115754887          0.143075427857          0.143031686898          0.143006230635          0.143024431858          0.143104627178          0.143253966621          0.143467108640          0.143664902125          0.143825337011          0.143464155228          0.142744065676          0.139405565667          0.134996809135                     
        0.177243526366          0.137094749722          0.144036851466          0.142112625579          0.143405172179          0.143305386638          0.143402506935          0.143281658912          0.143188659558          0.143116445940          0.143077630335          0.143069591557          0.143071533214          0.143073033240          0.143063580517          0.143044676733          0.143025826146          0.143023210547          0.143057450889          0.143144386717          0.143290786421          0.143492993915          0.143675012184          0.143818730795          0.143443725246          0.142715593145          0.139376631815          0.134974100364                      
        0.177204839664          0.137066285896          0.144015859704          0.142106554778          0.143416734332          0.143333656709          0.143442420058          0.143324670098          0.143224419519          0.143134881877          0.143071252596          0.143035635416          0.143013303758          0.143000608052          0.142992527224          0.142995085981          0.143017351437          0.143074438021          0.143177433662          0.143330597066          0.143529874123          0.143700935796          0.143828851019          0.143437138948          0.142695268463          0.139348828084          0.134946091790                       
        0.177168052190          0.137046322211          0.144009691791          0.142118028845          0.143445019629          0.143373553940          0.143485478677          0.143360464163          0.143242871267          0.143128503466          0.143037297778          0.142977420923          0.142940908187          0.142929585474          0.142942955074          0.142986614862          0.143068578903          0.143194436541          0.143363687278          0.143569750857          0.143737870212          0.143854802032          0.143447236054          0.142688714805          0.139328984332          0.134919173309                        
        0.177142236187          0.137040480989          0.144021299895          0.142146074195          0.143484943368          0.143416593174          0.143521314008          0.143378934001          0.143236491053          0.143094537366          0.142979084383          0.142905043971          0.142869915234          0.142880035730          0.142934488890          0.143037833901          0.143188574976          0.143380713397          0.143602896721          0.143777805197          0.143891775983          0.143473122185          0.142698757491          0.139322590222          0.134899957850                         
        0.177134663142          0.137051563214          0.144049702578          0.142185647892          0.143528014953          0.143452410177          0.143539807410          0.143372548583          0.143202502805          0.143036302902          0.142906708022          0.142834069255          0.142820386674          0.142871574781          0.142985691784          0.143157807098          0.143374845935          0.143619952375          0.143810999100          0.143931754029          0.143510001145          0.142724507208          0.139332402847          0.134893761566                          
        0.177148959989          0.137078625326          0.144089794046          0.142228333162          0.143563862470          0.143470891305          0.143533418829          0.143338529006          0.143144227619          0.142963899248          0.142835733268          0.142784553403          0.142811930123          0.142922757071          0.143105623993          0.143344039997          0.143614076700          0.143828078978          0.143964984000          0.143549874505          0.142761193084          0.139357551959          0.134903255484                           
        0.177183914345          0.137116799824          0.144133047987          0.142263850784          0.143582363943          0.143464500772          0.143499365417          0.143280199311          0.143071771632          0.142892896878          0.142786216850          0.142776099054          0.142863092020          0.143042638512          0.143291790806          0.143583221059          0.143822193878          0.143982082790          0.143583015533          0.142800858572          0.139393377402          0.134927598818                            
        0.177233241050          0.137157966909          0.144169048566          0.142282171270          0.143575976545          0.143430458083          0.143440974071          0.143207675056          0.143000716640          0.142843360436          0.142777761683          0.142827247998          0.142982924333          0.143228724651          0.143530886164          0.143791292374          0.143976191982          0.143600066095          0.142833827662          0.139432108983          0.134962281177                             
        0.177286448974          0.137192212632          0.144187630722          0.142275822736          0.143541915985          0.143372089665          0.143368370956          0.143136552732          0.142951142322          0.142834900789          0.142828910039          0.142947049968          0.143168933290          0.143467715744          0.143738880480          0.143945257833          0.143594186513          0.142850790850          0.139464298363          0.134999780480                              
        0.177330724912          0.137209865971          0.144181219289          0.142242049941          0.143483509573          0.143299517819          0.143297169624          0.143086931077          0.142942674540          0.142886068002          0.142948711975          0.143133011955          0.143407824902          0.143675617581          0.143892790036          0.143563329388          0.142844943832          0.139480855939          0.135030949115                               
        0.177353566468          0.137203724169          0.144147017680          0.142184154194          0.143410886068          0.143228349229          0.143247491326          0.143078454664          0.142993877929          0.143005916042          0.143134675069          0.143371843237          0.143615639403          0.143829459363          0.143510996107          0.142814249523          0.139475138971          0.135046985998                                
        0.177345658960          0.137171134163          0.144088366767          0.142112176062          0.143339663484          0.143178695611          0.143239002988          0.143129705936          0.143113813713          0.143191952259          0.143373508115          0.143579605509          0.143769416692          0.143447830054          0.142762190701          0.139445160025          0.135041458457                                 
        0.177303566857          0.137115283798          0.144015437725          0.142041594246          0.143289969148          0.143170214108          0.143290308648          0.143249754846          0.143299988470          0.143430879712          0.143581273177          0.143733343788          0.143387945162          0.142699354968          0.139394321438          0.135012440694                                  
        0.177231404206          0.137045859280          0.143943914347          0.141992354050          0.143281476130          0.143221498905          0.143410488958          0.143436105913          0.143539094619          0.143638728497          0.143735012715          0.143351968446          0.142639782503          0.139332962575          0.134963225297                                   
        0.177141685810          0.136977789626          0.143894008996          0.141983948983          0.143332794563          0.143341625635          0.143597046972          0.143675438749          0.143747101182          0.143792529103          0.143353635337          0.142603992781          0.139274793339          0.134903821602                                    
        0.177053705516          0.136930309292          0.143885478005          0.142034817152          0.143453008151          0.143528096811          0.143836646608          0.143883643168          0.143901017375          0.143411002155          0.142605649666          0.139239849238          0.134847502912                                     
        0.176992325272          0.136922215362          0.143937010495          0.142153957558          0.143639620084          0.143767583729          0.144045085970          0.144037705484          0.143519207014          0.142662715813          0.139241471575          0.134813667869                                      
        0.176981844202          0.136971285019          0.144057728774          0.142338889657          0.143879289807          0.143975921368          0.144199320896          0.143655533683          0.142770354413          0.139297196977          0.134815233949                                       
        0.177045246355          0.137086193939          0.144245126238          0.142576397281          0.144087792078          0.144130082801          0.143816725715          0.142905969381          0.139402304053          0.134869182547                                        
        0.177193749569          0.137264543516          0.144485805635          0.142783005139          0.144242073008          0.143747664291          0.143066318728          0.139534721856          0.134970941099                                         
        0.177424263465          0.137493592409          0.144695187962          0.142935890346          0.143859368077          0.142997620132          0.139691297548          0.135099147672                                          
        0.177720313210          0.137692828192          0.144850119782          0.142556625171          0.143108738147          0.139624207493          0.135250737845                                           
        0.177977850459          0.137840264325          0.144465804774          0.141812800733          0.139732721852          0.135185791819                                            
        0.178168421372          0.137474493371          0.143712010580          0.138467312838          0.135290840905                                             
        0.177695677308          0.136757194224          0.140321767243          0.134065697008                                              
        0.176768505623          0.133530928102          0.135861158316                                               
        0.172598392264          0.129286271059                                                
        0.167111805727                                                 
