        0.326384723323          0.346737075334          0.355354164584          0.359159791690          0.360840268147          0.361583974791          0.361914363202          0.362061745162          0.362127747451          0.362157406934          0.362170772976          0.362176809527          0.362179539777          0.362180775397          0.362181334415          0.362181586961          0.362181700733          0.362181751757          0.362181774486          0.362181784513          0.362181788876          0.362181790736          0.362181791506          0.362181791810          0.362181791921          0.362181791954          0.362181791960          0.362181791957          0.362181791952          0.362181791948          0.362181791945          0.362181791943          0.362181791942          0.362181791941          0.362181791941          0.362181791940          0.362181791940          0.362181791940          0.362181791940          0.362181791940          0.362181791940          0.362181791940          0.362181791940          0.362181791940          0.362181791940          0.362181791940          0.362181791940          0.362181791940          0.362181791940          0.362181791940
        0.330718500206          0.348713673049          0.356267151511          0.359603326008          0.361076709035          0.361728749186          0.362018389623          0.362147580793          0.362205430422          0.362231423529          0.362243136017          0.362248425139          0.362250817018          0.362251899335          0.362252388904          0.362252610024          0.362252709610          0.362252754255          0.362252774133          0.362252782897          0.362252786707          0.362252788329          0.362252789000          0.362252789263          0.362252789359          0.362252789387          0.362252789392          0.362252789389          0.362252789385          0.362252789381          0.362252789378          0.362252789377          0.362252789376          0.362252789375          0.362252789374          0.362252789374          0.362252789374          0.362252789374          0.362252789374          0.362252789374          0.362252789374          0.362252789374          0.362252789374          0.362252789374          0.362252789374          0.362252789374          0.362252789374          0.362252789374          0.362252789374          0.362252789374
        0.333446726602          0.350371653141          0.357450103645          0.360577248826          0.361958166958          0.362569087854          0.362840357001          0.362961306897          0.363015446762          0.363039765227          0.363050720147          0.363055666026          0.363057902296          0.363058914080          0.363059371720          0.363059578422          0.363059671525          0.363059713272          0.363059731867          0.363059740070          0.363059743639          0.363059745160          0.363059745790          0.363059746039          0.363059746129          0.363059746157          0.363059746162          0.363059746159          0.363059746155          0.363059746152          0.363059746150          0.363059746148          0.363059746147          0.363059746146          0.363059746146          0.363059746146          0.363059746146          0.363059746146          0.363059746146          0.363059746146          0.363059746146          0.363059746146          0.363059746146          0.363059746146          0.363059746146          0.363059746146          0.363059746146          0.363059746146          0.363059746146          0.363059746146
        0.334707778336          0.351158712197          0.358027126469          0.361061503756          0.362401167262          0.362993640645          0.363256624844          0.363373840954          0.363426293269          0.363449847602          0.363460456000          0.363465244612          0.363467409550          0.363468389022          0.363468832065          0.363469032201          0.363469122369          0.363469162817          0.363469180844          0.363469188803          0.363469192270          0.363469193751          0.363469194366          0.363469194610          0.363469194699          0.363469194727          0.363469194732          0.363469194730          0.363469194727          0.363469194724          0.363469194722          0.363469194720          0.363469194719          0.363469194719          0.363469194718          0.363469194718          0.363469194718          0.363469194718          0.363469194718          0.363469194718          0.363469194718          0.363469194718          0.363469194718          0.363469194718          0.363469194718          0.363469194718          0.363469194718          0.363469194718          0.363469194718          0.363469194718
        0.335273161134          0.351514118804          0.358289151143          0.361282067313          0.362603191959          0.363187333034          0.363446558155          0.363562073567          0.363613755086          0.363636959360          0.363647408806          0.363652125305          0.363654257553          0.363655222250          0.363655658644          0.363655855809          0.363655944661          0.363655984535          0.363656002316          0.363656010172          0.363656013599          0.363656015065          0.363656015675          0.363656015918          0.363656016008          0.363656016036          0.363656016042          0.363656016040          0.363656016037          0.363656016034          0.363656016032          0.363656016031          0.363656016030          0.363656016029          0.363656016029          0.363656016029          0.363656016029          0.363656016029          0.363656016029          0.363656016029          0.363656016029          0.363656016029          0.363656016029          0.363656016029          0.363656016029          0.363656016029          0.363656016029          0.363656016029          0.363656016029          0.363656016029
        0.335525354431          0.351672863181          0.358406112579          0.361380376674          0.362693119697          0.363273477041          0.363530988862          0.363645726799          0.363697054983          0.363720098698          0.363730475150          0.363735158559          0.363737275837          0.363738233797          0.363738667179          0.363738863011          0.363738951281          0.363738990905          0.363739008582          0.363739016398          0.363739019809          0.363739021271          0.363739021880          0.363739022123          0.363739022214          0.363739022243          0.363739022249          0.363739022247          0.363739022245          0.363739022242          0.363739022240          0.363739022238          0.363739022237          0.363739022237          0.363739022237          0.363739022236          0.363739022236          0.363739022236          0.363739022236          0.363739022236          0.363739022236          0.363739022236          0.363739022236          0.363739022236          0.363739022236          0.363739022236          0.363739022236          0.363739022236          0.363739022236          0.363739022236
        0.335637906748          0.351743605229          0.358458053239          0.361423881830          0.362732817755          0.363311450167          0.363568178521          0.363682560130          0.363733726291          0.363756696341          0.363767039354          0.363771707635          0.363773818100          0.363774773012          0.363775205045          0.363775400287          0.363775488304          0.363775527823          0.363775545459          0.363775553259          0.363775556665          0.363775558126          0.363775558736          0.363775558980          0.363775559071          0.363775559100          0.363775559107          0.363775559105          0.363775559102          0.363775559100          0.363775559098          0.363775559096          0.363775559095          0.363775559095          0.363775559095          0.363775559094          0.363775559094          0.363775559094          0.363775559094          0.363775559094          0.363775559094          0.363775559094          0.363775559094          0.363775559094          0.363775559094          0.363775559094          0.363775559094          0.363775559094          0.363775559094          0.363775559094
        0.335688242630          0.351775138673          0.358481085596          0.361443083078          0.362750283694          0.363328127612          0.363584497092          0.363698715334          0.363749807124          0.363772743413          0.363783071134          0.363787732525          0.363789839907          0.363790793454          0.363791224890          0.363791419876          0.363791507787          0.363791547264          0.363791564884          0.363791572680          0.363791576086          0.363791577547          0.363791578157          0.363791578402          0.363791578493          0.363791578523          0.363791578529          0.363791578528          0.363791578525          0.363791578523          0.363791578521          0.363791578519          0.363791578519          0.363791578518          0.363791578518          0.363791578517          0.363791578517          0.363791578517          0.363791578517          0.363791578517          0.363791578517          0.363791578517          0.363791578517          0.363791578517          0.363791578517          0.363791578517          0.363791578517          0.363791578517          0.363791578517          0.363791578517
        0.335710807323          0.351789208352          0.358491295750          0.361451547465          0.362757955072          0.363335437917          0.363591642890          0.363705786197          0.363756843923          0.363779764781          0.363790085547          0.363794743822          0.363796849823          0.363797802767          0.363798233944          0.363798428823          0.363798516692          0.363798556153          0.363798573769          0.363798581564          0.363798584970          0.363798586432          0.363798587043          0.363798587288          0.363798587379          0.363798587409          0.363798587416          0.363798587415          0.363798587412          0.363798587409          0.363798587407          0.363798587406          0.363798587405          0.363798587404          0.363798587404          0.363798587404          0.363798587404          0.363798587404          0.363798587404          0.363798587404          0.363798587404          0.363798587404          0.363798587404          0.363798587404          0.363798587404          0.363798587404          0.363798587404          0.363798587404          0.363798587404          0.363798587404
        0.335720944514          0.351795491707          0.358495820950          0.361455275090          0.362761319661          0.363338637029          0.363594766592          0.363708875598          0.363759917769          0.363782831608          0.363793149232          0.363797806111          0.363799911503          0.363800864185          0.363801295254          0.363801490090          0.363801577943          0.363801617400          0.363801635014          0.363801642810          0.363801646217          0.363801647679          0.363801648290          0.363801648535          0.363801648627          0.363801648657          0.363801648664          0.363801648663          0.363801648660          0.363801648658          0.363801648656          0.363801648654          0.363801648653          0.363801648653          0.363801648653          0.363801648652          0.363801648652          0.363801648652          0.363801648652          0.363801648652          0.363801648652          0.363801648652          0.363801648652          0.363801648652          0.363801648652          0.363801648652          0.363801648652          0.363801648652          0.363801648652          0.363801648652
        0.335725506342          0.351798299106          0.358497825291          0.361456914385          0.362762792604          0.363340034139          0.363596129188          0.363710222531          0.363761257628          0.363784168296          0.363794484513          0.363799140775          0.363801245903          0.363802198475          0.363802629500          0.363802824320          0.363802912168          0.363802951624          0.363802969239          0.363802977035          0.363802980442          0.363802981905          0.363802982517          0.363802982762          0.363802982854          0.363802982884          0.363802982891          0.363802982890          0.363802982887          0.363802982884          0.363802982882          0.363802982881          0.363802982880          0.363802982880          0.363802982879          0.363802982879          0.363802982879          0.363802982879          0.363802982879          0.363802982879          0.363802982879          0.363802982879          0.363802982879          0.363802982879          0.363802982879          0.363802982879          0.363802982879          0.363802982879          0.363802982879          0.363802982879
        0.335727561385          0.351799553173          0.358498711834          0.361457633668          0.362763435655          0.363340642478          0.363596721766          0.363710807983          0.363761839882          0.363784749128          0.363795064723          0.363799720717          0.363801825733          0.363802778261          0.363803209270          0.363803404084          0.363803491931          0.363803531388          0.363803549003          0.363803556800          0.363803560208          0.363803561671          0.363803562283          0.363803562528          0.363803562620          0.363803562650          0.363803562657          0.363803562656          0.363803562653          0.363803562651          0.363803562649          0.363803562647          0.363803562646          0.363803562646          0.363803562646          0.363803562645          0.363803562645          0.363803562645          0.363803562645          0.363803562645          0.363803562645          0.363803562645          0.363803562645          0.363803562645          0.363803562645          0.363803562645          0.363803562645          0.363803562645          0.363803562645          0.363803562645
        0.335728487425          0.351800112731          0.358499102984          0.361457948163          0.362763715246          0.363340906215          0.363596978330          0.363711061324          0.363762091788          0.363785000404          0.363795315729          0.363799971610          0.363802076580          0.363803029091          0.363803460095          0.363803654908          0.363803742756          0.363803782213          0.363803799829          0.363803807626          0.363803811034          0.363803812498          0.363803813109          0.363803813355          0.363803813447          0.363803813477          0.363803813484          0.363803813483          0.363803813480          0.363803813478          0.363803813476          0.363803813474          0.363803813473          0.363803813473          0.363803813473          0.363803813472          0.363803813472          0.363803813472          0.363803813472          0.363803813472          0.363803813472          0.363803813472          0.363803813472          0.363803813472          0.363803813472          0.363803813472          0.363803813472          0.363803813472          0.363803813472          0.363803813472
        0.335728904453          0.351800361827          0.358499274876          0.361458084949          0.362763836083          0.363341019834          0.363597088703          0.363711170251          0.363762200079          0.363785108421          0.363795423631          0.363800079466          0.363802184419          0.363803136924          0.363803567927          0.363803762741          0.363803850589          0.363803890047          0.363803907663          0.363803915461          0.363803918869          0.363803920332          0.363803920944          0.363803921190          0.363803921282          0.363803921312          0.363803921319          0.363803921318          0.363803921315          0.363803921313          0.363803921311          0.363803921309          0.363803921309          0.363803921308          0.363803921308          0.363803921308          0.363803921307          0.363803921307          0.363803921307          0.363803921307          0.363803921307          0.363803921307          0.363803921307          0.363803921307          0.363803921307          0.363803921307          0.363803921307          0.363803921307          0.363803921307          0.363803921307
        0.335729091926          0.351800472291          0.358499349963          0.361458143987          0.362763887858          0.363341068341          0.363597135753          0.363711216659          0.363762246211          0.363785154437          0.363795469600          0.363800125417          0.363802230364          0.363803182869          0.363803613872          0.363803808686          0.363803896535          0.363803935993          0.363803953610          0.363803961407          0.363803964816          0.363803966279          0.363803966891          0.363803967137          0.363803967229          0.363803967259          0.363803967266          0.363803967265          0.363803967262          0.363803967260          0.363803967258          0.363803967256          0.363803967255          0.363803967255          0.363803967255          0.363803967254          0.363803967254          0.363803967254          0.363803967254          0.363803967254          0.363803967254          0.363803967254          0.363803967254          0.363803967254          0.363803967254          0.363803967254          0.363803967254          0.363803967254          0.363803967254          0.363803967253
        0.335729175937          0.351800520991          0.358499382478          0.361458169189          0.362763909769          0.363341088785          0.363597155550          0.363711236176          0.363762265610          0.363785173788          0.363795488933          0.363800144745          0.363802249691          0.363803202196          0.363803633199          0.363803828014          0.363803915863          0.363803955321          0.363803972939          0.363803980736          0.363803984145          0.363803985608          0.363803986220          0.363803986466          0.363803986558          0.363803986588          0.363803986595          0.363803986594          0.363803986591          0.363803986589          0.363803986587          0.363803986585          0.363803986585          0.363803986584          0.363803986584          0.363803986584          0.363803986583          0.363803986583          0.363803986583          0.363803986583          0.363803986583          0.363803986583          0.363803986583          0.363803986583          0.363803986583          0.363803986583          0.363803986583          0.363803986583          0.363803986582          0.363803986581
        0.335729213398          0.351800542279          0.358499396383          0.361458179777          0.362763918878          0.363341097241          0.363597163725          0.363711244231          0.363762273617          0.363785181777          0.363795496916          0.363800152726          0.363802257673          0.363803210178          0.363803641182          0.363803835997          0.363803923847          0.363803963305          0.363803980922          0.363803988720          0.363803992128          0.363803993592          0.363803994204          0.363803994450          0.363803994542          0.363803994572          0.363803994579          0.363803994578          0.363803994575          0.363803994573          0.363803994571          0.363803994569          0.363803994568          0.363803994568          0.363803994568          0.363803994567          0.363803994567          0.363803994567          0.363803994567          0.363803994567          0.363803994567          0.363803994567          0.363803994567          0.363803994567          0.363803994567          0.363803994567          0.363803994566          0.363803994566          0.363803994565          0.363803994564
        0.335729229980          0.351800551470          0.358499402221          0.361458184122          0.362763922565          0.363341100644          0.363597167007          0.363711247465          0.363762276832          0.363785184986          0.363795500123          0.363800155933          0.363802260880          0.363803213386          0.363803644390          0.363803839206          0.363803927056          0.363803966514          0.363803984131          0.363803991929          0.363803995338          0.363803996801          0.363803997413          0.363803997659          0.363803997751          0.363803997781          0.363803997788          0.363803997787          0.363803997784          0.363803997782          0.363803997780          0.363803997779          0.363803997778          0.363803997777          0.363803997777          0.363803997777          0.363803997776          0.363803997776          0.363803997776          0.363803997776          0.363803997776          0.363803997776          0.363803997776          0.363803997776          0.363803997776          0.363803997776          0.363803997775          0.363803997774          0.363803997773          0.363803997771
        0.335729237243          0.351800555369          0.358499404606          0.361458185843          0.362763923998          0.363341101955          0.363597168268          0.363711248707          0.363762278068          0.363785186220          0.363795501358          0.363800157168          0.363802262116          0.363803214622          0.363803645627          0.363803840443          0.363803928292          0.363803967751          0.363803985368          0.363803993166          0.363803996575          0.363803998038          0.363803998650          0.363803998896          0.363803998988          0.363803999018          0.363803999025          0.363803999024          0.363803999021          0.363803999019          0.363803999017          0.363803999015          0.363803999014          0.363803999014          0.363803999014          0.363803999013          0.363803999013          0.363803999013          0.363803999013          0.363803999013          0.363803999013          0.363803999013          0.363803999013          0.363803999013          0.363803999013          0.363803999012          0.363803999011          0.363803999010          0.363803999007          0.363803999003
        0.335729240377          0.351800556979          0.358499405541          0.361458186485          0.362763924517          0.363341102424          0.363597168718          0.363711249150          0.363762278509          0.363785186662          0.363795501800          0.363800157611          0.363802262559          0.363803215065          0.363803646070          0.363803840886          0.363803928736          0.363803968194          0.363803985812          0.363803993610          0.363803997018          0.363803998482          0.363803999094          0.363803999340          0.363803999432          0.363803999462          0.363803999469          0.363803999468          0.363803999465          0.363803999462          0.363803999460          0.363803999459          0.363803999458          0.363803999458          0.363803999457          0.363803999457          0.363803999457          0.363803999457          0.363803999457          0.363803999457          0.363803999457          0.363803999457          0.363803999457          0.363803999456          0.363803999456          0.363803999455          0.363803999453          0.363803999451          0.363803999447          0.363803999440
        0.335729241699          0.351800557618          0.358499405881          0.361458186700          0.362763924681          0.363341102568          0.363597168855          0.363711249286          0.363762278645          0.363785186798          0.363795501937          0.363800157748          0.363802262697          0.363803215203          0.363803646208          0.363803841024          0.363803928874          0.363803968332          0.363803985950          0.363803993748          0.363803997156          0.363803998620          0.363803999232          0.363803999478          0.363803999570          0.363803999600          0.363803999607          0.363803999606          0.363803999603          0.363803999600          0.363803999598          0.363803999597          0.363803999596          0.363803999595          0.363803999595          0.363803999595          0.363803999595          0.363803999595          0.363803999595          0.363803999595          0.363803999595          0.363803999595          0.363803999594          0.363803999594          0.363803999593          0.363803999591          0.363803999589          0.363803999585          0.363803999578          0.363803999566
        0.335729242239          0.351800557854          0.358499405989          0.361458186755          0.362763924716          0.363341102596          0.363597168882          0.363711249313          0.363762278672          0.363785186825          0.363795501964          0.363800157776          0.363802262725          0.363803215231          0.363803646236          0.363803841052          0.363803928902          0.363803968361          0.363803985978          0.363803993776          0.363803997185          0.363803998648          0.363803999260          0.363803999506          0.363803999598          0.363803999628          0.363803999635          0.363803999634          0.363803999631          0.363803999629          0.363803999627          0.363803999625          0.363803999624          0.363803999624          0.363803999624          0.363803999623          0.363803999623          0.363803999623          0.363803999623          0.363803999623          0.363803999623          0.363803999623          0.363803999622          0.363803999621          0.363803999620          0.363803999617          0.363803999613          0.363803999606          0.363803999594          0.363803999574
        0.335729242448          0.351800557930          0.358499406011          0.361458186757          0.362763924710          0.363341102589          0.363597168874          0.363711249305          0.363762278665          0.363785186819          0.363795501958          0.363800157770          0.363802262719          0.363803215225          0.363803646230          0.363803841047          0.363803928897          0.363803968355          0.363803985973          0.363803993770          0.363803997179          0.363803998642          0.363803999254          0.363803999500          0.363803999592          0.363803999623          0.363803999629          0.363803999628          0.363803999626          0.363803999623          0.363803999621          0.363803999620          0.363803999619          0.363803999618          0.363803999618          0.363803999618          0.363803999618          0.363803999617          0.363803999617          0.363803999617          0.363803999617          0.363803999616          0.363803999616          0.363803999614          0.363803999612          0.363803999607          0.363803999600          0.363803999588          0.363803999569          0.363803999537
        0.335729242521          0.351800557947          0.358499406006          0.361458186744          0.362763924696          0.363341102574          0.363597168860          0.363711249292          0.363762278652          0.363785186806          0.363795501945          0.363800157757          0.363802262706          0.363803215212          0.363803646218          0.363803841034          0.363803928884          0.363803968342          0.363803985960          0.363803993758          0.363803997166          0.363803998630          0.363803999242          0.363803999488          0.363803999580          0.363803999610          0.363803999617          0.363803999616          0.363803999613          0.363803999610          0.363803999608          0.363803999607          0.363803999606          0.363803999606          0.363803999605          0.363803999605          0.363803999605          0.363803999605          0.363803999605          0.363803999604          0.363803999604          0.363803999603          0.363803999602          0.363803999599          0.363803999595          0.363803999588          0.363803999576          0.363803999556          0.363803999524          0.363803999475
        0.335729242542          0.351800557944          0.358499405995          0.361458186731          0.362763924683          0.363341102561          0.363597168848          0.363711249280          0.363762278640          0.363785186794          0.363795501934          0.363800157746          0.363802262695          0.363803215201          0.363803646207          0.363803841023          0.363803928873          0.363803968331          0.363803985949          0.363803993746          0.363803997155          0.363803998619          0.363803999231          0.363803999476          0.363803999568          0.363803999599          0.363803999605          0.363803999604          0.363803999602          0.363803999599          0.363803999597          0.363803999596          0.363803999595          0.363803999594          0.363803999594          0.363803999594          0.363803999594          0.363803999593          0.363803999593          0.363803999593          0.363803999592          0.363803999590          0.363803999588          0.363803999584          0.363803999576          0.363803999564          0.363803999545          0.363803999513          0.363803999464          0.363803999393
        0.335729242543          0.351800557937          0.358499405986          0.361458186722          0.362763924673          0.363341102552          0.363597168839          0.363711249271          0.363762278632          0.363785186786          0.363795501926          0.363800157738          0.363802262687          0.363803215193          0.363803646198          0.363803841015          0.363803928864          0.363803968323          0.363803985941          0.363803993738          0.363803997147          0.363803998610          0.363803999223          0.363803999468          0.363803999560          0.363803999591          0.363803999597          0.363803999596          0.363803999594          0.363803999591          0.363803999589          0.363803999588          0.363803999587          0.363803999586          0.363803999586          0.363803999586          0.363803999585          0.363803999585          0.363803999585          0.363803999584          0.363803999582          0.363803999580          0.363803999576          0.363803999568          0.363803999556          0.363803999537          0.363803999505          0.363803999456          0.363803999385          0.363803999291
        0.335729242540          0.351800557931          0.358499405979          0.361458186715          0.362763924667          0.363341102546          0.363597168833          0.363711249266          0.363762278626          0.363785186781          0.363795501920          0.363800157733          0.363802262681          0.363803215188          0.363803646193          0.363803841009          0.363803928859          0.363803968318          0.363803985935          0.363803993733          0.363803997142          0.363803998605          0.363803999217          0.363803999463          0.363803999555          0.363803999585          0.363803999592          0.363803999591          0.363803999588          0.363803999586          0.363803999584          0.363803999582          0.363803999581          0.363803999581          0.363803999580          0.363803999580          0.363803999580          0.363803999579          0.363803999578          0.363803999577          0.363803999574          0.363803999570          0.363803999563          0.363803999551          0.363803999531          0.363803999500          0.363803999451          0.363803999379          0.363803999286          0.363803999190
        0.335729242536          0.351800557926          0.358499405974          0.361458186711          0.362763924663          0.363341102543          0.363597168830          0.363711249262          0.363762278623          0.363785186777          0.363795501917          0.363800157729          0.363802262678          0.363803215185          0.363803646190          0.363803841006          0.363803928856          0.363803968314          0.363803985932          0.363803993730          0.363803997138          0.363803998602          0.363803999214          0.363803999460          0.363803999552          0.363803999582          0.363803999589          0.363803999588          0.363803999585          0.363803999582          0.363803999580          0.363803999579          0.363803999578          0.363803999578          0.363803999577          0.363803999577          0.363803999576          0.363803999575          0.363803999574          0.363803999571          0.363803999567          0.363803999560          0.363803999548          0.363803999528          0.363803999496          0.363803999447          0.363803999376          0.363803999282          0.363803999187          0.363803999168
        0.335729242533          0.351800557923          0.358499405971          0.361458186708          0.362763924661          0.363341102540          0.363597168827          0.363711249260          0.363762278621          0.363785186776          0.363795501915          0.363800157727          0.363802262676          0.363803215183          0.363803646188          0.363803841004          0.363803928854          0.363803968312          0.363803985930          0.363803993728          0.363803997136          0.363803998600          0.363803999212          0.363803999458          0.363803999550          0.363803999580          0.363803999587          0.363803999586          0.363803999583          0.363803999580          0.363803999578          0.363803999577          0.363803999576          0.363803999575          0.363803999575          0.363803999574          0.363803999573          0.363803999572          0.363803999569          0.363803999565          0.363803999558          0.363803999546          0.363803999526          0.363803999494          0.363803999445          0.363803999374          0.363803999280          0.363803999185          0.363803999166          0.363803999455
        0.335729242531          0.351800557921          0.358499405969          0.361458186706          0.362763924659          0.363341102539          0.363597168826          0.363711249259          0.363762278620          0.363785186774          0.363795501914          0.363800157726          0.363802262675          0.363803215181          0.363803646187          0.363803841003          0.363803928853          0.363803968311          0.363803985929          0.363803993727          0.363803997135          0.363803998599          0.363803999211          0.363803999457          0.363803999549          0.363803999579          0.363803999586          0.363803999585          0.363803999582          0.363803999579          0.363803999577          0.363803999576          0.363803999575          0.363803999574          0.363803999573          0.363803999572          0.363803999571          0.363803999568          0.363803999564          0.363803999557          0.363803999545          0.363803999525          0.363803999493          0.363803999444          0.363803999373          0.363803999279          0.363803999184          0.363803999165          0.363803999454          0.363804000653
        0.335729242529          0.351800557920          0.358499405968          0.361458186705          0.362763924658          0.363341102538          0.363597168825          0.363711249258          0.363762278619          0.363785186774          0.363795501913          0.363800157725          0.363802262674          0.363803215181          0.363803646186          0.363803841002          0.363803928852          0.363803968311          0.363803985928          0.363803993726          0.363803997135          0.363803998598          0.363803999210          0.363803999456          0.363803999548          0.363803999578          0.363803999585          0.363803999584          0.363803999581          0.363803999579          0.363803999576          0.363803999575          0.363803999574          0.363803999573          0.363803999572          0.363803999570          0.363803999567          0.363803999563          0.363803999556          0.363803999544          0.363803999524          0.363803999493          0.363803999444          0.363803999372          0.363803999279          0.363803999183          0.363803999164          0.363803999453          0.363804000653          0.363804004252
        0.335729242528          0.351800557919          0.358499405967          0.361458186705          0.362763924658          0.363341102538          0.363597168825          0.363711249258          0.363762278619          0.363785186773          0.363795501913          0.363800157725          0.363802262674          0.363803215180          0.363803646186          0.363803841002          0.363803928852          0.363803968310          0.363803985928          0.363803993725          0.363803997134          0.363803998598          0.363803999210          0.363803999455          0.363803999548          0.363803999578          0.363803999585          0.363803999584          0.363803999581          0.363803999578          0.363803999576          0.363803999574          0.363803999573          0.363803999572          0.363803999570          0.363803999567          0.363803999563          0.363803999556          0.363803999544          0.363803999524          0.363803999492          0.363803999443          0.363803999372          0.363803999278          0.363803999183          0.363803999164          0.363803999453          0.363804000652          0.363804004252          0.363804013791
        0.335729242528          0.351800557918          0.358499405967          0.361458186705          0.362763924658          0.363341102538          0.363597168825          0.363711249258          0.363762278618          0.363785186773          0.363795501913          0.363800157725          0.363802262674          0.363803215180          0.363803646185          0.363803841002          0.363803928852          0.363803968310          0.363803985928          0.363803993725          0.363803997134          0.363803998597          0.363803999210          0.363803999455          0.363803999547          0.363803999577          0.363803999584          0.363803999583          0.363803999580          0.363803999578          0.363803999575          0.363803999574          0.363803999572          0.363803999570          0.363803999567          0.363803999563          0.363803999555          0.363803999543          0.363803999524          0.363803999492          0.363803999443          0.363803999372          0.363803999278          0.363803999183          0.363803999164          0.363803999452          0.363804000652          0.363804004251          0.363804013790          0.363804037487
        0.335729242527          0.351800557918          0.358499405967          0.361458186704          0.362763924658          0.363341102538          0.363597168825          0.363711249258          0.363762278618          0.363785186773          0.363795501913          0.363800157725          0.363802262674          0.363803215180          0.363803646185          0.363803841002          0.363803928851          0.363803968310          0.363803985927          0.363803993725          0.363803997134          0.363803998597          0.363803999209          0.363803999455          0.363803999547          0.363803999577          0.363803999584          0.363803999583          0.363803999580          0.363803999577          0.363803999575          0.363803999573          0.363803999570          0.363803999567          0.363803999563          0.363803999555          0.363803999543          0.363803999524          0.363803999492          0.363803999443          0.363803999372          0.363803999278          0.363803999182          0.363803999164          0.363803999452          0.363804000652          0.363804004251          0.363804013790          0.363804037487          0.363804094109
        0.335729242527          0.351800557918          0.358499405967          0.361458186704          0.362763924657          0.363341102537          0.363597168825          0.363711249257          0.363762278618          0.363785186773          0.363795501912          0.363800157725          0.363802262673          0.363803215180          0.363803646185          0.363803841001          0.363803928851          0.363803968310          0.363803985927          0.363803993725          0.363803997134          0.363803998597          0.363803999209          0.363803999455          0.363803999547          0.363803999577          0.363803999584          0.363803999583          0.363803999580          0.363803999577          0.363803999574          0.363803999571          0.363803999568          0.363803999563          0.363803999556          0.363803999543          0.363803999524          0.363803999492          0.363803999443          0.363803999371          0.363803999278          0.363803999182          0.363803999164          0.363803999452          0.363804000652          0.363804004251          0.363804013790          0.363804037487          0.363804094109          0.363804226039
        0.335729242527          0.351800557918          0.358499405967          0.361458186704          0.362763924657          0.363341102537          0.363597168825          0.363711249257          0.363762278618          0.363785186773          0.363795501912          0.363800157725          0.363802262673          0.363803215180          0.363803646185          0.363803841001          0.363803928851          0.363803968310          0.363803985927          0.363803993725          0.363803997134          0.363803998597          0.363803999209          0.363803999455          0.363803999547          0.363803999577          0.363803999584          0.363803999583          0.363803999579          0.363803999576          0.363803999573          0.363803999569          0.363803999564          0.363803999556          0.363803999544          0.363803999524          0.363803999492          0.363803999443          0.363803999371          0.363803999278          0.363803999182          0.363803999164          0.363803999452          0.363804000652          0.363804004251          0.363804013790          0.363804037487          0.363804094109          0.363804226039          0.363804528235
        0.335729242527          0.351800557918          0.358499405967          0.361458186704          0.362763924657          0.363341102537          0.363597168825          0.363711249257          0.363762278618          0.363785186773          0.363795501912          0.363800157725          0.363802262673          0.363803215180          0.363803646185          0.363803841001          0.363803928851          0.363803968310          0.363803985927          0.363803993725          0.363803997134          0.363803998597          0.363803999209          0.363803999455          0.363803999547          0.363803999577          0.363803999584          0.363803999582          0.363803999578          0.363803999575          0.363803999570          0.363803999564          0.363803999556          0.363803999544          0.363803999524          0.363803999492          0.363803999443          0.363803999371          0.363803999278          0.363803999182          0.363803999164          0.363803999452          0.363804000652          0.363804004251          0.363804013790          0.363804037487          0.363804094109          0.363804226039          0.363804528235          0.363805212304
        0.335729242527          0.351800557918          0.358499405967          0.361458186704          0.362763924657          0.363341102537          0.363597168825          0.363711249257          0.363762278618          0.363785186773          0.363795501912          0.363800157725          0.363802262673          0.363803215180          0.363803646185          0.363803841001          0.363803928851          0.363803968310          0.363803985927          0.363803993725          0.363803997134          0.363803998597          0.363803999209          0.363803999455          0.363803999547          0.363803999577          0.363803999583          0.363803999581          0.363803999577          0.363803999572          0.363803999566          0.363803999557          0.363803999544          0.363803999524          0.363803999492          0.363803999443          0.363803999371          0.363803999278          0.363803999182          0.363803999164          0.363803999452          0.363804000652          0.363804004251          0.363804013790          0.363804037487          0.363804094109          0.363804226039          0.363804528235          0.363805212304          0.363806748120
        0.335729242527          0.351800557918          0.358499405967          0.361458186704          0.362763924657          0.363341102537          0.363597168825          0.363711249257          0.363762278618          0.363785186773          0.363795501912          0.363800157725          0.363802262673          0.363803215180          0.363803646185          0.363803841001          0.363803928851          0.363803968310          0.363803985927          0.363803993725          0.363803997134          0.363803998597          0.363803999209          0.363803999455          0.363803999547          0.363803999576          0.363803999582          0.363803999580          0.363803999575          0.363803999568          0.363803999559          0.363803999545          0.363803999525          0.363803999492          0.363803999443          0.363803999372          0.363803999278          0.363803999182          0.363803999164          0.363803999452          0.363804000652          0.363804004251          0.363804013790          0.363804037487          0.363804094109          0.363804226039          0.363804528235          0.363805212304          0.363806748120          0.363810176812
        0.335729242527          0.351800557918          0.358499405967          0.361458186704          0.362763924657          0.363341102537          0.363597168825          0.363711249257          0.363762278618          0.363785186773          0.363795501912          0.363800157725          0.363802262673          0.363803215180          0.363803646185          0.363803841001          0.363803928851          0.363803968310          0.363803985927          0.363803993725          0.363803997134          0.363803998597          0.363803999209          0.363803999454          0.363803999546          0.363803999575          0.363803999581          0.363803999577          0.363803999570          0.363803999561          0.363803999547          0.363803999525          0.363803999493          0.363803999443          0.363803999372          0.363803999278          0.363803999182          0.363803999164          0.363803999452          0.363804000652          0.363804004251          0.363804013790          0.363804037487          0.363804094109          0.363804226039          0.363804528235          0.363805212304          0.363806748120          0.363810176812          0.363817802724
        0.335729242527          0.351800557918          0.358499405967          0.361458186704          0.362763924657          0.363341102537          0.363597168825          0.363711249257          0.363762278618          0.363785186773          0.363795501912          0.363800157725          0.363802262673          0.363803215180          0.363803646185          0.363803841001          0.363803928851          0.363803968310          0.363803985927          0.363803993725          0.363803997133          0.363803998597          0.363803999209          0.363803999454          0.363803999545          0.363803999574          0.363803999578          0.363803999573          0.363803999563          0.363803999549          0.363803999527          0.363803999494          0.363803999444          0.363803999372          0.363803999278          0.363803999182          0.363803999164          0.363803999452          0.363804000652          0.363804004251          0.363804013790          0.363804037487          0.363804094109          0.363804226039          0.363804528235          0.363805212304          0.363806748119          0.363810176812          0.363817802723          0.363834724251
        0.335729242527          0.351800557918          0.358499405967          0.361458186704          0.362763924657          0.363341102537          0.363597168825          0.363711249257          0.363762278618          0.363785186773          0.363795501912          0.363800157725          0.363802262673          0.363803215180          0.363803646185          0.363803841001          0.363803928851          0.363803968310          0.363803985927          0.363803993725          0.363803997133          0.363803998597          0.363803999208          0.363803999453          0.363803999544          0.363803999571          0.363803999574          0.363803999566          0.363803999551          0.363803999529          0.363803999495          0.363803999445          0.363803999373          0.363803999279          0.363803999183          0.363803999164          0.363803999452          0.363804000652          0.363804004251          0.363804013790          0.363804037487          0.363804094109          0.363804226039          0.363804528235          0.363805212304          0.363806748119          0.363810176812          0.363817802723          0.363834724251          0.363872222271
        0.335729242527          0.351800557918          0.358499405967          0.361458186704          0.362763924657          0.363341102537          0.363597168825          0.363711249257          0.363762278618          0.363785186773          0.363795501912          0.363800157724          0.363802262673          0.363803215180          0.363803646185          0.363803841001          0.363803928851          0.363803968310          0.363803985927          0.363803993725          0.363803997133          0.363803998596          0.363803999207          0.363803999452          0.363803999541          0.363803999567          0.363803999567          0.363803999554          0.363803999531          0.363803999497          0.363803999446          0.363803999373          0.363803999279          0.363803999183          0.363803999164          0.363803999452          0.363804000652          0.363804004251          0.363804013790          0.363804037487          0.363804094109          0.363804226039          0.363804528235          0.363805212304          0.363806748120          0.363810176812          0.363817802723          0.363834724251          0.363872222271          0.363955258066
        0.335729242527          0.351800557918          0.358499405967          0.361458186704          0.362763924657          0.363341102537          0.363597168825          0.363711249257          0.363762278618          0.363785186773          0.363795501912          0.363800157724          0.363802262673          0.363803215180          0.363803646185          0.363803841001          0.363803928851          0.363803968310          0.363803985927          0.363803993724          0.363803997133          0.363803998595          0.363803999206          0.363803999449          0.363803999537          0.363803999560          0.363803999555          0.363803999534          0.363803999500          0.363803999448          0.363803999375          0.363803999280          0.363803999184          0.363803999164          0.363803999453          0.363804000652          0.363804004251          0.363804013790          0.363804037487          0.363804094109          0.363804226039          0.363804528235          0.363805212304          0.363806748120          0.363810176812          0.363817802723          0.363834724251          0.363872222271          0.363955258065          0.364139029910
        0.335729242527          0.351800557918          0.358499405967          0.361458186704          0.362763924657          0.363341102537          0.363597168825          0.363711249257          0.363762278618          0.363785186773          0.363795501912          0.363800157724          0.363802262673          0.363803215180          0.363803646185          0.363803841001          0.363803928851          0.363803968309          0.363803985927          0.363803993724          0.363803997132          0.363803998594          0.363803999203          0.363803999445          0.363803999530          0.363803999548          0.363803999535          0.363803999503          0.363803999451          0.363803999377          0.363803999281          0.363803999184          0.363803999165          0.363803999453          0.363804000652          0.363804004251          0.363804013790          0.363804037487          0.363804094109          0.363804226039          0.363804528235          0.363805212304          0.363806748120          0.363810176812          0.363817802723          0.363834724251          0.363872222271          0.363955258065          0.364139029910          0.364545329615
        0.335729242527          0.351800557918          0.358499405967          0.361458186704          0.362763924657          0.363341102537          0.363597168825          0.363711249257          0.363762278618          0.363785186773          0.363795501912          0.363800157724          0.363802262673          0.363803215180          0.363803646185          0.363803841001          0.363803928851          0.363803968309          0.363803985926          0.363803993723          0.363803997130          0.363803998591          0.363803999199          0.363803999438          0.363803999518          0.363803999528          0.363803999504          0.363803999454          0.363803999379          0.363803999283          0.363803999186          0.363803999166          0.363803999453          0.363804000652          0.363804004251          0.363804013790          0.363804037487          0.363804094109          0.363804226039          0.363804528235          0.363805212304          0.363806748120          0.363810176812          0.363817802723          0.363834724251          0.363872222271          0.363955258065          0.364139029910          0.364545329615          0.365441425652
        0.335729242527          0.351800557918          0.358499405967          0.361458186704          0.362763924657          0.363341102537          0.363597168825          0.363711249257          0.363762278618          0.363785186773          0.363795501912          0.363800157724          0.363802262673          0.363803215180          0.363803646185          0.363803841001          0.363803928851          0.363803968309          0.363803985925          0.363803993722          0.363803997128          0.363803998587          0.363803999192          0.363803999426          0.363803999498          0.363803999497          0.363803999455          0.363803999382          0.363803999286          0.363803999188          0.363803999167          0.363803999454          0.363804000653          0.363804004252          0.363804013791          0.363804037487          0.363804094109          0.363804226039          0.363804528235          0.363805212304          0.363806748120          0.363810176812          0.363817802723          0.363834724251          0.363872222271          0.363955258065          0.364139029910          0.364545329615          0.365441425652          0.367406584320
        0.335729242527          0.351800557918          0.358499405967          0.361458186704          0.362763924657          0.363341102537          0.363597168824          0.363711249257          0.363762278618          0.363785186773          0.363795501912          0.363800157725          0.363802262673          0.363803215180          0.363803646185          0.363803841001          0.363803928850          0.363803968308          0.363803985924          0.363803993719          0.363803997124          0.363803998580          0.363803999180          0.363803999406          0.363803999467          0.363803999448          0.363803999383          0.363803999289          0.363803999190          0.363803999169          0.363803999456          0.363804000654          0.363804004252          0.363804013791          0.363804037487          0.363804094109          0.363804226039          0.363804528235          0.363805212304          0.363806748120          0.363810176812          0.363817802724          0.363834724251          0.363872222271          0.363955258065          0.364139029910          0.364545329615          0.365441425652          0.367406584320          0.371647126602
        0.335729242527          0.351800557918          0.358499405967          0.361458186704          0.362763924657          0.363341102537          0.363597168825          0.363711249257          0.363762278618          0.363785186773          0.363795501912          0.363800157724          0.363802262673          0.363803215180          0.363803646185          0.363803841000          0.363803928849          0.363803968306          0.363803985921          0.363803993715          0.363803997116          0.363803998568          0.363803999160          0.363803999374          0.363803999418          0.363803999376          0.363803999290          0.363803999193          0.363803999172          0.363803999458          0.363804000655          0.363804004253          0.363804013791          0.363804037487          0.363804094109          0.363804226039          0.363804528235          0.363805212304          0.363806748120          0.363810176812          0.363817802724          0.363834724251          0.363872222271          0.363955258065          0.364139029910          0.364545329615          0.365441425652          0.367406584320          0.371647126602          0.380456687399
        0.335729242527          0.351800557918          0.358499405967          0.361458186704          0.362763924657          0.363341102537          0.363597168824          0.363711249257          0.363762278618          0.363785186773          0.363795501912          0.363800157724          0.363802262673          0.363803215179          0.363803646184          0.363803840999          0.363803928848          0.363803968304          0.363803985917          0.363803993708          0.363803997104          0.363803998548          0.363803999129          0.363803999325          0.363803999346          0.363803999283          0.363803999194          0.363803999174          0.363803999460          0.363804000657          0.363804004255          0.363804013792          0.363804037488          0.363804094109          0.363804226039          0.363804528236          0.363805212304          0.363806748120          0.363810176812          0.363817802724          0.363834724251          0.363872222271          0.363955258065          0.364139029910          0.364545329615          0.365441425652          0.367406584320          0.371647126602          0.380456687399 
        0.335729242527          0.351800557918          0.358499405967          0.361458186704          0.362763924657          0.363341102537          0.363597168825          0.363711249257          0.363762278618          0.363785186773          0.363795501912          0.363800157724          0.363802262673          0.363803215179          0.363803646183          0.363803840998          0.363803928845          0.363803968300          0.363803985910          0.363803993696          0.363803997085          0.363803998517          0.363803999080          0.363803999254          0.363803999253          0.363803999187          0.363803999175          0.363803999463          0.363804000660          0.363804004257          0.363804013794          0.363804037489          0.363804094110          0.363804226040          0.363804528236          0.363805212304          0.363806748120          0.363810176812          0.363817802724          0.363834724251          0.363872222271          0.363955258065          0.364139029910          0.364545329615          0.365441425652          0.367406584320          0.371647126602          0.380456687399  
        0.335729242527          0.351800557918          0.358499405967          0.361458186704          0.362763924657          0.363341102537          0.363597168825          0.363711249257          0.363762278618          0.363785186773          0.363795501912          0.363800157724          0.363802262672          0.363803215178          0.363803646182          0.363803840996          0.363803928841          0.363803968293          0.363803985898          0.363803993676          0.363803997053          0.363803998468          0.363803999008          0.363803999161          0.363803999157          0.363803999169          0.363803999464          0.363804000662          0.363804004259          0.363804013796          0.363804037490          0.363804094111          0.363804226040          0.363804528236          0.363805212304          0.363806748120          0.363810176812          0.363817802723          0.363834724251          0.363872222271          0.363955258065          0.364139029910          0.364545329615          0.365441425652          0.367406584320          0.371647126602          0.380456687399   
        0.335729242527          0.351800557918          0.358499405967          0.361458186704          0.362763924657          0.363341102537          0.363597168825          0.363711249257          0.363762278618          0.363785186772          0.363795501912          0.363800157723          0.363802262671          0.363803215177          0.363803646179          0.363803840991          0.363803928834          0.363803968281          0.363803985878          0.363803993644          0.363803997004          0.363803998396          0.363803998915          0.363803999065          0.363803999138          0.363803999457          0.363804000663          0.363804004262          0.363804013798          0.363804037492          0.363804094112          0.363804226041          0.363804528237          0.363805212304          0.363806748120          0.363810176812          0.363817802724          0.363834724251          0.363872222271          0.363955258066          0.364139029910          0.364545329615          0.365441425652          0.367406584320          0.371647126602          0.380456687399    
        0.335729242527          0.351800557918          0.358499405967          0.361458186704          0.362763924657          0.363341102537          0.363597168824          0.363711249257          0.363762278618          0.363785186772          0.363795501911          0.363800157723          0.363802262670          0.363803215174          0.363803646175          0.363803840984          0.363803928822          0.363803968261          0.363803985847          0.363803993595          0.363803996933          0.363803998303          0.363803998819          0.363803999046          0.363803999427          0.363804000657          0.363804004263          0.363804013801          0.363804037495          0.363804094114          0.363804226042          0.363804528237          0.363805212305          0.363806748120          0.363810176812          0.363817802724          0.363834724251          0.363872222271          0.363955258066          0.364139029910          0.364545329615          0.365441425652          0.367406584320          0.371647126602          0.380456687399     
        0.335729242527          0.351800557918          0.358499405967          0.361458186704          0.362763924657          0.363341102537          0.363597168824          0.363711249257          0.363762278618          0.363785186772          0.363795501911          0.363800157721          0.363802262668          0.363803215170          0.363803646168          0.363803840972          0.363803928802          0.363803968229          0.363803985798          0.363803993524          0.363803996839          0.363803998207          0.363803998801          0.363803999335          0.363804000626          0.363804004256          0.363804013802          0.363804037497          0.363804094117          0.363804226044          0.363804528239          0.363805212306          0.363806748121          0.363810176813          0.363817802724          0.363834724251          0.363872222271          0.363955258065          0.364139029910          0.364545329615          0.365441425652          0.367406584320          0.371647126602          0.380456687399      
        0.335729242527          0.351800557918          0.358499405967          0.361458186704          0.362763924657          0.363341102537          0.363597168824          0.363711249257          0.363762278617          0.363785186771          0.363795501909          0.363800157719          0.363802262663          0.363803215163          0.363803646156          0.363803840952          0.363803928771          0.363803968180          0.363803985726          0.363803993430          0.363803996744          0.363803998189          0.363803999089          0.363804000534          0.363804004226          0.363804013795          0.363804037498          0.363804094119          0.363804226047          0.363804528241          0.363805212307          0.363806748122          0.363810176813          0.363817802724          0.363834724251          0.363872222272          0.363955258066          0.364139029910          0.364545329615          0.365441425652          0.367406584320          0.371647126602          0.380456687399       
        0.335729242527          0.351800557918          0.358499405967          0.361458186704          0.362763924657          0.363341102537          0.363597168824          0.363711249256          0.363762278616          0.363785186770          0.363795501907          0.363800157715          0.363802262656          0.363803215151          0.363803646136          0.363803840921          0.363803928722          0.363803968109          0.363803985633          0.363803993335          0.363803996725          0.363803998477          0.363804000289          0.363804004134          0.363804013765          0.363804037492          0.363804094120          0.363804226050          0.363804528243          0.363805212309          0.363806748123          0.363810176814          0.363817802725          0.363834724252          0.363872222272          0.363955258066          0.364139029910          0.364545329615          0.365441425652          0.367406584320          0.371647126602          0.380456687399        
        0.335729242527          0.351800557918          0.358499405967          0.361458186704          0.362763924657          0.363341102537          0.363597168823          0.363711249255          0.363762278615          0.363785186767          0.363795501902          0.363800157707          0.363802262644          0.363803215131          0.363803646105          0.363803840872          0.363803928650          0.363803968015          0.363803985537          0.363803993316          0.363803997013          0.363803999677          0.363804003888          0.363804013673          0.363804037461          0.363804094114          0.363804226051          0.363804528246          0.363805212312          0.363806748125          0.363810176815          0.363817802726          0.363834724252          0.363872222272          0.363955258066          0.364139029910          0.364545329615          0.365441425652          0.367406584320          0.371647126602          0.380456687399         
        0.335729242527          0.351800557918          0.358499405966          0.361458186704          0.362763924657          0.363341102536          0.363597168823          0.363711249254          0.363762278612          0.363785186763          0.363795501895          0.363800157695          0.363802262625          0.363803215099          0.363803646056          0.363803840800          0.363803928557          0.363803967920          0.363803985519          0.363803993605          0.363803998213          0.363804003276          0.363804013427          0.363804037369          0.363804094083          0.363804226044          0.363804528247          0.363805212315          0.363806748128          0.363810176817          0.363817802727          0.363834724253          0.363872222273          0.363955258066          0.364139029910          0.364545329615          0.365441425652          0.367406584320          0.371647126602          0.380456687399          
        0.335729242527          0.351800557918          0.358499405966          0.361458186704          0.362763924656          0.363341102535          0.363597168821          0.363711249252          0.363762278608          0.363785186756          0.363795501883          0.363800157676          0.363802262593          0.363803215050          0.363803645984          0.363803840707          0.363803928461          0.363803967901          0.363803985807          0.363803994804          0.363804001812          0.363804012815          0.363804037124          0.363804093991          0.363804226014          0.363804528240          0.363805212316          0.363806748130          0.363810176820          0.363817802729          0.363834724254          0.363872222273          0.363955258067          0.364139029911          0.364545329615          0.365441425652          0.367406584320          0.371647126602          0.380456687399           
        0.335729242527          0.351800557917          0.358499405966          0.361458186703          0.362763924655          0.363341102534          0.363597168819          0.363711249247          0.363762278601          0.363785186744          0.363795501864          0.363800157644          0.363802262544          0.363803214979          0.363803645891          0.363803840611          0.363803928443          0.363803968190          0.363803987007          0.363803998404          0.363804011351          0.363804036511          0.363804093746          0.363804225922          0.363804528210          0.363805212309          0.363806748131          0.363810176823          0.363817802732          0.363834724256          0.363872222275          0.363955258068          0.364139029911          0.364545329615          0.365441425652          0.367406584320          0.371647126602          0.380456687399            
        0.335729242527          0.351800557917          0.358499405966          0.361458186702          0.362763924654          0.363341102532          0.363597168815          0.363711249240          0.363762278589          0.363785186724          0.363795501832          0.363800157595          0.363802262472          0.363803214885          0.363803645795          0.363803840593          0.363803928731          0.363803969389          0.363803990606          0.363804007943          0.363804035048          0.363804093134          0.363804225676          0.363804528118          0.363805212279          0.363806748125          0.363810176824          0.363817802734          0.363834724259          0.363872222277          0.363955258069          0.364139029912          0.364545329616          0.365441425652          0.367406584320          0.371647126603          0.380456687399             
        0.335729242526          0.351800557917          0.358499405965          0.361458186701          0.362763924652          0.363341102527          0.363597168807          0.363711249228          0.363762278569          0.363785186692          0.363795501783          0.363800157524          0.363802262379          0.363803214790          0.363803645776          0.363803840881          0.363803929931          0.363803972989          0.363804000145          0.363804031639          0.363804091670          0.363804225064          0.363804527872          0.363805212186          0.363806748094          0.363810176817          0.363817802735          0.363834724262          0.363872222279          0.363955258071          0.364139029913          0.364545329617          0.365441425653          0.367406584320          0.371647126603          0.380456687399              
        0.335729242526          0.351800557916          0.358499405963          0.361458186698          0.362763924647          0.363341102520          0.363597168795          0.363711249208          0.363762278538          0.363785186643          0.363795501711          0.363800157430          0.363802262283          0.363803214771          0.363803646065          0.363803842081          0.363803933530          0.363803982528          0.363804023842          0.363804088261          0.363804223600          0.363804527260          0.363805211941          0.363806748002          0.363810176787          0.363817802728          0.363834724263          0.363872222282          0.363955258074          0.364139029915          0.364545329618          0.365441425654          0.367406584321          0.371647126603          0.380456687400               
        0.335729242525          0.351800557915          0.358499405961          0.361458186694          0.362763924640          0.363341102508          0.363597168776          0.363711249177          0.363762278489          0.363785186572          0.363795501618          0.363800157335          0.363802262265          0.363803215060          0.363803647264          0.363803845680          0.363803943069          0.363804006224          0.363804080464          0.363804220192          0.363804525797          0.363805211329          0.363806747757          0.363810176695          0.363817802698          0.363834724256          0.363872222283          0.363955258076          0.364139029918          0.364545329620          0.365441425655          0.367406584322          0.371647126604          0.380456687400                
        0.335729242524          0.351800557912          0.358499405957          0.361458186687          0.362763924628          0.363341102488          0.363597168744          0.363711249128          0.363762278417          0.363785186478          0.363795501522          0.363800157316          0.363802262553          0.363803216259          0.363803650864          0.363803855219          0.363803966765          0.363804062846          0.363804212394          0.363804522388          0.363805209865          0.363806747144          0.363810176449          0.363817802606          0.363834724226          0.363872222276          0.363955258077          0.364139029921          0.364545329623          0.365441425657          0.367406584323          0.371647126605          0.380456687400                 
        0.335729242521          0.351800557908          0.358499405950          0.361458186675          0.362763924609          0.363341102457          0.363597168695          0.363711249056          0.363762278324          0.363785186383          0.363795501504          0.363800157604          0.363802263753          0.363803219859          0.363803660403          0.363803878916          0.363804023387          0.363804194776          0.363804514590          0.363805206456          0.363806745681          0.363810175837          0.363817802360          0.363834724134          0.363872222246          0.363955258070          0.364139029922          0.364545329625          0.365441425660          0.367406584325          0.371647126606          0.380456687401                  
        0.335729242518          0.351800557901          0.358499405938          0.361458186656          0.362763924577          0.363341102408          0.363597168624          0.363711248963          0.363762278228          0.363785186364          0.363795501792          0.363800158804          0.363802267352          0.363803229398          0.363803684099          0.363803935538          0.363804155318          0.363804496973          0.363805198659          0.363806742272          0.363810174373          0.363817801748          0.363834723888          0.363872222154          0.363955258040          0.364139029915          0.364545329626          0.365441425663          0.367406584328          0.371647126608          0.380456687403                   
        0.335729242511          0.351800557890          0.358499405918          0.361458186624          0.362763924528          0.363341102337          0.363597168530          0.363711248867          0.363762278210          0.363785186653          0.363795502992          0.363800162403          0.363802276891          0.363803253094          0.363803740721          0.363804067468          0.363804457514          0.363805181041          0.363806734474          0.363810170964          0.363817800285          0.363834723276          0.363872221908          0.363955257948          0.364139029885          0.364545329620          0.365441425664          0.367406584331          0.371647126611          0.380456687405                    
        0.335729242500          0.351800557870          0.358499405887          0.361458186576          0.362763924457          0.363341102243          0.363597168435          0.363711248849          0.363762278498          0.363785187852          0.363795506591          0.363800171942          0.363802300587          0.363803309716          0.363803872652          0.363804369664          0.363805141582          0.363806716857          0.363810163167          0.363817796876          0.363834721812          0.363872221296          0.363955257702          0.364139029792          0.364545329589          0.365441425657          0.367406584332          0.371647126613          0.380456687408                     
        0.335729242482          0.351800557840          0.358499405839          0.361458186505          0.362763924364          0.363341102148          0.363597168416          0.363711249137          0.363762279697          0.363785191451          0.363795516130          0.363800195638          0.363802357209          0.363803441646          0.363804174848          0.363805053732          0.363806677398          0.363810145549          0.363817789078          0.363834718403          0.363872219832          0.363955257090          0.364139029546          0.364545329497          0.365441425626          0.367406584325          0.371647126614          0.380456687410                      
        0.335729242452          0.351800557793          0.358499405769          0.361458186412          0.362763924268          0.363341102129          0.363597168704          0.363711250336          0.363762283296          0.363785200990          0.363795539826          0.363800252260          0.363802489139          0.363803743842          0.363804858915          0.363806589547          0.363810106090          0.363817771460          0.363834710605          0.363872216423          0.363955255626          0.364139028934          0.364545329251          0.365441425534          0.367406584294          0.371647126607          0.380456687412                       
        0.335729242407          0.351800557723          0.358499405676          0.361458186317          0.362763924250          0.363341102417          0.363597169903          0.363711253935          0.363762292834          0.363785224685          0.363795596446          0.363800384189          0.363802791334          0.363804427909          0.363806394730          0.363810018238          0.363817732000          0.363834692986          0.363872208624          0.363955252216          0.364139027469          0.364545328638          0.365441425287          0.367406584201          0.371647126577          0.380456687404                        
        0.335729242341          0.351800557633          0.358499405582          0.361458186298          0.362763924538          0.363341103615          0.363597173501          0.363711263472          0.363762316528          0.363785281304          0.363795728374          0.363800686382          0.363803475399          0.363805963721          0.363809823419          0.363817644147          0.363834653524          0.363872191003          0.363955244415          0.364139024057          0.364545327171          0.365441424672          0.367406583953          0.371647126483          0.380456687373                         
        0.335729242255          0.351800557541          0.358499405564          0.361458186585          0.362763925734          0.363341107210          0.363597183034          0.363711287162          0.363762373144          0.363785413228          0.363796030563          0.363801370443          0.363805011208          0.363809392406          0.363817449323          0.363834565667          0.363872151537          0.363955226790          0.364139016252          0.364545323755          0.365441423202          0.367406583335          0.371647126232          0.380456687277                          
        0.335729242167          0.351800557523          0.358499405848          0.361458187777          0.362763929323          0.363341116737          0.363597206717          0.363711343770          0.363762505059          0.363785715409          0.363796714616          0.363802906243          0.363808439884          0.363817018301          0.363834370834          0.363872063671          0.363955187315          0.364138998619          0.364545315942          0.365441419778          0.367406581857          0.371647125606          0.380456687020                           
        0.335729242150          0.351800557802          0.358499407030          0.361458191353          0.362763938835          0.363341140403          0.363597263307          0.363711475666          0.363762807221          0.363786399442          0.363798250395          0.363806334899          0.363816065759          0.363833939792          0.363871868818          0.363955099429          0.364138959124          0.364545298288          0.365441411945          0.367406578415          0.371647124111          0.380456686379                            
        0.335729242416          0.351800558962          0.358499410577          0.361458200830          0.362763962463          0.363341196953          0.363597395162          0.363711777786          0.363763491211          0.363787935178          0.363801679008          0.363813960730          0.363832987205          0.363871437732          0.363954904531          0.364138871193          0.364545258749          0.365441394248          0.367406570540          0.371647120629          0.380456684849                             
        0.335729243523          0.351800562442          0.358499419977          0.361458224374          0.362764018923          0.363341328716          0.363597697187          0.363712461680          0.363765026850          0.363791363693          0.363809304741          0.363830882079          0.363870485047          0.363954473347          0.364138676197          0.364545170721          0.365441354612          0.367406552748          0.371647112663          0.380456681284                              
        0.335729246845          0.351800571667          0.358499443328          0.361458280631          0.362764150477          0.363341630528          0.363598380867          0.363713997104          0.363768455149          0.363798989210          0.363826225873          0.363868379703          0.363953520444          0.364138244795          0.364544975507          0.365441266367          0.367406512898          0.371647094666          0.380456673130                               
        0.335729255647          0.351800594581          0.358499499124          0.361458411711          0.362764451809          0.363342313726          0.363599915809          0.363717424922          0.363776080186          0.363815909863          0.363863723018          0.363951414620          0.364137291411          0.364544543624          0.365441070674          0.367406424179          0.371647054357          0.380456654706                                
        0.335729277515          0.351800649335          0.358499629131          0.361458711959          0.362765133922          0.363343847587          0.363603342552          0.363725048890          0.363792999773          0.363853405944          0.363946756873          0.364135184524          0.364543589176          0.365440637729          0.367406227433          0.371646964613          0.380456613441                                 
        0.335729329768          0.351800776912          0.358499926921          0.361459391616          0.362766665347          0.363347271917          0.363610964128          0.363741966103          0.363830493494          0.363936437444          0.364130524424          0.364541479938          0.365439680935          0.367405792160          0.371646765597          0.380456521570                                  
        0.335729451517          0.351801069138          0.358500601015          0.361460917529          0.362770084237          0.363354888126          0.363627876036          0.363779454563          0.363913519765          0.364120199785          0.364536814639          0.365437566512          0.367404830221          0.371646325300          0.380456317836                                   
        0.335729730393          0.351801730636          0.358502114438          0.361464324113          0.362777688347          0.363371788122          0.363665352738          0.363862469188          0.364097270535          0.364526478480          0.365432889745          0.367402704428          0.371645352258          0.380455867102                                    
        0.335730361672          0.351803215779          0.358505493136          0.361471900853          0.362794561498          0.363409238431          0.363748341324          0.364046194180          0.364503523645          0.365422528179          0.367398002511          0.371643201930          0.380454870996                                     
        0.335731778969          0.351806531344          0.358513007855          0.361488713270          0.362831952315          0.363492168572          0.363932008690          0.364452390301          0.365399516918          0.367387585226          0.371638445744          0.380452669695                                      
        0.335734943069          0.351813905644          0.358529682651          0.361525969503          0.362914750719          0.363675706589          0.364338077404          0.365348257882          0.367364450222          0.371627908224          0.380447800769                                       
        0.335741980489          0.351830268859          0.358566633917          0.361608469881          0.363097997181          0.364081489326          0.365233663990          0.367312915541          0.371604506200          0.380437013467                                        
        0.335757596182          0.351866529660          0.358648458973          0.361791056762          0.363503135320          0.364976445188          0.367197705422          0.371552376715          0.380413056719                                         
        0.335792200480          0.351946825750          0.358829551257          0.362194736641          0.364396669519          0.366939103427          0.371435836861          0.380359691551                                          
        0.335868828401          0.352124534179          0.359229926742          0.363085054639          0.366356210018          0.371174250127          0.380240389224                                           
        0.336038418571          0.352517428328          0.360112956883          0.365037541939          0.370584629065          0.379972601813                                            
        0.336413364125          0.353383958345          0.362049461748          0.369250741150          0.379369004314                                             
        0.337240308425          0.355284278068          0.366228173062          0.378003497786                                              
        0.339053815786          0.359384906821          0.374909282441                                               
        0.342967115392          0.367903802729                                                
        0.351096842324                                                 
