        0.088420766186          0.064762686196          0.068478184174          0.068955661621          0.066566156939          0.068395143082          0.069862318056          0.069119856369          0.067247757428          0.067390813983          0.069208026519          0.069673281385          0.068124949998          0.067167882585          0.068304680116          0.069589849665          0.068948795981          0.067516293131          0.067642097740          0.069047661341          0.069402608758          0.068179489675          0.067426200845          0.068345751310          0.069381988114          0.068846728015          0.067664401469          0.067781603390          0.068968206910          0.069257513754          0.068200835529          0.067559408267          0.068373544262          0.069278644825          0.068789064216          0.067733403310          0.067854767719          0.068936281446          0.069186146185          0.068202763502          0.067618977769          0.068394025291          0.069239277737          0.068758410628          0.067751596664          0.067885510646          0.068937300882          0.069165042118          0.068189539375          0.067624989241
        0.146130546594          0.103250519939          0.108447960867          0.110362108124          0.108429403757          0.110019192351          0.109853304760          0.109373199167          0.108946957721          0.109360049683          0.109905363205          0.109687854691          0.109107220665          0.109117058767          0.109668521628          0.109842571224          0.109379226760          0.109060898837          0.109395218949          0.109809541839          0.109628673118          0.109172610445          0.109194004217          0.109639232279          0.109767493832          0.109381126166          0.109128009384          0.109417396212          0.109760144883          0.109593936112          0.109204402298          0.109235621544          0.109626937910          0.109728255535          0.109378645765          0.109161188210          0.109431812537          0.109737707205          0.109574003004          0.109216126460          0.109257013983          0.109625925815          0.109710516191          0.109372140616          0.109172848860          0.109442798753          0.109733950265          0.109562821923          0.109212531701          0.109264867383
        0.141235900489          0.095867235236          0.103710120302          0.105863068499          0.103626676427          0.103734912115          0.103772572618          0.104724092867          0.104561528454          0.103726932643          0.103601580866          0.104333066091          0.104703234058          0.104139660001          0.103599228412          0.103945975976          0.104577193924          0.104465916919          0.103827307954          0.103713220618          0.104284322248          0.104591075507          0.104148829075          0.103701108153          0.103972852446          0.104499478677          0.104418524359          0.103879855893          0.103772341421          0.104259622192          0.104533179798          0.104151791932          0.103752118130          0.103987608134          0.104461761419          0.104394500623          0.103904079859          0.103800337230          0.104249037465          0.104507620466          0.104152622210          0.103772478920          0.103993217407          0.104448714028          0.104387220419          0.103910764979          0.103806044185          0.104246859555          0.104506022171          0.104153594823
        0.139391906848          0.097961013339          0.105604015208          0.107662702872          0.104119996552          0.104541422020          0.105746373009          0.106794505186          0.105582093894          0.104296853735          0.105009792457          0.106447122100          0.106265801955          0.104848430108          0.104540134262          0.105776229002          0.106488847339          0.105557123753          0.104561262208          0.105111410078          0.106251870640          0.106113557475          0.104970528340          0.104713513833          0.105728806182          0.106324397250          0.105544469848          0.104699570139          0.105168962071          0.106152933486          0.106031947104          0.105028414069          0.104802774775          0.105709958735          0.106243210508          0.105533454776          0.104763739450          0.105199906381          0.106111331940          0.105993169245          0.105048199402          0.104839753153          0.105708245432          0.106215915346          0.105524428701          0.104777757358          0.105211681752          0.106110698421          0.105986552729          0.105039216709
        0.140133799720          0.098369656649          0.105805426575          0.106559778738          0.103314079308          0.104898489602          0.106249129589          0.106246490266          0.104543094717          0.104082665607          0.105534572196          0.106444640161          0.105386097616          0.104170456805          0.104763456703          0.106113770557          0.106005419120          0.104685122275          0.104343636782          0.105489745416          0.106203470983          0.105344886069          0.104368547865          0.104865792153          0.105976864355          0.105872037099          0.104759430047          0.104484005687          0.105473313979          0.106077808813          0.105317008368          0.104466892320          0.104923290052          0.105913330880          0.105801892562          0.104788717443          0.104552947822          0.105473649117          0.106021628722          0.105296337884          0.104504097807          0.104954005214          0.105897184355          0.105771902104          0.104786716022          0.104573678237          0.105487614685          0.106015798969          0.105279032148          0.104493471887
        0.141077443938          0.098577858578          0.104993028686          0.105952217253          0.103951801457          0.105623225891          0.105887633148          0.105428913467          0.104590494142          0.104853942831          0.105734504189          0.105767595970          0.104952540394          0.104652005293          0.105324491627          0.105829528771          0.105357583691          0.104723351402          0.104964524611          0.105649403733          0.105644188237          0.104986003743          0.104773966394          0.105337875287          0.105729238057          0.105313484962          0.104796488861          0.105028569810          0.105608895418          0.105575797410          0.104998066623          0.104837822005          0.105350637601          0.105679458991          0.105285032031          0.104829067308          0.105065483933          0.105595621171          0.105539521222          0.104994922019          0.104867491236          0.105366436120          0.105661568787          0.105263026045          0.104833555005          0.105087523675          0.105604095806          0.105523652932          0.104976712673          0.104872523075
        0.141822577663          0.097772222387          0.104543852132          0.106662335456          0.104753459459          0.105374751625          0.105173313310          0.105564651219          0.105445205269          0.105151149726          0.105163808563          0.105429968589          0.105518232341          0.105302708387          0.105143028904          0.105283438053          0.105484711317          0.105429747273          0.105220713855          0.105193671004          0.105380453652          0.105477070873          0.105336427532          0.105191476607          0.105270898760          0.105439886462          0.105427677966          0.105260377173          0.105209061986          0.105351567123          0.105455412720          0.105355988110          0.105217282976          0.105262025700          0.105414889085          0.105428799525          0.105283629351          0.105215083005          0.105332545402          0.105445024156          0.105371003804          0.105231153279          0.105251791417          0.105399315573          0.105434781912          0.105300314117          0.105213455523          0.105315593926          0.105442376506          0.105387551294
        0.140726787798          0.097345878386          0.105202984472          0.107471598054          0.104471924295          0.104643268565          0.105286809219          0.106393033049          0.105720256225          0.104561867937          0.104805425707          0.105970299098          0.106143923057          0.105100401456          0.104577306361          0.105387092477          0.106165210900          0.105662467271          0.104744777107          0.104908392505          0.105846348858          0.106014257337          0.105168066991          0.104712519395          0.105373785097          0.106045301334          0.105635520445          0.104839492045          0.104962960251          0.105783904313          0.105948210775          0.105200132912          0.104778785934          0.105368405663          0.105988936772          0.105622727670          0.104881649269          0.104986149247          0.105757765849          0.105923106569          0.105212954944          0.104800182153          0.105364714674          0.105974904221          0.105623197248          0.104888115675          0.104983548868          0.105756499934          0.105931895083          0.105213535784
        0.139937293806          0.097987263555          0.105913091756          0.107148141703          0.103701320283          0.104708457500          0.106060114021          0.106609682547          0.105082076593          0.104160576652          0.105295679444          0.106538290036          0.105887747034          0.104489647664          0.104635098460          0.106013140806          0.106341396128          0.105137410832          0.104415073403          0.105324121208          0.106327143399          0.105792725627          0.104643231347          0.104768772383          0.105925296081          0.106197516432          0.105165442030          0.104548183533          0.105345028313          0.106220955830          0.105739570479          0.104715359441          0.104838123377          0.105888774230          0.106127684229          0.105171564217          0.104607159465          0.105361004292          0.106180350229          0.105712469783          0.104735602833          0.104865889126          0.105886628888          0.106108269156          0.105161895334          0.104612618525          0.105373991976          0.106190455153          0.105705348025          0.104712606571
        0.140743488004          0.098594978035          0.105556956707          0.106316536088          0.103739502301          0.105440916428          0.106230242441          0.105928829760          0.104642915126          0.104612873376          0.105820698344          0.106238046451          0.105237214370          0.104510582233          0.105220999942          0.106145785994          0.105774565846          0.104770168122          0.104792905262          0.105763009379          0.106062784516          0.105228594556          0.104662511987          0.105280529732          0.106034836570          0.105686319729          0.104836607112          0.104892353365          0.105740634939          0.105970072641          0.105215723504          0.104737632604          0.105318872302          0.105985228253          0.105635706452          0.104859552471          0.104944081675          0.105742299688          0.105927704210          0.105196148420          0.104764207553          0.105348181751          0.105977782134          0.105606248197          0.104848903126          0.104965090245          0.105766596776          0.105921875966          0.105165481588          0.104751077507
        0.141751892354          0.098210252102          0.104783470367          0.106363784493          0.104493297001          0.105637188761          0.105569283384          0.105512374228          0.105119702109          0.105161097105          0.105541875638          0.105609141512          0.105282013443          0.105120590960          0.105375886817          0.105600430638          0.105430200811          0.105172344818          0.105254968945          0.105520411833          0.105520789068          0.105271769832          0.105198210101          0.105412423634          0.105545463792          0.105380594669          0.105204992791          0.105311088759          0.105511674548          0.105468623428          0.105261908824          0.105242211867          0.105437699354          0.105515246589          0.105346935379          0.105220626220          0.105348438368          0.105511629640          0.105433920550          0.105248698540          0.105270252328          0.105461661507          0.105497826035          0.105316589024          0.105225511254          0.105380661518          0.105519961060          0.105404618942          0.105227960308          0.105291820984
        0.141347593596          0.097497253637          0.104865417878          0.107162347366          0.104711789282          0.105010424988          0.105184890824          0.106019401162          0.105699080437          0.104914341819          0.104944887011          0.105684305538          0.105922299850          0.105306531649          0.104862360759          0.105286838480          0.105862328657          0.105664686065          0.105043598452          0.105009620610          0.105594033815          0.105837318539          0.105360604100          0.104954269422          0.105270243856          0.105778727416          0.105653680227          0.105112934536          0.105041128385          0.105544781128          0.105796164287          0.105391283993          0.104998670249          0.105256891618          0.105737694159          0.105654790474          0.105148390258          0.105048654262          0.105516443283          0.105784363288          0.105413866323          0.105012586646          0.105238611683          0.105722903856          0.105670841770          0.105164608142          0.105033571234          0.105497156397          0.105798348751          0.105437999345
        0.140289889848          0.097608925394          0.105630716263          0.107391859483          0.104081670227          0.104620773902          0.105686967767          0.106592039762          0.105447700346          0.104314872533          0.105015792339          0.106318093898          0.106102161462          0.104789321314          0.104545478178          0.105713234796          0.106348014081          0.105448166307          0.104529503101          0.105078259198          0.106153061084          0.105993493980          0.104898274587          0.104675279263          0.105662593068          0.106220734878          0.105450188950          0.104638682338          0.105112525502          0.106072526799          0.105938972130          0.104947860271          0.104736339667          0.105641857053          0.106165181193          0.105449325078          0.104681555043          0.105126371163          0.106045612821          0.105921692289          0.104960328428          0.104749362378          0.105639149217          0.106161554927          0.105449348648          0.104674377142          0.105121347907          0.106061060532          0.105938226275          0.104942461637
        0.140339605768          0.098316273699          0.105820150840          0.106727318092          0.103674525020          0.105095117346          0.106229693995          0.106311943672          0.104822095751          0.104360665303          0.105621777217          0.106469099170          0.105557679793          0.104447528595          0.104945688472          0.106170668753          0.106103469495          0.104908357324          0.104573083888          0.105610085331          0.106281050612          0.105504362699          0.104594388889          0.105041674566          0.106076795361          0.105989646051          0.104950355991          0.104685035016          0.105613321116          0.106187452195          0.105468958273          0.104660626882          0.105095429391          0.106041721597          0.105932299909          0.104956963629          0.104734221997          0.105628662862          0.106155158869          0.105441635521          0.104672202273          0.105124022980          0.106050188464          0.105912665021          0.104933603605          0.104737096383          0.105658315026          0.106173089697          0.105416130385          0.104633727206
        0.141360588910          0.098452446727          0.105166064006          0.106296795050          0.104143656400          0.105632065777          0.105939284330          0.105677909194          0.104861256028          0.104959306401          0.105764043041          0.105915804536          0.105208731418          0.104841334185          0.105395196682          0.105917555573          0.105555826576          0.104945674572          0.105097942268          0.105729902604          0.105783761731          0.105193697679          0.104954521355          0.105448309638          0.105837543099          0.105482384530          0.104990544605          0.105179018934          0.105720317881          0.105709580845          0.105175110593          0.105013492958          0.105487849740          0.105800846385          0.105432685824          0.105003504281          0.105229728318          0.105730345201          0.105667354645          0.105146960567          0.105040631123          0.105527598487          0.105793322541          0.105389709146          0.104990203306          0.105267212988          0.105762403626          0.105643214714          0.105100842010          0.105044640774
        0.141659486906          0.097828059287          0.104768559608          0.106786352240          0.104691831409          0.105361597957          0.105322932036          0.105734622554          0.105478213932          0.105119241372          0.105228342234          0.105583996040          0.105620473707          0.105308534594          0.105159585978          0.105387079739          0.105610554239          0.105488311717          0.105235132856          0.105249902846          0.105490200520          0.105571468645          0.105378591293          0.105226316881          0.105347381310          0.105539902217          0.105502084719          0.105303229532          0.105259613413          0.105432847607          0.105545493702          0.105423219503          0.105264124077          0.105318325654          0.105496545900          0.105516473881          0.105348539527          0.105259676211          0.105389832371          0.105532887572          0.105461449517          0.105287843765          0.105287500084          0.105463676032          0.105537774035          0.105388387207          0.105249700687          0.105345155884          0.105529324333          0.105507366057
        0.140802267109          0.097481875795          0.105258205930          0.107362232131          0.104430822912          0.104757116926          0.105392556457          0.106363518474          0.105650503426          0.104596688253          0.104909101073          0.106007385938          0.106099477909          0.105085166190          0.104641874347          0.105453468072          0.106164669620          0.105637124936          0.104767525008          0.104968381039          0.105879269649          0.106006877856          0.105168384287          0.104748404389          0.105416349986          0.106062630452          0.105637640211          0.104854558158          0.104994702013          0.105814399486          0.105966368503          0.105211078818          0.104793651835          0.105393574579          0.106020607318          0.105646515545          0.104889776617          0.104993930952          0.105786916873          0.105964803524          0.105233219112          0.104794061842          0.105372897177          0.106022363450          0.105670166426          0.104887626481          0.104963518980          0.105784887457          0.106003210160          0.105245130702
        0.140241021924          0.097954094671          0.105805352738          0.107093314819          0.103822019536          0.104815028112          0.106009969341          0.106524699116          0.105117711712          0.104268420531          0.105321868638          0.106475292654          0.105865282402          0.104558078170          0.104698547502          0.105996649084          0.106302499917          0.105159383988          0.104476759030          0.105347031354          0.106303704736          0.105785990314          0.104680985455          0.104807649594          0.105928280413          0.106187285921          0.105178870749          0.104580302461          0.105365920589          0.106224358083          0.105743610162          0.104731070759          0.104859173694          0.105906894465          0.106139782091          0.105177660841          0.104614657227          0.105380709366          0.106207933044          0.105725960831          0.104729891807          0.104869739006          0.105920843915          0.106143877782          0.105159296895          0.104592096987          0.105392930878          0.106247850527          0.105730311657          0.104678461410
        0.140873371697          0.098444003931          0.105526023748          0.106457215488          0.103870629621          0.105418970199          0.106154913914          0.105976776854          0.104775724538          0.104667448756          0.105774872316          0.106226153622          0.105324002030          0.104601727509          0.105227546479          0.106119889005          0.105810311170          0.104855463842          0.104842111975          0.105757180397          0.106068440217          0.105284920607          0.104727421741          0.105305821257          0.106038698352          0.105714483116          0.104891658069          0.104938416820          0.105761849273          0.105987465410          0.105250147511          0.104783861981          0.105358881478          0.106011961903          0.105657046685          0.104889652123          0.104988376073          0.105787747773          0.105955013882          0.105209224181          0.104792842423          0.105404047867          0.106028225636          0.105619102751          0.104850855972          0.105008382874          0.105841796402          0.105960774814          0.105150124208          0.104756605052
        0.141623483639          0.098159836967          0.104909793968          0.106503484860          0.104474351465          0.105569305630          0.105609721886          0.105637639765          0.105178751870          0.105123498165          0.105528807281          0.105687575624          0.105371315575          0.105134343615          0.105353829263          0.105630680701          0.105509534369          0.105224741484          0.105255484782          0.105525037488          0.105570350018          0.105335062908          0.105229230624          0.105419364516          0.105568976125          0.105430577588          0.105253652799          0.105337629268          0.105528099805          0.105497113964          0.105306666817          0.105287198464          0.105467087946          0.105532354008          0.105372417647          0.105267234905          0.105398686606          0.105537971602          0.105441439094          0.105275922532          0.105330753458          0.105514531925          0.105506591653          0.105314061172          0.105271011712          0.105460445783          0.105557841033          0.105383739070          0.105232037768          0.105375152117
        0.141275652250          0.097592336673          0.104969995636          0.107131217532          0.104632815726          0.105037535741          0.105284294954          0.106053849892          0.105648189907          0.104890694224          0.105003513938          0.105747502332          0.105917111738          0.105273380749          0.104877812297          0.105342442291          0.105891541566          0.105650813849          0.105036073553          0.105039716593          0.105632838864          0.105849556354          0.105355199079          0.104962398354          0.105297427337          0.105805037054          0.105665296993          0.105116358747          0.105050312117          0.105565890638          0.105822493663          0.105407684999          0.105000075507          0.105260038905          0.105762394680          0.105689882537          0.105161303699          0.105036934658          0.105520412039          0.105826307946          0.105453479902          0.105005509196          0.105213928916          0.105746684190          0.105735443443          0.105188923040          0.104993479842          0.105478052059          0.105863217626          0.105511558787
        0.140445410671          0.097669014045          0.105583766446          0.107300311630          0.104105186133          0.104712361314          0.105701964882          0.106525008557          0.105416951096          0.104368033018          0.105065023293          0.106294693191          0.106057519930          0.104799263777          0.104591695668          0.105725607630          0.106318965061          0.105432712769          0.104552879801          0.105103639488          0.106148501731          0.105976688715          0.104899881701          0.104692704953          0.105672989249          0.106217842056          0.105445236719          0.104640474962          0.105120467464          0.106082804092          0.105944061355          0.104942218279          0.104729528518          0.105651111364          0.106186147909          0.105453667523          0.104662117767          0.105117292981          0.106071885378          0.105950099431          0.104945990334          0.104714651664          0.105647679004          0.106212259962          0.105465084154          0.104626500006          0.105089249098          0.106110402648          0.106000737064          0.104914688407
        0.140503204962          0.098239330330          0.105735449155          0.106754602586          0.103775034584          0.105118862503          0.106160912319          0.106282353773          0.104883503349          0.104419390963          0.105600858408          0.106424022377          0.105572270555          0.104503259596          0.104964176768          0.106142048789          0.106089854851          0.104939202277          0.104606857588          0.105608439132          0.106264837867          0.105510655794          0.104620410912          0.105057879404          0.106075036403          0.105987018481          0.104959205066          0.104700778041          0.105626716085          0.106193689114          0.105468037778          0.104661932812          0.105110311505          0.106064178563          0.105939242552          0.104944374944          0.104732642961          0.105658125640          0.106185003675          0.105432048415          0.104645389035          0.105138077966          0.106102523773          0.105931149722          0.104892490147          0.104712395702          0.105710821191          0.106237159419          0.105393126174          0.104563111246
        0.141323079341          0.098359777998          0.105195889698          0.106408753273          0.104175957740          0.105574022918          0.105912057395          0.105742729426          0.104930021212          0.104949630739          0.105724537180          0.105932938621          0.105271001839          0.104870990874          0.105375003142          0.105907558358          0.105590776406          0.104988627601          0.105106515222          0.105719456510          0.105793396431          0.105226262784          0.104981009493          0.105454635355          0.105839022356          0.105495744923          0.105015053508          0.105202068325          0.105732412899          0.105712432339          0.105182962438          0.105038194546          0.105518178225          0.105812144256          0.105424808065          0.105010471154          0.105268531412          0.105766057618          0.105661740918          0.105126661866          0.105064271292          0.105587645751          0.105816248975          0.105353343320          0.104973924208          0.105328884459          0.105832265918          0.105624210299          0.105036628636          0.105066939273
        0.141546209370          0.097849808065          0.104866685388          0.106821320291          0.104633421628          0.105333809909          0.105380386167          0.105796666755          0.105468355048          0.105080582507          0.105241232279          0.105638668352          0.105646642700          0.105289139122          0.105148015201          0.105415691461          0.105647514952          0.105495934336          0.105224668833          0.105255459390          0.105515995907          0.105594476325          0.105384960672          0.105225912650          0.105354883474          0.105558834225          0.105523820457          0.105314822581          0.105258472580          0.105434365022          0.105566736355          0.105453195104          0.105273357804          0.105304839229          0.105498143770          0.105553792378          0.105383480982          0.105250109526          0.105363395002          0.105553082290          0.105520952317          0.105308597797          0.105245631370          0.105442078867          0.105597912114          0.105457330175          0.105226758392          0.105274809845          0.105548169815          0.105616450056
        0.140832841462          0.097557789762          0.105278150909          0.107297544059          0.104399537206          0.104808586572          0.105441893290          0.106342803403          0.105606626924          0.104605182887          0.104954392198          0.106021396322          0.106072190952          0.105069229462          0.104663844050          0.105479186877          0.106162040056          0.105620923056          0.104767995946          0.104985102976          0.105890981242          0.106005392688          0.105163035039          0.104749057990          0.105424596987          0.106074520380          0.105643225572          0.104847954823          0.104987307854          0.105824804582          0.105988546239          0.105215062432          0.104773218244          0.105384781082          0.106048323651          0.105675341369          0.104874565366          0.104958686627          0.105796512461          0.106016598668          0.105248596248          0.104745245406          0.105341053897          0.106073063448          0.105733017063          0.104859008593          0.104884477565          0.105793231714          0.106104759785          0.105280530440
        0.140378306688          0.097950986661          0.105738353147          0.107059324377          0.103875170368          0.104864828275          0.105982950456          0.106476878193          0.105126739247          0.104314981951          0.105332453833          0.106442792859          0.105847706342          0.104581374615          0.104723353267          0.105989250591          0.106282780509          0.105159967172          0.104494118660          0.105355657718          0.106297710197          0.105779033560          0.104682443701          0.104814828806          0.105935903996          0.106189677639          0.105172143543          0.104573209078          0.105373409763          0.106242415385          0.105746024574          0.104711165341          0.104849235596          0.105930606146          0.106165624594          0.105162210018          0.104579561356          0.105387471843          0.106255834781          0.105739826297          0.104681485715          0.104836747823          0.105967658611          0.106203919463          0.105130405355          0.104513211293          0.105398480722          0.106345660473          0.105764306203          0.104579386805
        0.140917588363          0.098368345005          0.105495617544          0.106516111694          0.103926140685          0.105398531709          0.106108043146          0.105988095910          0.104828658520          0.104685003058          0.105745344380          0.106210089961          0.105351511267          0.104633599164          0.105225097934          0.106102085099          0.105813547476          0.104878666934          0.104857066964          0.105754354933          0.106063487967          0.105290571251          0.104741104262          0.105318209990          0.106043347138          0.105710640628          0.104890133471          0.104951879446          0.105783162720          0.105992160473          0.105234412829          0.104780124805          0.105387229997          0.106040235315          0.105644599680          0.104859960278          0.105000913384          0.105838906628          0.105971307720          0.105164937521          0.104765894340          0.105455381158          0.106090757198          0.105593246108          0.104777245365          0.105019602283          0.105942760691          0.105997266667          0.105055029811          0.104686246817
        0.141542910187          0.098128344146          0.104965138517          0.106565061086          0.104457017350          0.105525985996          0.105620362722          0.105690337793          0.105200273110          0.105098300564          0.105513778427          0.105714294421          0.105404959444          0.105136376196          0.105338672720          0.105633796155          0.105532893456          0.105243091173          0.105256418902          0.105521215052          0.105575659048          0.105350471063          0.105245569924          0.105426464221          0.105565283420          0.105429422123          0.105270233335          0.105362368248          0.105533969820          0.105481276780          0.105304622086          0.105319207918          0.105497671277          0.105520201050          0.105343177163          0.105282738924          0.105453053688          0.105555439528          0.105397146885          0.105250606828          0.105385583893          0.105579228018          0.105481089170          0.105240849115          0.105285107498          0.105564424319          0.105595448002          0.105288603283          0.105163158202          0.105472951189
        0.141231930826          0.097638848609          0.105021677359          0.107113295989          0.104588437756          0.105045868182          0.105330670287          0.106069953392          0.105621461286          0.104874430845          0.105025942741          0.105774915922          0.105915770027          0.105257109738          0.104878294417          0.105360253898          0.105904864078          0.105649808393          0.105030581899          0.105040895361          0.105642544927          0.105862515724          0.105360789221          0.104955936733          0.105291057219          0.105816839625          0.105687898098          0.105120308911          0.105030443388          0.105558424940          0.105851148479          0.105436542949          0.104985087240          0.105225771952          0.105773262148          0.105742036450          0.105176707738          0.104988697166          0.105489809969          0.105877843114          0.105516341524          0.104977164674          0.105135804662          0.105756216029          0.105837242165          0.105224376256          0.104894534072          0.105403901825          0.105957858769          0.105642656257
        0.140518698396          0.097704690171          0.105560015252          0.107252631494          0.104112842302          0.104756752378          0.105711582584          0.106493492314          0.105398985913          0.104389213188          0.105088048653          0.106287579288          0.106038142230          0.104798529330          0.104606883675          0.105733502343          0.106313485114          0.105425269256          0.104552439806          0.105109200921          0.106156204361          0.105979205505          0.104891894588          0.104683631899          0.105679729407          0.106236214442          0.105447096334          0.104618793835          0.105108996959          0.106106494482          0.105969901425          0.104925538687          0.104692548541          0.105657119209          0.106234259958          0.105466928681          0.104612001129          0.105082795531          0.106118643105          0.106010052037          0.104915887883          0.104633903826          0.105652469439          0.106310231719          0.105498422937          0.104525748275          0.105011358866          0.106200429056          0.106129185578          0.104858927802
        0.140581448992          0.098205289376          0.105688805617          0.106763316826          0.103821999029          0.105131110423          0.106127843201          0.106264244510          0.104907183323          0.104445398472          0.105593725020          0.106403790656          0.105572676046          0.104521482971          0.104973594393          0.106135845282          0.106082500373          0.104940967930          0.104614996520          0.105616310250          0.106266870777          0.105503809010          0.104614026098          0.105066042708          0.106092959826          0.105989140683          0.104939559111          0.104691668093          0.105650660216          0.106219266434          0.105452494458          0.104627452046          0.105117681475          0.106111983676          0.105952885458          0.104896178267          0.104700410135          0.105705148591          0.106244846619          0.105403064252          0.104567048634          0.105144197117          0.106200241580          0.105964984002          0.104793541385          0.104636794816          0.105801035652          0.106365665049          0.105338424697          0.104390796862
        0.141301261164          0.098312050997          0.105205070068          0.106460494263          0.104191478777          0.105544719469          0.105894668043          0.105767617851          0.104960047051          0.104946722816          0.105706062815          0.105934163139          0.105291709305          0.104884817850          0.105371695278          0.105901326316          0.105593968040          0.105000380681          0.105118199039          0.105723322097          0.105787636773          0.105222308023          0.104993195484          0.105475313494          0.105842443832          0.105477638488          0.105009344739          0.105229575177          0.105759842725          0.105698124789          0.105150849111          0.105049368257          0.105568607539          0.105827177794          0.105378170971          0.104981493019          0.105318937180          0.105827703928          0.105634057010          0.105050562441          0.105074058850          0.105687795410          0.105851500560          0.105255846540          0.104901421325          0.105422287009          0.105962389113          0.105570798226          0.104866214721          0.105070278306
        0.141485635824          0.097857141870          0.104913507045          0.106839305860          0.104604909631          0.105316760356          0.105403124661          0.105824891789          0.105466506831          0.105063161646          0.105241496651          0.105657099337          0.105660117370          0.105287093349          0.105141829014          0.105417111447          0.105657708777          0.105508325446          0.105229263397          0.105248813509          0.105510073482          0.105606271527          0.105406585888          0.105229267472          0.105335199330          0.105551701143          0.105551865638          0.105342773728          0.105243329018          0.105400442716          0.105577502119          0.105504388688          0.105288239818          0.105256743422          0.105467782274          0.105604662324          0.105445481777          0.105221633741          0.105285534212          0.105562445040          0.105621746390          0.105343598777          0.105146763788          0.105368112175          0.105691785340          0.105587578483          0.105172623919          0.105102537278          0.105551036483          0.105830834515
        0.140843244735          0.097595592964          0.105290222020          0.107267538119          0.104381739065          0.104829554407          0.105465413738          0.106337301094          0.105587890998          0.104604295707          0.104969631595          0.106030481878          0.106067819307          0.105061953509          0.104663260227          0.105485341535          0.106171014170          0.105624009281          0.104759964221          0.104976148280          0.105898756613          0.106024715299          0.105165089390          0.104727326599          0.105413682093          0.106099333750          0.105669575890          0.104831298203          0.104950471006          0.105831760628          0.106037501647          0.105228525074          0.104723097965          0.105350797910          0.106096114419          0.105735733024          0.104844528167          0.104878055319          0.105802194551          0.106115306877          0.105282116700          0.104644492337          0.105263594933          0.106164056623          0.105861764912          0.104803346655          0.104709742934          0.105792504096          0.106317484125          0.105367503856
        0.140444187632          0.097953111052          0.105706832025          0.107040448764          0.103896774940          0.104888599217          0.105974508823          0.106456518787          0.105126030266          0.104330814939          0.105339897866          0.106436131718          0.105839763636          0.104581361364          0.104729111240          0.105995987621          0.106284429319          0.105151959002          0.104485515875          0.105361960385          0.106315055933          0.105780447181          0.104661077863          0.104803479833          0.105958712937          0.106214754608          0.105155413293          0.104536610917          0.105378987603          0.106289595308          0.105758885253          0.104661299391          0.104814835999          0.105976521291          0.106224906326          0.105132036321          0.104499170129          0.105391838959          0.106352944349          0.105772825304          0.104580943523          0.104758996036          0.106056842225          0.106331834610          0.105074549333          0.104338915515          0.105396514603          0.106557069198          0.105850992583          0.104354863638
        0.140941337475          0.098333437144          0.105477805544          0.106539986735          0.103952181736          0.105392633037          0.106087738273          0.105988104729          0.104847065081          0.104695298894          0.105739499854          0.106202529826          0.105353023827          0.104642320192          0.105233601416          0.106104178760          0.105806394376          0.104872380669          0.104865928539          0.105772594310          0.106065482913          0.105270692511          0.104732450653          0.105342687264          0.106069010229          0.105694846539          0.104855692651          0.104959843758          0.105831243843          0.106005728479          0.105185967663          0.104748266623          0.105434709377          0.106100169861          0.105615387306          0.104781579427          0.105007560141          0.105936830716          0.106005109827          0.105065661282          0.104690593652          0.105545954225          0.106219323860          0.105538307513          0.104604717170          0.105019853773          0.106154665396          0.106084898891          0.104831305179          0.104489205152
        0.141505141686          0.098110856079          0.104987532525          0.106594156048          0.104452694876          0.105507228121          0.105620215331          0.105708704388          0.105212667622          0.105094470805          0.105506717617          0.105715521590          0.105414636733          0.105147144661          0.105341919393          0.105626683821          0.105526704108          0.105253756702          0.105276401681          0.105523739055          0.105555669518          0.105342712241          0.105272047509          0.105453166206          0.105549644670          0.105395128823          0.105279846651          0.105411997880          0.105548070017          0.105432803439          0.105273584535          0.105368524281          0.105558507225          0.105491215947          0.105264888912          0.105290932914          0.105552321574          0.105589731601          0.105297835584          0.105175969325          0.105477867434          0.105708423432          0.105426431475          0.105068133183          0.105286807336          0.105777283303          0.105683400264          0.105064665502          0.104966272915          0.105675190828
        0.141207511163          0.097657807845          0.105046486081          0.107109467899          0.104569575787          0.105044999629          0.105346485252          0.106080277940          0.105617492761          0.104867130008          0.105025631650          0.105782029144          0.105925556729          0.105260261885          0.104870373053          0.105351873265          0.105913625329          0.105669468179          0.105032683613          0.105019460373          0.105632463207          0.105888013340          0.105387218669          0.104939447071          0.105254744371          0.105824663633          0.105737129643          0.105133864428          0.104980617877          0.105525189846          0.105899530924          0.105496993953          0.104955252401          0.105145591553          0.105779736513          0.105840923039          0.105210346522          0.104888189009          0.105413009894          0.105969324088          0.105645060677          0.104921723718          0.104961345625          0.105756223378          0.106049906647          0.105311477573          0.104669812653          0.105204713016          0.106159712348          0.105978748869
        0.140548874456          0.097722039690          0.105553280347          0.107232623804          0.104111820123          0.104771893388          0.105718879345          0.106487559658          0.105391078568          0.104388551717          0.105093253675          0.106294785892          0.106040148742          0.104790206725          0.104597555935          0.105739775041          0.106331344772          0.105426672992          0.104530515051          0.105097355347          0.106179385106          0.106004535893          0.104874877102          0.104646382616          0.105685259425          0.106283810234          0.105459907831          0.104568429855          0.105074116631          0.106152737856          0.106029350825          0.104895104985          0.104611531936          0.105661425552          0.106331721856          0.105499828756          0.104511015486          0.105004520586          0.106208157729          0.106138014241          0.104859817338          0.104458941656          0.105650416665          0.106521930407          0.105584890543          0.104300871003          0.104811152560          0.106400623878          0.106465383565          0.104742577306
        0.140619089928          0.098193317421          0.105668922745          0.106762604647          0.103838316439          0.105139574905          0.106120917915          0.106256191661          0.104907557723          0.104452023211          0.105600640458          0.106405289161          0.105564741215          0.104513564261          0.104980455175          0.106153119295          0.106083873859          0.104919934295          0.104604386032          0.105639285422          0.106291879030          0.105487170896          0.104578017737          0.105072116141          0.106140100004          0.106002022390          0.104889974374          0.104657939908          0.105696715453          0.106278538110          0.105422412415          0.104547582970          0.105122506986          0.106209047869          0.105985967813          0.104795836263          0.104623311795          0.105794405262          0.106372812648          0.105347270777          0.104393199457          0.105142675134          0.106411519925          0.106051877742          0.104569008021          0.104438066262          0.106000666818          0.106702345656          0.105222131609          0.103896237238
        0.141297139477          0.098291629366          0.105204540554          0.106478950515          0.104201514940          0.105539448967          0.105886891164          0.105768415589          0.104968621875          0.104955615506          0.105708203162          0.105926534536          0.105284834947          0.104893869196          0.105390133449          0.105903137254          0.105573432607          0.104991493275          0.105142926962          0.105748981767          0.105771417051          0.105187269496          0.105001247875          0.105523499843          0.105855838448          0.105428556705          0.104977190149          0.105277213061          0.105819718768          0.105668520345          0.105071814718          0.105056038484          0.105666528987          0.105860808878          0.105278223819          0.104905805031          0.105409581448          0.105956096637          0.105578751993          0.104877202526          0.105074279575          0.105899468510          0.105938933320          0.105031289764          0.104703753306          0.105622899655          0.106298814080          0.105454942885          0.104370786879          0.105012639724
        0.141460213198          0.097856313997          0.104929738116          0.106850906918          0.104600129161          0.105309209247          0.105403033213          0.105832640531          0.105476230833          0.105065875185          0.105233562251          0.105649140903          0.105669205401          0.105306347459          0.105143729718          0.105395849731          0.105648088817          0.105533702644          0.105255319753          0.105232328913          0.105474086584          0.105614327549          0.105455417446          0.105242677193          0.105285500188          0.105518841776          0.105600075517          0.105402887566          0.105213507252          0.105320504375          0.105584152060          0.105602833581          0.105321788114          0.105156278366          0.105391306704          0.105695882071          0.105573871460          0.105166194346          0.105111186540          0.105562598646          0.105833809326          0.105430707011          0.104921851448          0.105169235318          0.105893143914          0.105923294569          0.105056848631          0.104605555889          0.105493042360          0.106476605906
        0.140841922652          0.097607893208          0.105298829534          0.107262554553          0.104373942469          0.104828797244          0.105470893851          0.106345433137          0.105590204778          0.104595965165          0.104960315248          0.106037455891          0.106086260871          0.105063460886          0.104641291469          0.105473806718          0.106194935252          0.105649591266          0.104742987053          0.104938922891          0.105904897594          0.106072789768          0.105178006435          0.104676953171          0.105379065599          0.106146228326          0.105729207781          0.104800942362          0.104869444750          0.105836619921          0.106135336317          0.105261512330          0.104622102765          0.105272699587          0.106186214900          0.105863737523          0.104788574205          0.104702938763          0.105800641987          0.106327179402          0.105368592588          0.104419528510          0.105063299467          0.106364761622          0.106197539404          0.104687187498          0.104213155573          0.105732778904          0.106964912266          0.105728627174
        0.140467718589          0.097956414138          0.105700769538          0.107032186787          0.103896432545          0.104894294716          0.105981004091          0.106458125928          0.105117750564          0.104321942075          0.105345965799          0.106453434047          0.105840991325          0.104559715816          0.104717483935          0.106018659772          0.106309428291          0.105134960551          0.104448641027          0.105367294890          0.106362179042          0.105793121884          0.104610930536          0.104768798457          0.106004484164          0.106273957267          0.105124974099          0.104455943486          0.105383108292          0.106386650647          0.105791704831          0.104560480818          0.104736803818          0.106065562840          0.106352758520          0.105075923516          0.104324608582          0.105389624772          0.106564318802          0.105859355236          0.104356161299          0.104559262000          0.106256479240          0.106668322467          0.104958068212          0.103843855465          0.105336408511          0.107204992088          0.106213417155          0.103682158887
        0.140956834263          0.098324918398          0.105469945040          0.106540462981          0.103959077646          0.105400320378          0.106089231610          0.105980072591          0.104839403639          0.104702821098          0.105756964518          0.106203906317          0.105331950430          0.104632239430          0.105256978454          0.106129262191          0.105789700944          0.104836556989          0.104872557380          0.105819883971          0.106078412858          0.105221047551          0.104699165593          0.105389066954          0.106128356123          0.105664729819          0.104775927008          0.104965158573          0.105928379048          0.106038897535          0.105085489009          0.104671541887          0.105524187082          0.106228166290          0.105559553437          0.104607667899          0.105006485126          0.106147964297          0.106092143619          0.104840743957          0.104492138300          0.105745562925          0.106555819127          0.105421927950          0.104109488501          0.104961019036          0.106800857713          0.106448471245          0.104156483771          0.103196494275
        0.141499435792          0.098103205060          0.104987418476          0.106602560929          0.104461178114          0.105509437264          0.105612158217          0.105700880168          0.105221398810          0.105112904229          0.105508314638          0.105694234228          0.105404993043          0.105171786838          0.105367435852          0.105610042028          0.105490747478          0.105261421771          0.105324478987          0.105536883798          0.105505877615          0.105309780663          0.105319531795          0.105512811829          0.105519644904          0.105315167619          0.105286093665          0.105509719861          0.105581412056          0.105332170509          0.105197049627          0.105458984118          0.105686528022          0.105435562338          0.105090497459          0.105290695495          0.105763652444          0.105676774331          0.105072598730          0.104977198916          0.105678313130          0.106044035941          0.105310343832          0.104571174812          0.105228584396          0.106422181308          0.106045976791          0.104388829766          0.103668364843          0.107008443591
        0.141196836687          0.097656813811          0.105052744777          0.107118683754          0.104571721417          0.105036669189          0.105337427141          0.106087999320          0.105636103897          0.104868638981          0.105003752026          0.105771016504          0.105949940979          0.105285821745          0.104853467017          0.105314868083          0.105920366007          0.105717645710          0.105045634078          0.104969167059          0.105598281608          0.105935277458          0.105446803699          0.104909187941          0.105173860728          0.105830048207          0.105834969499          0.105166904710          0.104879644170          0.105447435619          0.105989900778          0.105624859998          0.104899407059          0.104970432441          0.105778657584          0.106052561952          0.105296878757          0.104663034610          0.105212873207          0.106170097526          0.105980347431          0.104805667146          0.104464010063          0.105696948705          0.106696095182          0.105672563686          0.103995805261          0.103902954067          0.107498342193          0.107137742525
        0.140548959390          0.097724746958          0.105560704019          0.107234570764          0.104103507024          0.104762639816          0.105724933136          0.106505332759          0.105392339474          0.104366661417          0.105081328870          0.106317841786          0.106065332760          0.104773134118          0.104560314606          0.105745162706          0.106378819239          0.105439345682          0.104480175405          0.105062385038          0.106225494209          0.106063841048          0.104844389047          0.104565369305          0.105689415895          0.106381152855          0.105492676090          0.104467473793          0.104995749007          0.106242119225          0.106157182079          0.104838991961          0.104436584473          0.105659219762          0.106543321401          0.105586184188          0.104286194155          0.104804227839          0.106408231608          0.106474121156          0.104743463147          0.103963209586          0.105590166825          0.107169912891          0.105946470531          0.103628513782          0.103513248962          0.107741266678          0.107628777688          0.106302168789
        0.140629948874          0.098197057907          0.105670657745          0.106754235913          0.103829838284          0.105146251651          0.106137999277          0.106257403740          0.104886098285          0.104440972038          0.105623344088          0.106430237731          0.105547766138          0.104477113194          0.104986124463          0.106200143103          0.106096580935          0.104869922179          0.104570214762          0.105685060757          0.106351084170          0.105456752710          0.104497704503          0.105076536103          0.106237044630          0.106034934026          0.104789206739          0.104580402382          0.105785690609          0.106406449057          0.105366288847          0.104373299666          0.105120581112          0.106420217469          0.106072712509          0.104570889396          0.104424159706          0.105993755188          0.106709470619          0.105230677786          0.103898227960          0.105082974378          0.107058725533          0.106415066272          0.103895260250          0.103145162716          0.107336495938          0.107868281515          0.106789448577          0.095124690408
        0.141309821532          0.098292229924          0.105196364532          0.106471199914          0.104209053412          0.105557293802          0.105888218972          0.105746989434          0.104958592733          0.104979308449          0.105733303388          0.105909672282          0.105248714336          0.104900780064          0.105437508169          0.105916038188          0.105523447356          0.104958183504          0.105189528645          0.105808284741          0.105741160697          0.105107146206          0.105006776378          0.105620607854          0.105888974581          0.105327702383          0.104900347993          0.105366823962          0.105947544224          0.105612570542          0.104897365315          0.105055127663          0.105877392910          0.105947770398          0.105052766259          0.104706998896          0.105609172338          0.106291977808          0.105462289908          0.104380705915          0.105015544147          0.106544420271          0.106302099359          0.104355290165          0.103408515451          0.106954883933          0.107461110602          0.107025598060          0.095559459044 
        0.141463265959          0.097848619174          0.104921029596          0.106859462709          0.104618119688          0.105310638780          0.105381225679          0.105822048629          0.105500567746          0.105091183186          0.105216642063          0.105612325612          0.105676205410          0.105354217973          0.105156619178          0.105345554903          0.105614226248          0.105580859630          0.105314679347          0.105202057217          0.105393307026          0.105619914184          0.105552903649          0.105275703223          0.105184435356          0.105441355872          0.105690248733          0.105530527294          0.105157627958          0.105145310610          0.105583249933          0.105813948590          0.105408391874          0.104930781436          0.105191422295          0.105896222083          0.105908858554          0.105050022461          0.104613380083          0.105503587268          0.106478696303          0.105792219687          0.104246481663          0.103868134673          0.107228580030          0.107081754444          0.106620966519          0.095776583997  
        0.140830703025          0.097598234324          0.105305650322          0.107281058903          0.104375221582          0.104806777853          0.105459080601          0.106369063224          0.105615468488          0.104578927697          0.104922980291          0.106043277006          0.106134005921          0.105076160067          0.104590905345          0.105438928716          0.106241504605          0.105708904287          0.104712563980          0.104857777615          0.105909426848          0.106170296522          0.105210778871          0.104575945585          0.105300698595          0.106236005988          0.105856902978          0.104744930918          0.104694213912          0.105834735151          0.106346901297          0.105347787074          0.104397152116          0.105072134644          0.106386620564          0.106199234778          0.104672394024          0.104206268898          0.105740596764          0.106974367318          0.105729573920          0.103746693164          0.103762555150          0.107705284731          0.107358375353          0.106245699697          0.095417869264   
        0.140457141969          0.097960026642          0.105718290864          0.107033360158          0.103874836491          0.104882710434          0.106003589680          0.106483193011          0.105100676951          0.104285067313          0.105351237161          0.106500636709          0.105853627127          0.104509542559          0.104682756997          0.106064430977          0.106368685076          0.105104450073          0.104367971046          0.105371345497          0.106459311750          0.105825908191          0.104510088522          0.104690721351          0.106093522129          0.106401875141          0.105068796845          0.104281392412          0.105380821206          0.106598117670          0.105878219192          0.104335695316          0.104537039524          0.106265199494          0.106689351869          0.104959403846          0.103829599990          0.105329447704          0.107212367034          0.106221812203          0.103683528255          0.103264476572          0.107595255337          0.107833846417          0.106521101365          0.095077930297    
        0.140968290027          0.098339548772          0.105471230920          0.106518767841          0.103948310748          0.105423476004          0.106114118384          0.105963028634          0.104803058768          0.104708927600          0.105803976825          0.106216654937          0.105281814871          0.104598431126          0.105302906142          0.106188462055          0.105759230896          0.104756265163          0.104877348856          0.105916733656          0.106111400838          0.105120076719          0.104621919731          0.105478089514          0.106256210210          0.105608546763          0.104601494110          0.104963566167          0.106139226449          0.106125769240          0.104860082722          0.104472587389          0.105723336577          0.106564542013          0.105442846946          0.104111939711          0.104947155731          0.106793865846          0.106455595276          0.104165521294          0.103198900424          0.107078491141          0.107720504286          0.106992068532          0.095320009157     
        0.141524324646          0.098104268176          0.104965710207          0.106592322722          0.104484655605          0.105534595539          0.105595160344          0.105664178803          0.105228254519          0.105160272461          0.105521112240          0.105643855915          0.105371248194          0.105218462042          0.105426570227          0.105579647679          0.105410024334          0.105266847113          0.105421487195          0.105569871129          0.105404650867          0.105232425716          0.105409183617          0.105640317698          0.105463599998          0.105140005848          0.105285042589          0.105720333189          0.105668110279          0.105106338768          0.104997463003          0.105658633440          0.106021623982          0.105319109424          0.104592761243          0.105231692661          0.106407833463          0.106039035454          0.104396234871          0.103678393289          0.107010895310          0.107203647011          0.106878404331          0.095744088025      
        0.141198499729          0.097636152384          0.105041471951          0.107143132811          0.104596661883          0.105019591642          0.105300133907          0.106094294457          0.105683809432          0.104881328697          0.104953300096          0.105736384075          0.105996739900          0.105344980488          0.104823081044          0.105233653326          0.105925275487          0.105815006846          0.105078408315          0.104868030171          0.105520064637          0.106025183240          0.105574244384          0.104853220034          0.104998365585          0.105828493287          0.106046141284          0.105253174756          0.104654341664          0.105246825132          0.106190236153          0.105959727321          0.104783257249          0.104472765783          0.105718920183          0.106698332238          0.105657722377          0.103988937731          0.103910594804          0.107508476431          0.107139064665          0.106365877345          0.095647571207       
        0.140520066838          0.097712399739          0.105583786150          0.107260031563          0.104086553353          0.104725427641          0.105730217763          0.106552857248          0.105404953373          0.104316436649          0.105046344597          0.106363957211          0.106124612781          0.104742666365          0.104479390047          0.105749265009          0.106476195852          0.105472058468          0.104379335592          0.104983998986          0.106314880180          0.106191657542          0.104788301956          0.104390520829          0.105687150095          0.106592807081          0.105578987370          0.104242794669          0.104795443291          0.106442213312          0.106493313043          0.104722689153          0.103941001272          0.105598907148          0.107191432783          0.105947756870          0.103614059135          0.103506387056          0.107748985409          0.107637693000          0.106303006614          0.095188352796        
        0.140616365397          0.098216606919          0.105695609260          0.106736928547          0.103793361863          0.105151903502          0.106184954341          0.106270086529          0.104835932400          0.104406682182          0.105669015667          0.106489518591          0.105517202868          0.104396697840          0.104990382982          0.106297114598          0.106129469768          0.104769004648          0.104492562967          0.105773924834          0.106479080298          0.105400488707          0.104323330229          0.105074449753          0.106448246942          0.106121675692          0.104564120583          0.104381163024          0.105984923216          0.106743233789          0.105249572482          0.103878286823          0.105060733570          0.107067480019          0.106435957628          0.103897074999          0.103131289613          0.107329400165          0.107875608127          0.106797836874          0.095127125293         
        0.141342397311          0.098314854551          0.105179354157          0.106434357353          0.104215215585          0.105604498396          0.105900932863          0.105696537856          0.104924788073          0.105025391601          0.105792374969          0.105879116420          0.105168068190          0.104905799102          0.105534199081          0.105949003427          0.105422120065          0.104880842093          0.105278616287          0.105935872444          0.105684912014          0.104932167288          0.105005362257          0.105831042163          0.105975776701          0.105101762061          0.104701055601          0.105565884192          0.106283186798          0.105495823361          0.104400327671          0.104995920026          0.106521873369          0.106310815033          0.104376310117          0.103411245084          0.106940546721          0.107454028272          0.107032741358          0.095568964770          
        0.141497125636          0.097832800428          0.104884086455          0.106866318295          0.104665109205          0.105323345825          0.105330695452          0.105787683056          0.105547230763          0.105150123891          0.105186197081          0.105531073597          0.105681302526          0.105451180372          0.105189403189          0.105244182235          0.105536213246          0.105670530102          0.105441889047          0.105146004274          0.105217624344          0.105618521622          0.105763489271          0.105362061348          0.104958628658          0.105240926582          0.105890100303          0.105865059279          0.105041301489          0.104646977533          0.105523762750          0.106458289174          0.105769647719          0.104255124133          0.103889593614          0.107231279121          0.107066870202          0.106613933374          0.095783720235           
        0.140807768399          0.097562937315          0.105311412362          0.107329315389          0.104387740712          0.104756329260          0.105424068255          0.106415564330          0.105674615899          0.104548531210          0.104841806719          0.106047657908          0.106231406274          0.105108810135          0.104489982274          0.105360402684          0.106331198184          0.105836431534          0.104656581381          0.104682520278          0.105907385578          0.106381772381          0.105296930344          0.104351102762          0.105099962148          0.106436352582          0.106192246106          0.104628802968          0.104197543767          0.105774524263          0.106994076139          0.105708637951          0.103724506776          0.103771158102          0.107727328934          0.107360029283          0.106230688408          0.095411530735            
        0.140408360280          0.097963679909          0.105765384042          0.107046112383          0.103824969668          0.104847998493          0.106049318742          0.106542582136          0.105070150107          0.104204525027          0.105355268244          0.106597928938          0.105886423112          0.104408788354          0.104604727707          0.106153522593          0.106496742424          0.105048263841          0.104193566438          0.105369034224          0.106670959148          0.105912449236          0.104285414297          0.104491028872          0.106293217757          0.106738665310          0.104952285731          0.103786611588          0.105320622428          0.107246434604          0.106240760234          0.103663271746          0.103242527843          0.107604110614          0.107855237400          0.106522329224          0.095065238925             
        0.140977462073          0.098382315896          0.105483875402          0.106467896128          0.103914346636          0.105469384966          0.106173238932          0.105932361921          0.104722550784          0.104713476268          0.105900697845          0.106249614391          0.105180570735          0.104521011242          0.105391662284          0.106316331378          0.105702853543          0.104581623982          0.104875518952          0.106127442734          0.106198264304          0.104894390364          0.104422820279          0.105676955496          0.106592628740          0.105491654047          0.104105581181          0.104904029273          0.106784967351          0.106489289317          0.104184596923          0.103179371467          0.107055786924          0.107729326098          0.107013053810          0.095322748105              
        0.141588274920          0.098115991239          0.104915389434          0.106558004504          0.104530494986          0.105593642112          0.105564611455          0.105582982207          0.105233287750          0.105256815030          0.105553944851          0.105542242826          0.105293460973          0.105307651785          0.105553753483          0.105523403417          0.105234364112          0.105265401485          0.105631609830          0.105656412440          0.105178410839          0.105032393848          0.105608363304          0.105975053275          0.105346956390          0.104641705030          0.105225666876          0.106363934009          0.106030214216          0.104429530749          0.103698031598          0.106990619428          0.107180791974          0.106887148631          0.095764024988               
        0.141215385102          0.097589095226          0.105006915141          0.107190400271          0.104655195331          0.104989097224          0.105218783193          0.106098987721          0.105780910867          0.104913938800          0.104852109836          0.105657857426          0.106086457274          0.105472111587          0.104767103940          0.105057916750          0.105923483424          0.106025909930          0.105164498473          0.104642683666          0.105319108692          0.106225351115          0.105908770432          0.104737078815          0.104500423869          0.105768505319          0.106691654430          0.105613779707          0.103980245220          0.103943912295          0.107528686110          0.107118075356          0.106343128067          0.095655512069                
        0.140452797825          0.097679079817          0.105629714322          0.107319990897          0.104056307696          0.104644444187          0.105734264258          0.106650396621          0.105437632871          0.104215795916          0.104967968082          0.106453444833          0.106252483362          0.104686644657          0.104304717026          0.105746973281          0.106688032560          0.105558338191          0.104154892500          0.104783708575          0.106515100583          0.106527888703          0.104672083969          0.103895196088          0.105626796666          0.107241233966          0.105940537901          0.103571029116          0.103497707234          0.107783415314          0.107657154335          0.106281892643          0.095168136337                 
        0.140571065501          0.098258091381          0.105754602481          0.106705949213          0.103713347575          0.105156183116          0.106281891495          0.106303019585          0.104734973829          0.104329082317          0.105757824989          0.106617703774          0.105460850652          0.104222424679          0.104988225639          0.106508442211          0.106216281074          0.104543896432          0.104293422514          0.105973091326          0.106816126169          0.105283692335          0.103828506874          0.105014554809          0.107095697906          0.106485096170          0.103890346325          0.103088769883          0.107320413657          0.107909825947          0.106816856390          0.095109267921                  
        0.141404964923          0.098369376887          0.105148870056          0.106352660075          0.104219816643          0.105701230240          0.105933814733          0.105594844704          0.104847221437          0.105114109803          0.105919841613          0.105822669017          0.104992747562          0.104904135236          0.105744288013          0.106035777101          0.105195783067          0.104681340405          0.105477277198          0.106271379556          0.105567965452          0.104434739988          0.104945939979          0.106475066505          0.106338853256          0.104424834514          0.103405135010          0.106896486390          0.107445060536          0.107066611321          0.095587243569                   
        0.141576390488          0.097804500059          0.104803185314          0.106871394600          0.104761117784          0.105356081527          0.105229215705          0.105709306737          0.105636624919          0.105276962403          0.105130073207          0.105354964741          0.105679657980          0.105661333847          0.105275589769          0.105018121511          0.105335366345          0.105870095966          0.105775970949          0.105029616183          0.104718754042          0.105558775123          0.106407294749          0.105723071085          0.104282675022          0.103938242902          0.107224863853          0.107022438576          0.106605039820          0.095814494560                    
        0.140766831198          0.097487111481          0.105315770694          0.107427823719          0.104420133206          0.104655268741          0.105345475632          0.106505340406          0.105802026344          0.104492639713          0.104666562510          0.106045535832          0.106442928407          0.105194836601          0.104265345542          0.105159490837          0.106531652540          0.106171640840          0.104540565537          0.104185891353          0.105847058809          0.107029095858          0.105657579800          0.103678792470          0.103798576311          0.107777649271          0.107352939618          0.106186457558          0.095403518318                     
        0.140300479108          0.097966617653          0.105862152929          0.107079264582          0.103724883349          0.104769904185          0.106138381577          0.106670883979          0.105013977192          0.104030415539          0.105352951666          0.106809888821          0.105973019795          0.104184349378          0.104405203431          0.106353343954          0.106833869572          0.104931784316          0.103699233421          0.105308832963          0.107319768153          0.106275126569          0.103613376587          0.103197097220          0.107632503426          0.107905177758          0.106515031047          0.095026107417                      
        0.140984253551          0.098471652702          0.105516608594          0.106365421511          0.103837228258          0.105558247134          0.106301065085          0.105875816901          0.104547848680          0.104711529460          0.106111320741          0.106336567647          0.104954646229          0.104321989391          0.105590261044          0.106652929329          0.105585790200          0.104085701046          0.104815913343          0.106773059547          0.106562018977          0.104218619590          0.103130111270          0.107008714986          0.107757733261          0.107062448165          0.095317266550                       
        0.141718417868          0.098146458947          0.104814306633          0.106479259567          0.104618791389          0.105720931913          0.105508298518          0.105406845005          0.105231637899          0.105466433163          0.105640402535          0.105315568252          0.105093110567          0.105506435452          0.105888098765          0.105406613217          0.104735433449          0.105205836892          0.106274492918          0.106018414169          0.104501015758          0.103732324361          0.106939524941          0.107133603157          0.106915332429          0.095808975998                        
        0.141259153876          0.097494959155          0.104928840489          0.107281124437          0.104781358055          0.104933003564          0.105042989661          0.106097075606          0.105991622648          0.104999837449          0.104626769069          0.105456523013          0.106286619213          0.105806211249          0.104651044540          0.104559614077          0.105863322401          0.106671180254          0.105524753356          0.103968637460          0.104015179642          0.107564148635          0.107066481955          0.106296269412          0.095680791250                         
        0.140317505993          0.097605692671          0.105718682076          0.107449316755          0.104000684841          0.104469547305          0.105731940841          0.106862598289          0.105523878107          0.103991747233          0.104767711203          0.106653930871          0.106588909917          0.104570563609          0.103809834989          0.105686575728          0.107337058957          0.105919823532          0.103483758400          0.103486121358          0.107857240992          0.107692151907          0.106230518327          0.095126265819                          
        0.140467173744          0.098340017529          0.105881991177          0.106648917303          0.103540160144          0.105154044952          0.106493185727          0.106389977701          0.104509910396          0.104130229779          0.105956941809          0.106955220330          0.105343967636          0.103728068454          0.104928343955          0.107156279567          0.106580038132          0.103870262936          0.103002095542          0.107308411552          0.107983576112          0.106851389397          0.095063957000                           
        0.141524796872          0.098487663727          0.105092727098          0.106175292057          0.104217936606          0.105911593317          0.106020543354          0.105368022738          0.104647655571          0.105312328235          0.106255247928          0.105705505614          0.104494908160          0.104844639264          0.106387684146          0.106399030471          0.104518163394          0.103385531880          0.106806632800          0.107433081099          0.107139733658          0.095618975466                            
        0.141747106435          0.097752380080          0.104628160716          0.106869711346          0.104969700823          0.105442347856          0.105003121907          0.105507998018          0.105835990746          0.105610421282          0.105013666989          0.104855328365          0.105619745205          0.106304384029          0.105636256328          0.104341718208          0.104031371996          0.107204486141          0.106932285112          0.106593164263          0.095880230139                             
        0.140691539697          0.097323967012          0.105313679582          0.107641751656          0.104505582960          0.104430296436          0.105144545727          0.106706099402          0.106137088226          0.104376822326          0.104170007447          0.105985091170          0.107090594893          0.105555122220          0.103593619117          0.103857331645          0.107874136136          0.107332098715          0.106096918593          0.095392826774                              
        0.140066420932          0.097963916497          0.106072759897          0.107166826244          0.103501943589          0.104570110868          0.106338168449          0.107008598423          0.104897545132          0.103536890088          0.105292759108          0.107459583664          0.106335920583          0.103513011207          0.103112349802          0.107693405796          0.108001485282          0.106494178638          0.094946251291                               
        0.140982104055          0.098667101890          0.105602967007          0.106136895849          0.103639396038          0.105757147720          0.106637611422          0.105758522501          0.104052034109          0.104651953380          0.106756812383          0.106700794952          0.104278454012          0.103030473371          0.106920865476          0.107818707443          0.107157899150          0.095299299819                                
        0.142000766250          0.098226864848          0.104589081271          0.106276619015          0.104816078620          0.106055749684          0.105391488642          0.104906985475          0.105171982003          0.106108201485          0.106002316653          0.104637215356          0.103792168292          0.106836199876          0.107045630780          0.106975834784          0.095894895222                                 
        0.141374681507          0.097285462838          0.104728839985          0.107483560415          0.105113190571          0.104816743912          0.104544710016          0.106036754888          0.106636615457          0.105359501608          0.103952813915          0.104150818585          0.107626138545          0.106962752543          0.106208967250          0.095734951931                                  
        0.140015950264          0.097419155473          0.105917863351          0.107789546585          0.103885410870          0.103973922242          0.105671532584          0.107512715059          0.105885250485          0.103321714361          0.103470330116          0.107997840458          0.107753873971          0.106127480053          0.095048146113                                   
        0.140199842565          0.098524705188          0.106217246767          0.106530681129          0.103049030503          0.105094092613          0.107140936576          0.106754342045          0.103836509150          0.102840921230          0.107292048545          0.108124236707          0.106912500559          0.094972176026                                    
        0.141791962215          0.098799408810          0.104976311004          0.105671803240          0.104158687340          0.106555973748          0.106383735387          0.104689235870          0.103352189793          0.106639524636          0.107416747289          0.107279262976          0.095674223244                                     
        0.142196012979          0.097644275730          0.104131879394          0.106809131888          0.105608412885          0.105803549277          0.104326785490          0.104201781360          0.107169880615          0.106764865301          0.106576974550          0.096005288816                                      
        0.140535509142          0.096862170321          0.105253672593          0.108296742189          0.104863517565          0.103757509036          0.103842537861          0.108050785411          0.107297163562          0.105930751929          0.095378256444                                       
        0.139402156560          0.097907550589          0.106718061015          0.107533803191          0.102835080629          0.103275265764          0.107678041064          0.108178172334          0.106459401374          0.094797705814                                        
        0.140902244955          0.099267026272          0.105964685275          0.105453031882          0.102356245400          0.107089848457          0.107803236422          0.107333147257          0.095268635212                                         
        0.142864932940          0.098563459972          0.103915316028          0.104961028961          0.106137019063          0.107215063952          0.106960452550          0.096052021014                                          
        0.141858799798          0.096659020170          0.103432114404          0.108838193193          0.106262135328          0.106377170562          0.095721339102                                           
        0.139113704372          0.096212454048          0.107252565293          0.108967635134          0.105432086724          0.095198250469                                            
        0.138464326885          0.099765849718          0.107378250389          0.108116894116          0.094350835924                                             
        0.143579076193          0.099879449988          0.106539181282          0.096751589744                                              
        0.143750190652          0.099097663687          0.095342753957                                               
        0.142628043097          0.088688613827                                                
        0.127634364217                                                 
