        0.025632102744          0.010533981265          0.025252980561          0.018778602603          0.019542414995          0.022934100896          0.018702767272          0.020840038869          0.021709072802          0.019061920777          0.021293417339          0.021041722194          0.019337523321          0.021611512333          0.020419957516          0.019781818272          0.021660170457          0.019954217025          0.020298320250          0.021473106614          0.019699099445          0.020786381712          0.021119129353          0.019671804719          0.021157429244          0.020688966492          0.019849267105          0.021350911501          0.020279149154          0.020172746447          0.021344662649          0.019974288047          0.020559972941          0.021157331302          0.019831936454          0.020921646340          0.020842968002          0.019872841347          0.021178976125          0.020478990359          0.020078382362          0.021278858123          0.020149926312          0.020395624788          0.021203784067          0.019930095747          0.020748965059          0.020974614188          0.019868560753          0.021056096308
        0.145048427607          0.052628223672          0.080543025875          0.084758219665          0.074024720215          0.081886154859          0.079389134811          0.078171397447          0.079960840633          0.079913420019          0.077967062338          0.080428087827          0.079269710273          0.078388546550          0.080527523554          0.078765102129          0.078909083412          0.080386049884          0.078450027415          0.079429429140          0.080059807300          0.078355364751          0.079860384184          0.079626461679          0.078476820644          0.080129953750          0.079179879260          0.078770407054          0.080200167070          0.078810409717          0.079162540595          0.080073059447          0.078588155968          0.079564826995          0.079788985820          0.078550441974          0.079891369122          0.079417648300          0.078695710050          0.080075330362          0.079043658316          0.078984922794          0.080081595373          0.078749461238          0.079350143246          0.079913126446          0.078598907472          0.079708625454          0.079609827535          0.078624599714
        0.119769787561          0.033193311059          0.068137500161          0.063549246736          0.054851858443          0.066191262948          0.059522156041          0.059063077039          0.064162505424          0.059301588961          0.060181721779          0.063620108487          0.058683498331          0.061479502156          0.062644522835          0.058640138119          0.062442042128          0.061528290831          0.059085214557          0.062953562443          0.060486236872          0.059872234314          0.062980854285          0.059703143157          0.060809622900          0.062575016389          0.059305126351          0.061693061762          0.061862796485          0.059336646356          0.062343936500          0.061020501923          0.059755410617          0.062641514243          0.060238910548          0.060444023202          0.062543537694          0.059685972589          0.061235736528          0.062091549562          0.059474515833          0.061949137578          0.061400081746          0.059641162084          0.062425015813          0.060631862043          0.060140465758          0.062558346415          0.059963825671          0.060855324641
        0.114369225406          0.043439982005          0.071295495924          0.068376541982          0.063741104644          0.069914044418          0.065034799724          0.067368939056          0.067443020031          0.066064392480          0.067319107780          0.067130007105          0.066234424105          0.067483789616          0.066779133132          0.066507615219          0.067484755691          0.066533836646          0.066807327912          0.067352089678          0.066421146587          0.067071382636          0.067137318956          0.066439489843          0.067253325454          0.066897292174          0.066566187677          0.067326006864          0.066687065102          0.066760532268          0.067286280345          0.066550152520          0.066972057063          0.067154182505          0.066511228490          0.067150686985          0.066967619187          0.066572472440          0.067256671812          0.066773798258          0.066714205080          0.067268297445          0.066619163619          0.066899697931          0.067185826765          0.066539789009          0.067083267195          0.067030902640          0.066554035829          0.067220122709
        0.126392600754          0.039288931941          0.068974211290          0.070288600189          0.060355665624          0.068456959176          0.066200629196          0.063721972271          0.067189108535          0.066158227750          0.063897486213          0.067629288767          0.065230086082          0.064662146339          0.067582512146          0.064569830084          0.065504107215          0.067195874907          0.064241990587          0.066271618314          0.066576424577          0.064267278282          0.066835181901          0.065861935003          0.064606124364          0.067106582785          0.065200772581          0.065163076246          0.067057289059          0.064722236898          0.065806991109          0.066721889531          0.064512830219          0.066396974177          0.066189511605          0.064601152660          0.066809696963          0.065584965939          0.064954097710          0.066962930765          0.065043333748          0.065484944529          0.066830841528          0.064682913769          0.066071708922          0.066448177022          0.064581712353          0.066582191041          0.065902597204          0.064761963958
        0.119312278467          0.039506724697          0.071792632289          0.068079543654          0.060279207678          0.070626805075          0.063741613797          0.064629034098          0.068245546847          0.063921612336          0.065502988673          0.067627719232          0.063607580155          0.066522851918          0.066693103358          0.063778943215          0.067191582264          0.065726069919          0.064324177037          0.067440261359          0.064907885063          0.065090507188          0.067278529356          0.064376222029          0.065901749649          0.066785623347          0.064207373245          0.066586889927          0.066096673569          0.064402693815          0.067012073621          0.065375346515          0.064891392924          0.067104254105          0.064781586081          0.065547121533          0.066862794625          0.064440620478          0.066214872687          0.066357017785          0.064419196285          0.066742888406          0.065710294830          0.064713573701          0.067013397580          0.065073800883          0.065251536810          0.066966301249          0.064595011419          0.065907959321
        0.118999360014          0.041123376209          0.069980035015          0.067929599297          0.062460092288          0.068279133816          0.064759997027          0.065855556628          0.066164600740          0.065648001453          0.065664838845          0.066150932298          0.065598641780          0.065801033890          0.066042509608          0.065608308284          0.065887717267          0.065945457829          0.065645705039          0.065932601354          0.065868117505          0.065695233575          0.065947263217          0.065811789274          0.065746898628          0.065940554261          0.065776689642          0.065792986099          0.065920930680          0.065760267927          0.065829294156          0.065895596322          0.065757969793          0.065854842117          0.065869913349          0.065764530015          0.065870951438          0.065847071287          0.065775339993          0.065880072501          0.065828102668          0.065787468467          0.065884671462          0.065812316736          0.065800046090          0.065886377617          0.065798136831          0.065813940309          0.065885487085          0.065784197764
        0.123513942125          0.039755189853          0.069628326457          0.070289660622          0.060215162450          0.069289414225          0.065959114004          0.063785199595          0.067882739088          0.065820224580          0.064201545456          0.068131129096          0.064889760018          0.065152936570          0.067859949300          0.064318235738          0.066101528628          0.067256692911          0.064149971712          0.066881730917          0.066466387660          0.064371577765          0.067368474015          0.065655214426          0.064903638457          0.067494439029          0.064985202799          0.065612953890          0.067264106210          0.064582194128          0.066339890489          0.066750684324          0.064513047194          0.066929592272          0.066080053284          0.064774560518          0.067261728748          0.065404864225          0.065295999355          0.067273188653          0.064873834671          0.065954603975          0.066969450245          0.064602149161          0.066601022107          0.066422522517          0.064648627768          0.067089750939          0.065755899026          0.065004023408
        0.119825450294          0.039735965090          0.071850198334          0.067699751052          0.061003688876          0.070285291252          0.063681934593          0.065255195359          0.067783519051          0.064113993475          0.065925510323          0.067157214443          0.064000713584          0.066712588966          0.066311616707          0.064289095650          0.067153758768          0.065509994281          0.064852561621          0.067220707309          0.064897628048          0.065542475036          0.066953898163          0.064570068382          0.066204034674          0.066447955525          0.064563567357          0.066700456843          0.065835253866          0.064849098608          0.066938316725          0.065259379477          0.065340700084          0.066883426822          0.064847062120          0.065914629033          0.066564986835          0.064683894946          0.066435438557          0.066067403079          0.064798464692          0.066783870370          0.065511485020          0.065157879418          0.066881155955          0.065028729916          0.065675497776          0.066705032067          0.064733704434          0.066229335401
        0.119558093839          0.041004933278          0.069451985517          0.068654431127          0.062084863454          0.068108147955          0.065331698385          0.065360581960          0.066270974349          0.066037251305          0.065148573371          0.066466348384          0.065758247691          0.065360551242          0.066485320450          0.065539474658          0.065603225685          0.066417063915          0.065390343727          0.065849334107          0.066272484439          0.065327094532          0.066068398231          0.066072968218          0.065356743151          0.066228404788          0.065852170397          0.065470692145          0.066305941998          0.065647750884          0.065646370578          0.066291269724          0.065494398833          0.065850734034          0.066190667123          0.065417646510          0.066045794005          0.066025557778          0.065429383590          0.066195301048          0.065828675219          0.065525741323          0.066271346270          0.065638125832          0.065687667805          0.066259566089          0.065490554799          0.065884129516          0.066161862281          0.065414702490
        0.123406109710          0.039525483253          0.070345126355          0.069889124278          0.060082644866          0.069834115110          0.065451134541          0.063876230210          0.068220202352          0.065292577747          0.064489114963          0.068246409299          0.064440788258          0.065558324866          0.067754619845          0.064023184493          0.066530130068          0.066973100183          0.064050352554          0.067241524711          0.066077179027          0.064468620545          0.067587059400          0.065248662576          0.065159630993          0.067531971462          0.064647836279          0.065959985915          0.067119787128          0.064382067685          0.066694202861          0.066461635254          0.064486850582          0.067208736646          0.065712869761          0.064921000198          0.067401229062          0.065041528918          0.065576681340          0.067239504239          0.064594733196          0.066302217420          0.066766752570          0.064469471762          0.066933236718          0.066091979547          0.064693361881          0.067326152508          0.065367592590          0.065219053001
        0.119041585161          0.040135086096          0.071492750620          0.067548177565          0.061540870406          0.069768115125          0.063806690738          0.065626567483          0.067262349761          0.064438889818          0.066064281950          0.066720283089          0.064444382817          0.066626225357          0.066036079731          0.064754242853          0.066886084225          0.065437075253          0.065245339354          0.066846507052          0.065026926764          0.065789626081          0.066563825700          0.064861438228          0.066265754328          0.066130594761          0.064946473368          0.066576754412          0.065659862363          0.065237528662          0.066667750383          0.065262687728          0.065650687500          0.066534446566          0.065026676097          0.066081050578          0.066221520810          0.064999521383          0.066424941251          0.065811448869          0.065180630450          0.066601519757          0.065406088452          0.065522373103          0.066569547938          0.065104701050          0.065940697020          0.066335991253          0.064982712989          0.066333086298
        0.120767144929          0.040753378764          0.069272114597          0.069261992456          0.061623177238          0.068230178494          0.065717756149          0.064867917663          0.066599973957          0.066205426049          0.064734339795          0.066918529610          0.065702655210          0.065099851632          0.066963807312          0.065301889563          0.065539968187          0.066827924260          0.065043389423          0.065986201037          0.066541747644          0.064959770375          0.066368038811          0.066159577954          0.065056965308          0.066622321885          0.065754503836          0.065308239391          0.066709182138          0.065402543613          0.065659531657          0.066619977943          0.065168378160          0.066039257725          0.066379067024          0.065093488539          0.066371525692          0.066039104670          0.065188652086          0.066590382756          0.065670919230          0.065432046234          0.066652357466          0.065350038615          0.065773285455          0.066544812162          0.065142485255          0.066142717770          0.066288416137          0.065092477716
        0.122705620872          0.039447425393          0.070923924611          0.069346918228          0.060170949360          0.070172456542          0.064915583609          0.064152092451          0.068319028223          0.064830110869          0.064880861731          0.068125285293          0.064133128504          0.065972774270          0.067455608603          0.063911217665          0.066875327526          0.066569191787          0.064134853507          0.067445190341          0.065656785614          0.064711597929          0.067609544891          0.064898222536          0.065493066286          0.067372722553          0.064435122408          0.066300155158          0.066816179470          0.064343392152          0.066958788590          0.066080461494          0.064620561822          0.067333448314          0.065336182909          0.065188459665          0.067352740275          0.064749616876          0.065910490830          0.067022209393          0.064449533272          0.066620106669          0.066422023355          0.064501631074          0.067154954491          0.065690037487          0.064895438670          0.067390132918          0.064993537094          0.065546174969
        0.118780391102          0.040458242407          0.070985880329          0.067666514835          0.061888845213          0.069241211075          0.064126682643          0.065772967198          0.066831663478          0.064880916251          0.065985411059          0.066448229672          0.064908842756          0.066366915725          0.065964812236          0.065148169392          0.066519970359          0.065566685377          0.065495845027          0.066463327049          0.065317966437          0.065856769022          0.066251612545          0.065244187172          0.066148964939          0.065958467046          0.065335702761          0.066313713946          0.065664788440          0.065549866756          0.066325953723          0.065442804508          0.065821277499          0.066197013315          0.065342404177          0.066076396996          0.065969955083          0.065382162325          0.066249572422          0.065708696543          0.065546677536          0.066297217212          0.065483237667          0.065790706013          0.066207240779          0.065353991221          0.066049344502          0.066001763012          0.065358276903          0.066252389179
        0.121753945672          0.040438358174          0.069363308266          0.069649882608          0.061139152867          0.068547153472          0.065859870651          0.064439303866          0.067032489349          0.066130285086          0.064461000880          0.067376160664          0.065447818331          0.065022090790          0.067352986348          0.064939630046          0.065660224549          0.067075646571          0.064661933248          0.066267226570          0.066607847902          0.064646060376          0.066741731348          0.066043025894          0.064879849240          0.067004348080          0.065492210012          0.065305326443          0.067016438634          0.065060955622          0.065830257800          0.066787458093          0.064829515426          0.066345540990          0.066372882023          0.064838057781          0.066745908286          0.065863210258          0.065079430402          0.066950069745          0.065366335754          0.065500707651          0.066916386277          0.064986767467          0.066013248984          0.066650971460          0.064805668136          0.066509494110          0.066206602852          0.064865387090
        0.121787514656          0.039520776280          0.071307513641          0.068793935888          0.060449652282          0.070287891159          0.064467561800          0.064554109763          0.068204389238          0.064530832878          0.065303158518          0.067833021693          0.064030085274          0.066325828935          0.067058815838          0.064004713142          0.067086806064          0.066156521502          0.064386638199          0.067475406266          0.065314718117          0.065053560541          0.067457987949          0.064694393428          0.065841504225          0.067076887743          0.064405582566          0.066572822644          0.066443019934          0.064486206244          0.067091470087          0.065712161296          0.064896880359          0.067292883483          0.065053060288          0.065530797173          0.067143396148          0.064613505450          0.066236606594          0.066685553351          0.064490867220          0.066849847446          0.066028387632          0.064712721890          0.067226864216          0.065324605976          0.065231225365          0.067274660011          0.064739144622          0.065932302698
        0.118975694515          0.040661502509          0.070445236454          0.067990046056          0.062017523584          0.068794852870          0.064557672073          0.065694154459          0.066557597855          0.065340333944          0.065726297964          0.066373491873          0.065298257228          0.066000876949          0.066090252634          0.065395215615          0.066136190074          0.065853089400          0.065560723924          0.066149529721          0.065695929380          0.065738720922          0.066076842667          0.065628857447          0.065885231886          0.065959816425          0.065644085845          0.065971233280          0.065840644151          0.065717387618          0.065987330638          0.065753906430          0.065814530435          0.065943410757          0.065720406414          0.065899753308          0.065864210097          0.065743916986          0.065944431153          0.065782005603          0.065811389920          0.065933998685          0.065728101480          0.065896634233          0.065871539789          0.065724881701          0.065966886207          0.065777186954          0.065779933278          0.065991132823
        0.122393677205          0.040122107621          0.069672298178          0.069794749453          0.060729109114          0.068983134370          0.065774491251          0.064159554584          0.067480800685          0.065867195476          0.064377880988          0.067755839722          0.065078754993          0.065135719605          0.067590824212          0.064552373990          0.065933452119          0.067132042252          0.064342811608          0.066632158091          0.066482297640          0.064463293217          0.067114317420          0.065772757861          0.064870556087          0.067301825129          0.065143695985          0.065468691659          0.067174183333          0.064715936718          0.066128194593          0.066771975561          0.064568204333          0.066710779289          0.066188464983          0.064722676674          0.067095958440          0.065551066983          0.065141202563          0.067204328503          0.064996425550          0.065732823388          0.067013013636          0.064643933681          0.066371247381          0.066560214497          0.064572685788          0.066919113510          0.065937964484          0.064806089902
        0.120840857143          0.039709896457          0.071452661611          0.068326211082          0.060839473484          0.070178618037          0.064177651536          0.064983025310          0.067915561611          0.064432499749          0.065660358186          0.067439575355          0.064128526329          0.066541729183          0.066649873850          0.064261386263          0.067121541219          0.065818733321          0.064733346737          0.067328321842          0.065115683284          0.065406640562          0.067166551674          0.064669983466          0.066118792609          0.066708136645          0.064553618318          0.066710154129          0.066079279745          0.064767634908          0.067055577623          0.065433862233          0.065244124349          0.067088198883          0.064922044332          0.065861640783          0.066811375217          0.064660092806          0.066470987532          0.066296574769          0.064707179736          0.066926394228          0.065667727630          0.065053521850          0.067116054226          0.065075179107          0.065622076728          0.066986065156          0.064664370835          0.066283481205
        0.119531081571          0.040728630723          0.069981033595          0.068436881405          0.061936138863          0.068509504154          0.065008175660          0.065435966402          0.066482299123          0.065727850373          0.065362062268          0.066497631337          0.065543758820          0.065618322521          0.066375007063          0.065459305763          0.065822797913          0.066229144050          0.065442687810          0.065974331469          0.066078608204          0.065475567771          0.066077058199          0.065935413591          0.065543498879          0.066134030740          0.065810215103          0.065633102956          0.066149799291          0.065709881470          0.065733658189          0.066129844395          0.065637789802          0.065836914530          0.066080170027          0.065595000121          0.065936150072          0.066006922493          0.065581744651          0.066025062411          0.065916110627          0.065598581836          0.066096963896          0.065813627142          0.065646693843          0.066144492674          0.065705761685          0.065727158167          0.066159774253          0.065600223947
        0.122622911289          0.039858848396          0.070112188161          0.069702812994          0.060463703417          0.069439532369          0.065507196571          0.064071292202          0.067853494818          0.065492245932          0.064486556104          0.067986806270          0.064686682156          0.065403266067          0.067640108603          0.064228983556          0.066292168521          0.066999554425          0.064155799982          0.066998149011          0.066205644430          0.064449362755          0.067404954068          0.065418606640          0.065028663049          0.067452627164          0.064793731978          0.065760727850          0.067151845459          0.064450085655          0.066487014547          0.066581023787          0.064448279336          0.067054078611          0.065870325153          0.064779519874          0.067343318987          0.065175807018          0.065367777028          0.067294080345          0.064648809678          0.066084646870          0.066915576820          0.064406456149          0.066774208761          0.066285281302          0.064508771399          0.067283298760          0.065534118377          0.064946598340
        0.120040466017          0.039966332585          0.071360990114          0.068022929110          0.061250760031          0.069888029389          0.064085996242          0.065346536519          0.067525746751          0.064535501527          0.065880505664          0.067033954815          0.064389727539          0.066581045121          0.066315820175          0.064612495959          0.066979089826          0.065623943488          0.065090766737          0.067041384902          0.065095918364          0.065688329235          0.066802141296          0.064822849045          0.066260670121          0.066348689409          0.064839845638          0.066678939914          0.065805385432          0.065119528700          0.066855607632          0.065307465295          0.065579483603          0.066760822976          0.064973444519          0.066100507873          0.066426932443          0.064881277540          0.066552098142          0.065940398360          0.065052740023          0.066820257371          0.065422847810          0.065448913556          0.066832175955          0.065005103878          0.065977595287          0.066572862710          0.064799355821          0.066511271712
        0.120300390005          0.040663607628          0.069678102686          0.068907144249          0.061686666642          0.068427948468          0.065387422444          0.065071327967          0.066605265058          0.065971520321          0.064980499294          0.066780988328          0.065606351162          0.065305105799          0.066749404670          0.065340406968          0.065646950203          0.066609913032          0.065179257473          0.065973244726          0.066383137304          0.065133856386          0.066249536950          0.066099627244          0.065205305316          0.066441205114          0.065801157448          0.065378959638          0.066523633031          0.065532114473          0.065626130241          0.066487465770          0.065332513710          0.065907296750          0.066341102455          0.065232077083          0.066177283187          0.066109802022          0.065246043649          0.066391823897          0.065831686518          0.065373089183          0.066514442457          0.065551648843          0.065595488245          0.066522262855          0.065314551892          0.065881494227          0.066409413729          0.065159083485
        0.122448068751          0.039692075589          0.070580056597          0.069420349331          0.060381440951          0.069821198569          0.065132251981          0.064176421028          0.068079410497          0.065096092179          0.064749858923          0.068031102411          0.064360054117          0.065757488439          0.067502474510          0.064039003265          0.066653573131          0.066717971414          0.064138726369          0.067284139991          0.065847083860          0.064603899260          0.067551041945          0.065064861783          0.065316658234          0.067425525037          0.064524595610          0.066115147583          0.066956185871          0.064327058347          0.066825714817          0.066258417046          0.064501848414          0.067296764006          0.065491019791          0.065002396259          0.067428380602          0.064824633938          0.065715413233          0.067191976215          0.064408141812          0.066483042183          0.066636074797          0.064339421417          0.067133644762          0.065877105538          0.064645862649          0.067515475282          0.065077067991          0.065278179851
        0.119524863458          0.040232920275          0.071077142156          0.067927575991          0.061597405328          0.069491537368          0.064192753899          0.065572602222          0.067123909447          0.064801213041          0.065924444794          0.066703323461          0.064745092923          0.066443440919          0.066124889878          0.064974031830          0.066696888956          0.065608482872          0.065376621818          0.066681439110          0.065253352483          0.065834579335          0.066446922728          0.065113677509          0.066234072667          0.066078957843          0.065196211640          0.066483727385          0.065683266025          0.065459214910          0.066532955060          0.065363336594          0.065822645435          0.066380933627          0.065199230289          0.066186032171          0.066075124239          0.065231412656          0.066450573512          0.065699809792          0.065452540104          0.066541136376          0.065357140411          0.065808650468          0.066423713664          0.065144618015          0.066209537761          0.066114701104          0.065133526508          0.066546448504
        0.121109217437          0.040493255294          0.069583044649          0.069303862649          0.061337993281          0.068550298075          0.065623979782          0.064687904922          0.066886526217          0.066031592630          0.064666904219          0.067153417627          0.065485361103          0.065127987638          0.067127917670          0.065075475099          0.065643885383          0.066911878275          0.064836470194          0.066143317499          0.066544636631          0.064794670060          0.066554108547          0.066087963848          0.064949896123          0.066812359627          0.065621148268          0.065269677535          0.066878524163          0.065225078340          0.065694258986          0.066745627611          0.064968221647          0.066145826754          0.066441249405          0.064895127231          0.066541292613          0.066022853303          0.065019094280          0.066806547456          0.065567593690          0.065319987619          0.066889505718          0.065158854066          0.065747460681          0.066769243532          0.064872288776          0.066229134338          0.066459168507          0.064764015024
        0.121947714863          0.039645021308          0.070976359561          0.069024898881          0.060482886451          0.070053929880          0.064738747826          0.064437924300          0.068120443819          0.064767088838          0.065100897594          0.067890063861          0.064168317021          0.066115860863          0.067217424351          0.064020218248          0.066936724953          0.066356252265          0.064291260149          0.067427469555          0.065490726038          0.064889505383          0.067521137559          0.064793670263          0.065668402489          0.067226979976          0.064399853958          0.066451063129          0.066630709588          0.064378918458          0.067065635874          0.065876450487          0.064722727828          0.067379104005          0.065137561358          0.065347622091          0.067323542707          0.064582075791          0.066111056197          0.066909685917          0.064339429327          0.066839575493          0.066225108532          0.064474718864          0.067362946684          0.065417420358          0.064975205550          0.067547968225          0.064665895998          0.065751476262
        0.119369419040          0.040454788373          0.070678696676          0.068040914219          0.061812207097          0.069080784992          0.064459365649          0.065621673324          0.066796846230          0.065160728854          0.065791610051          0.066515718189          0.065110385071          0.066165997790          0.066113190378          0.065263553822          0.066341370091          0.065770015246          0.065526718427          0.066330247590          0.065548379865          0.065812142694          0.066180954687          0.065474126689          0.066043284684          0.065960572388          0.065539789615          0.066165564183          0.065743022180          0.065706172733          0.066157398010          0.065593186590          0.065912061852          0.066033187365          0.065553489824          0.066088651546          0.065838383406          0.065635229638          0.066175858096          0.065637916526          0.065816101815          0.066137184461          0.065500616009          0.066044306967          0.065969929064          0.065482948612          0.066248543361          0.065708424553          0.065615332878          0.066352141451
        0.121789060697          0.040262028719          0.069698146883          0.069551008366          0.060972933054          0.068836027588          0.065678789684          0.064371381374          0.067256086386          0.065907337182          0.064487992544          0.067529357247          0.065217745611          0.065122318034          0.067426943430          0.064730561615          0.065810869324          0.067070081655          0.064495426323          0.066444625416          0.066529539832          0.064537291696          0.066921996229          0.065904687114          0.064838236468          0.067163993993          0.065311252253          0.065334932828          0.067133371986          0.064858381411          0.065929540160          0.066842376588          0.064629140712          0.066506434045          0.066350915800          0.064665997897          0.066952644613          0.065755597409          0.064963464344          0.067178327065          0.065172070757          0.065468961721          0.067133234690          0.064714371440          0.066091751054          0.066815713314          0.064475351119          0.066718543387          0.066272117776          0.064511845336
        0.121255669947          0.039716748006          0.071222982668          0.068610129163          0.060732246860          0.070097653190          0.064413583743          0.064788864681          0.067977807773          0.064574660997          0.065457462063          0.067603047493          0.064149186657          0.066397645631          0.066853807482          0.064172254974          0.067079007964          0.065998425737          0.064576026337          0.067396594165          0.065218643950          0.065240127498          0.067321507614          0.064668514966          0.066003114781          0.066900275476          0.064451479774          0.066689880074          0.066247517108          0.064599408524          0.067147016878          0.065521990736          0.065067205153          0.067273356835          0.064894371446          0.065742168122          0.067040249137          0.064513049186          0.066466329123          0.066497558163          0.064474470524          0.067067674300          0.065764195021          0.064803508441          0.067394394656          0.065005165802          0.065447384059          0.067345508860          0.064399901029          0.066284177084
        0.119574930272          0.040589376155          0.070260299813          0.068322576299          0.061858540031          0.068745347110          0.064817421229          0.065492801576          0.066612200506          0.065529390527          0.065518645279          0.066506976450          0.065402857539          0.065814644927          0.066278068818          0.065416625289          0.065993805655          0.066068568564          0.065507565328          0.066067439071          0.065912272128          0.065625005259          0.066065510460          0.065820906047          0.065728974913          0.066023325201          0.065789746896          0.065793786756          0.065976065544          0.065798592086          0.065813137420          0.065950786550          0.065817923659          0.065799601328          0.065960619638          0.065817529368          0.065779473205          0.066001923305          0.065775754600          0.065784452062          0.066054714132          0.065687244127          0.065842258121          0.066086295984          0.065567220804          0.065968295725          0.066057561187          0.065451166578          0.066159965397          0.065930888690
        0.122208228985          0.040023282754          0.069983327584          0.069606958014          0.060672280495          0.069213496443          0.065551541707          0.064189035008          0.067628726228          0.065635997817          0.064479356161          0.067825356221          0.064869836801          0.065285747713          0.067581671972          0.064387015835          0.066108434757          0.067051153437          0.064235639600          0.066808840230          0.066342373590          0.064422938463          0.067270081170          0.065591175686          0.064900317452          0.067415306182          0.064941405017          0.065566613965          0.067226465314          0.064516556811          0.066286349199          0.066748250605          0.064397393622          0.066914029173          0.066079885827          0.064607523419          0.067320816846          0.065356575493          0.065109135067          0.067418532702          0.064724563967          0.065809508192          0.067176109232          0.064314870509          0.066577238192          0.066624908142          0.064220795995          0.067265518580          0.065851440802          0.064483411747
        0.120534068902          0.039883133332          0.071276921511          0.068267641092          0.061065800533          0.069952898929          0.064224920128          0.065146795523          0.067690660645          0.064556407429          0.065739006694          0.067238780567          0.064302129020          0.066540270098          0.066495562298          0.064457614523          0.067048765530          0.065726470211          0.064926916676          0.067197555821          0.065094191326          0.065574983831          0.066995167142          0.064721196162          0.066242200417          0.066517261545          0.064673023109          0.066771776157          0.065893272547          0.064944646088          0.067041956449          0.065279297238          0.065462139007          0.066990715573          0.064826214532          0.066097607566          0.066628554182          0.064649183386          0.066694636848          0.066036835937          0.064804237592          0.067099563284          0.065352069555          0.065276195445          0.067192575279          0.064739515385          0.065979959801          0.066912329001          0.064361768490          0.066774985056
        0.120070662858          0.040613941208          0.069914883277          0.068700501757          0.061736108187          0.068555214071          0.065183082665          0.065222376382          0.066605498265          0.065824062392          0.065170974318          0.066674182080          0.065557814470          0.065470155754          0.066579228696          0.065399544941          0.065733399061          0.066435047754          0.065322914206          0.065953956342          0.066261374862          0.065313530875          0.066130125833          0.066072867526          0.065360102290          0.066258397285          0.065884024240          0.065452186360          0.066335916864          0.065706459053          0.065581807333          0.066360245392          0.065549183650          0.065742626916          0.066329508509          0.065420201305          0.065927894081          0.066242498549          0.065328760786          0.066128214411          0.066098563146          0.065287315674          0.066330078812          0.065897403210          0.065312332976          0.066515621332          0.065639000029          0.065423677893          0.066663543619          0.065323420377
        0.122295087837          0.039828868615          0.070365891026          0.069471151506          0.060499329618          0.069595168167          0.065279490153          0.064177042737          0.067921416015          0.065284381830          0.064639097187          0.067976859118          0.064523390520          0.065579368299          0.067559024040          0.064124698224          0.066468832722          0.066859983957          0.064118656150          0.067153368418          0.066024946115          0.064481967927          0.067517996557          0.065217820715          0.065128470893          0.067504943470          0.064596573020          0.065919614619          0.067128671205          0.064282111465          0.066690145099          0.066473384570          0.064336160443          0.067278603319          0.065677097320          0.064750033968          0.067557605340          0.064905661232          0.065446002295          0.067457968879          0.064322155840          0.066290976042          0.066981618535          0.064057758167          0.067120235912          0.066200244893          0.064189723281          0.067767252583          0.065239228030          0.064730811216
        0.119941434112          0.040102319831          0.071137077473          0.068069356953          0.061405439299          0.069659412002          0.064209401657          0.065430775767          0.067327419681          0.064711503274          0.065882955068          0.066881033578          0.064589350350          0.066511905236          0.066224509633          0.064809957001          0.066851729877          0.065603541292          0.065262992606          0.066872993143          0.065148904970          0.065815360354          0.066613596800          0.064944946356          0.066325690279          0.066164285524          0.065020275048          0.066668620951          0.065651973033          0.065341208080          0.066761322092          0.065212893788          0.065818896304          0.066580846300          0.064964460705          0.066327202142          0.066169314549          0.064981155150          0.066728072711          0.065625932524          0.065278823971          0.066899644511          0.065087677130          0.065810062314          0.066761437935          0.064703002286          0.066471438860          0.066290864680          0.064604590741          0.067122115248
        0.120730923051          0.040529209171          0.069715574725          0.069086228668          0.061479733187          0.068547387029          0.065474189630          0.064875752833          0.066773658980          0.065979801941          0.064828917375          0.066976834228          0.065541427620          0.065211357383          0.066947307471          0.065215957113          0.065620836492          0.066785511177          0.065012969585          0.066019183869          0.066514287905          0.064946440359          0.066365883804          0.066167773350          0.065020166325          0.066619202121          0.065792499604          0.065222110698          0.066746529302          0.065438644389          0.065525636242          0.066730250403          0.065153260255          0.065891629711          0.066570952994          0.064974968988          0.066272375610          0.066286975015          0.064930602379          0.066617158869          0.065910337316          0.065033838861          0.066878938835          0.065479997518          0.065285759369          0.067020875802          0.065033564481          0.065677577919          0.067021925977          0.064595122168
        0.122049505428          0.039719123614          0.070756185842          0.069182809594          0.060487945727          0.069895559445          0.064929047350          0.064334010981          0.068070008565          0.064934778581          0.064928889379          0.067951087402          0.064258683857          0.065936063766          0.067364258166          0.064005503653          0.066810061739          0.066538829775          0.064175182102          0.067398339502          0.065648143399          0.064707121480          0.067604785889          0.064870073046          0.065478085919          0.067404112273          0.064359691061          0.066319948770          0.066850468860          0.064218589045          0.067051470046          0.066067109556          0.064476105890          0.067512432484          0.065222868123          0.065083788179          0.067594187620          0.064500392030          0.065923850232          0.067260403119          0.064062659657          0.066830187383          0.066553413930          0.064024446598          0.067618466558          0.065584062419          0.064434439242          0.068120911939          0.064502802626          0.065279612991
        0.119601942521          0.040323476506          0.070842968683          0.068053949145          0.061674673155          0.069287230052          0.064365661043          0.065577739193          0.066971453962          0.065001691952          0.065857251173          0.066611392414          0.064944101721          0.066317893287          0.066103548298          0.065148025836          0.066530053636          0.065660845733          0.065505293540          0.066493889832          0.065375607007          0.065901052122          0.066262701292          0.065295102664          0.066225159328          0.065924975238          0.065419377944          0.066390890524          0.065587818311          0.065700100176          0.066354306050          0.065353820982          0.066050464883          0.066124108816          0.065299413993          0.066362823731          0.065760497147          0.065458643898          0.066530803991          0.065363447876          0.065815101504          0.066471558198          0.065053311394          0.066303272228          0.066143011552          0.064948543075          0.066819803123          0.065548024099          0.065153948445          0.067228197395
        0.121401747982          0.040358508515          0.069701769705          0.069393008509          0.061151438405          0.068719129365          0.065626734858          0.064533374728          0.067076187914          0.065962745938          0.064570997406          0.067345455743          0.065357387945          0.065098766301          0.067298199210          0.064906091229          0.065685473236          0.067038408886          0.064646399970          0.066254264782          0.066608693147          0.064607105494          0.066726272172          0.066075510554          0.064790363577          0.067029718393          0.065524112084          0.065165682282          0.067116546582          0.065042629519          0.065673973862          0.066971513614          0.064708449152          0.066235409303          0.066614902618          0.064577456456          0.066760977696          0.066098032657          0.064677548615          0.067166215399          0.065492468591          0.065007138264          0.067384773461          0.064874886751          0.065539034546          0.067379824473          0.064306752745          0.066237785668          0.067135971758          0.063836347033
        0.121540496254          0.039715210260          0.071066123952          0.068812028399          0.060636517909          0.070048473864          0.064581803050          0.064621969534          0.068042048931          0.064667938714          0.065282238558          0.067753600302          0.064137945556          0.066274434940          0.067040018442          0.064060418699          0.067052753862          0.066159032572          0.064398269503          0.067483176924          0.065297883422          0.065054182904          0.067501944989          0.064631283318          0.065875655082          0.067123558907          0.064294636729          0.066678668525          0.066441498858          0.064356926006          0.067283065970          0.065610121287          0.064807757177          0.067547058699          0.064815156403          0.065558899513          0.067394584174          0.064238983411          0.066459920414          0.066829667567          0.064027807710          0.067325346163          0.065934004641          0.064267445703          0.067969560189          0.064843871654          0.064980569387          0.068228385324          0.063734680888          0.066104799009
        0.119581820751          0.040497135457          0.070465663793          0.068219934610          0.061814022074          0.068921958608          0.064655347476          0.065555120675          0.066703906666          0.065359644907          0.065666801603          0.066492459377          0.065284660150          0.065999822679          0.066163530423          0.065392501940          0.066154120876          0.065890755781          0.065593309495          0.066145599225          0.065729108526          0.065803304291          0.066025647632          0.065697266864          0.065950666467          0.065863145434          0.065780853686          0.065987261077          0.065731484891          0.065933924623          0.065900698675          0.065691982025          0.066088417676          0.065717925696          0.065780293370          0.066168369356          0.065500254134          0.065998030165          0.066106157659          0.065331354500          0.066310778736          0.065856932617          0.065301672893          0.066653456126          0.065403726349          0.065501590457          0.066927524751          0.064775564115          0.065984005764          0.067034757803
        0.121932460484          0.040142576293          0.069872022677          0.069553250093          0.060827352373          0.069029134131          0.065607575435          0.064274051425          0.067443773416          0.065776786192          0.064457644713          0.067695930982          0.065046146191          0.065161819380          0.067550323270          0.064538769926          0.065918664969          0.067131446634          0.064306638485          0.066612948300          0.066514598884          0.064376726488          0.067135495274          0.065805228959          0.064732835429          0.067398731656          0.065126585002          0.065312350439          0.067356746934          0.064596905825          0.066015820054          0.067014028220          0.064310469438          0.066722288675          0.066424121353          0.064323925821          0.067308880421          0.065678261886          0.064649868306          0.067671483938          0.064885984286          0.065258727428          0.067743403420          0.064147814504          0.066097155560          0.067493237684          0.063549074700          0.067078269943          0.066946247769          0.063247192053
        0.120890613641          0.039815286724          0.071227011083          0.068444983264          0.060908946562          0.070020249068          0.064317663657          0.064974597881          0.067843286525          0.064546404697          0.065618308284          0.067427302752          0.064192346003          0.066515584994          0.066657996857          0.064282661358          0.067136659737          0.065806898879          0.064743934787          0.067379577206          0.065057872317          0.065449976657          0.067220361313          0.064565597039          0.066232630240          0.066713087991          0.064432523340          0.066908908655          0.065982697766          0.064687785833          0.067316785209          0.065200694169          0.065281399728          0.067346694456          0.064552516310          0.066092875218          0.066962721597          0.064203454335          0.066952779476          0.066208327934          0.064270286760          0.067674478182          0.065190958187          0.064812406351          0.068075761471          0.064072364665          0.065803093239          0.068031026635          0.063136716401          0.066572316691
        0.119877395212          0.040585107720          0.070092699866          0.068526741488          0.061792874787          0.068647071621          0.065011444492          0.065367369746          0.066586958418          0.065703031436          0.065352604016          0.066554750318          0.065531257184          0.065627418484          0.066396401100          0.065482531096          0.065808661385          0.066247554505          0.065497961375          0.065910765495          0.066134430940          0.065531787311          0.065965835526          0.066061407726          0.065550392750          0.066009115282          0.066016845188          0.065536942984          0.066072503296          0.065973905757          0.065497331438          0.066176156894          0.065896372765          0.065459933745          0.066322976785          0.065746882160          0.065470175767          0.066496514359          0.065495410140          0.065582108490          0.066663055807          0.065121776230          0.065858109760          0.066762828568          0.064634833009          0.066336129557          0.066736012235          0.064176285384          0.066460403902          0.068402518806
        0.122206013027          0.039931032214          0.070185084251          0.069531978834          0.060581941777          0.069406332633          0.065420987116          0.064158608662          0.067792586118          0.065462787643          0.064518460434          0.067946775846          0.064676885976          0.065392205729          0.067641501498          0.064197680722          0.066274585563          0.067034841350          0.064075047065          0.067019854366          0.066241474879          0.064317580924          0.067502668183          0.065405042031          0.064877224417          0.067637244121          0.064678788584          0.065651413538          0.067397282659          0.064197481479          0.066499887345          0.066820723755          0.064055748722          0.067267858077          0.066001429203          0.064294715693          0.067812524983          0.065068993678          0.064899122986          0.068029001006          0.064156970512          0.065813681621          0.067855620573          0.063389588450          0.066934346114          0.067301681980          0.062960290769          0.067555479281          0.068308588657          0.058094612881
        0.120250114424          0.039995237494          0.071203311110          0.068166087303          0.061242440018          0.069816520830          0.064198363672          0.065311048557          0.067516661448          0.064601432557          0.065858611442          0.067044075289          0.064415101994          0.066599522217          0.066304761372          0.064628279608          0.067033570522          0.065566390866          0.065139134794          0.067098418810          0.064992433256          0.065806187692          0.066809820106          0.064704194873          0.066462416781          0.066253688104          0.064764002613          0.066942742557          0.065572493328          0.065161441289          0.067116949799          0.064937603655          0.065814609185          0.066915259800          0.064517181221          0.066584469709          0.066341092534          0.064446623199          0.067300724663          0.065463861854          0.064815750407          0.067780148654          0.064416992009          0.065634219999          0.067878588042          0.063472112246          0.066270500255          0.069416746473          0.057988185815          0.075986488455
        0.120417044396          0.040568090492          0.069809885838          0.068903495098          0.061615584200          0.068526649276          0.065352227172          0.065055135885          0.066650783666          0.065951549127          0.064983722293          0.066789865090          0.065622680862          0.065284758567          0.066755985598          0.065388755305          0.065575771579          0.066655718436          0.065228615054          0.065852375872          0.066500986033          0.065134277087          0.066113272115          0.066299184508          0.065103032048          0.066352123535          0.066058213951          0.065136196888          0.066559304241          0.065783403893          0.065241309208          0.066721786367          0.065477152799          0.065431312031          0.066824175239          0.065139378369          0.065722462030          0.066850840944          0.064764250628          0.066140973938          0.066773811658          0.064356896746          0.066696502864          0.066572641086          0.064038453259          0.066814587755          0.068097159095          0.058948078844          0.075870004648          0.057377999345
        0.122162357411          0.039772152940          0.070568825732          0.069333779799          0.060472609748          0.069764595169          0.065107834585          0.064217086477          0.068041492299          0.065090496645          0.064745538897          0.068036004026          0.064333732678          0.065744640867          0.067542208090          0.063964493500          0.066678424023          0.066758440331          0.064014138135          0.067384593719          0.065837917854          0.064459564134          0.067739163318          0.064954335641          0.065213176727          0.067675670931          0.064277184633          0.066132044844          0.067201308758          0.063941109819          0.067042287320          0.066394685228          0.064024818687          0.067769044904          0.065388498676          0.064541502447          0.068168312342          0.064336703871          0.065450463191          0.068139710164          0.063396634197          0.066646466915          0.067662046443          0.062799974068          0.067408639391          0.068670981967          0.057829778518          0.077110751688          0.057286868604 
        0.119765858026          0.040213803361          0.070999760006          0.068040544228          0.061560574038          0.069481231004          0.064254551421          0.065552663560          0.067133941062          0.064826071019          0.065943338705          0.066690579317          0.064762076655          0.066498031617          0.066064405529          0.065024133916          0.066754207516          0.065501907494          0.065495581822          0.066689274362          0.065132707724          0.066036333480          0.066351146809          0.065037576818          0.066497196390          0.065843738171          0.065239150492          0.066744511744          0.065309722971          0.065695322691          0.066687375784          0.064903192447          0.066306118676          0.066295050634          0.064762040878          0.066932084753          0.065596944333          0.064994130943          0.067406556001          0.064688846654          0.065638934601          0.067584013502          0.063815270567          0.066102667339          0.069262187136          0.058296940228          0.075644542268          0.058224711954  
        0.121076592170          0.040449528429          0.069683501179          0.069263775652          0.061320657762          0.068591906856          0.065598132692          0.064687278943          0.066886765008          0.066043620201          0.064643605588          0.067151308526          0.065529366663          0.065053401449          0.067166322963          0.065120364292          0.065518057951          0.067024167587          0.064832793680          0.066000199875          0.066739979211          0.064689088336          0.066457025590          0.066341118699          0.064704367577          0.066840399003          0.065868110114          0.064881639232          0.067107028915          0.065365110854          0.065213410984          0.067225186421          0.064871639489          0.065684012778          0.067180216783          0.064411367807          0.066282309076          0.066962515439          0.064003160851          0.066981811995          0.066584112714          0.063763557753          0.067176091869          0.067929651373          0.058822116160          0.076273419854          0.057119386631   
        0.121810440009          0.039702914356          0.070935268264          0.069001925891          0.060527648531          0.070020453457          0.064737510725          0.064441996424          0.068128856953          0.064744654276          0.065094190589          0.067934355595          0.064098792744          0.066144982551          0.067262664553          0.063902028098          0.067040410648          0.066351345228          0.064154080269          0.067619027367          0.065383897606          0.064792662236          0.067775740330          0.064550136270          0.065690327506          0.067477424846          0.064018979048          0.066670918041          0.066772169815          0.063908622112          0.067540521703          0.065777910888          0.064269528459          0.068122728296          0.064652184962          0.065089508856          0.068277468464          0.063573044513          0.066278556251          0.067944350978          0.062805119385          0.067117922259          0.069038904489          0.057681325974          0.076941193627          0.057591162389    
        0.119550933921          0.040421098687          0.070660502187          0.068100683101          0.061789063729          0.069088054908          0.064478983100          0.065639347092          0.066781557013          0.065175783058          0.065844188577          0.066450895540          0.065159798059          0.066221555503          0.066001304345          0.065381741495          0.066347756935          0.065644463038          0.065726726120          0.066232594087          0.065468934298          0.066072579756          0.065942454837          0.065515466649          0.066301245027          0.065581953444          0.065775052467          0.066317850827          0.065276710548          0.066187926115          0.066070065195          0.065150350854          0.066654244764          0.065552970385          0.065312712509          0.067038625809          0.064822556436          0.065820516930          0.067212018160          0.064086766399          0.066109327631          0.068962222631          0.058613201977          0.075455611062          0.058097609911     
        0.121705082789          0.040254998589          0.069746347656          0.069523462197          0.060973191010          0.068834162784          0.065688282005          0.064347199168          0.067248334669          0.065949550894          0.064413320507          0.067562855608          0.065260482093          0.064995623112          0.067535968191          0.064724825181          0.065665142098          0.067263735772          0.064388632244          0.066343277493          0.066781648900          0.064291689043          0.066945307779          0.066150216484          0.064450632397          0.067388977416          0.065449197539          0.064853703458          0.067611760777          0.064759917626          0.065465370896          0.067582372472          0.064145324973          0.066243176256          0.067292248963          0.063653166985          0.067123641841          0.066772411111          0.063412522301          0.067461437480          0.067940519870          0.058569660742          0.076684137802          0.056976015786      
        0.121226571974          0.039741234954          0.071198771853          0.068609853065          0.060739910769          0.070110417970          0.064394150074          0.064788990263          0.068025714283          0.064507926248          0.065490972315          0.067652363154          0.064035242642          0.066504151504          0.066852423217          0.064040709284          0.067272972752          0.065894096263          0.064485135774          0.067654312187          0.064977044700          0.065266899195          0.067576073330          0.064290177765          0.066225870905          0.067046065453          0.063985379126          0.067166122070          0.066152121037          0.064152083163          0.067892006772          0.065037567194          0.064815172065          0.068230526204          0.063884565885          0.065913538542          0.068080912298          0.062978866583          0.066747676045          0.069327537916          0.057685185851          0.076608713528          0.057901440456       
        0.119660915888          0.040568857833          0.070260413034          0.068338756400          0.061871197849          0.068725841305          0.064827189109          0.065542449981          0.066543293384          0.065576529835          0.065571247455          0.066389281081          0.065519366807          0.065818763419          0.066146287444          0.065614303423          0.065894114415          0.065983972343          0.065764593459          0.065826022181          0.065950382885          0.065879066923          0.065682149330          0.066054449906          0.065877970985          0.065550500502          0.066269775225          0.065704414323          0.065526271388          0.066537294565          0.065331508246          0.065704662252          0.066761839473          0.064780873912          0.066143528939          0.066845856352          0.064221353283          0.066293397996          0.068582823023          0.058863774990          0.075465349744          0.057847161537        
        0.122155901043          0.040027224605          0.069990392336          0.069618209948          0.060651955585          0.069205662836          0.065593484026          0.064116057113          0.067659333922          0.065678645076          0.064354875862          0.067932878895          0.064863656572          0.065140984869          0.067775508150          0.064280332199          0.066006176719          0.067304462965          0.063991500220          0.066829999591          0.066588932105          0.064038088936          0.067493274849          0.065729213898          0.064422010638          0.067893922501          0.064842518160          0.065103955880          0.067969362199          0.064033462118          0.066022283386          0.067694208445          0.063388547333          0.067082862694          0.067100970361          0.063064428542          0.067602207277          0.068131999312          0.058246759378          0.077007386737          0.056982598780         
        0.120539469581          0.039881944888          0.071293859353          0.068246575460          0.061067469516          0.070004566502          0.064159705770          0.065184854057          0.067742790772          0.064443888634          0.065847501074          0.067239902434          0.064173719717          0.066735175003          0.066392499609          0.064370966604          0.067307684930          0.065484886467          0.064957577432          0.067454361944          0.064715632216          0.065799865164          0.067143861338          0.064256079213          0.066718411783          0.066423991957          0.064228688419          0.067515600681          0.065408521940          0.064696859831          0.067998819916          0.064266071889          0.065636608848          0.068033585764          0.063287409542          0.066381176339          0.069467626814          0.057844374264          0.076186673759          0.058146026802          
        0.120081406402          0.040620433286          0.069890232291          0.068707644908          0.061779974129          0.068480793919          0.065225526247          0.065271704601          0.066483101453          0.065938775720          0.065172601997          0.066536355696          0.065753561286          0.065368871362          0.066488940196          0.065653592842          0.065490291016          0.066469220755          0.065573139950          0.065567484346          0.066493053550          0.065458971410          0.065652105583          0.066552023773          0.065268681863          0.065802045857          0.066620926971          0.064970266427          0.066083942912          0.066646058778          0.064563060268          0.066540274861          0.066570602150          0.064181711478          0.066619006245          0.068208981446          0.058988489889          0.075676685781          0.057528684669           
        0.122317217574          0.039817643000          0.070367477130          0.069517207082          0.060433565733          0.069628154131          0.065323242584          0.064056067645          0.068028311046          0.065278917359          0.064497846358          0.068171880454          0.064417398519          0.065478869598          0.067814885862          0.063882404033          0.066489909942          0.067109290093          0.063737385120          0.067375869891          0.066164718796          0.064008354185          0.067997207833          0.065119422208          0.064669968925          0.068251141962          0.064113999371          0.065657456144          0.068080543452          0.063276293578          0.066858393843          0.067501265837          0.062800548016          0.067559432380          0.068466911201          0.057926218930          0.077165629799          0.057141552756            
        0.119904752537          0.040097293929          0.071189250320          0.067998780766          0.061441181382          0.069713807759          0.064097098691          0.065541307431          0.067330034349          0.064583340910          0.066077387019          0.066778291366          0.064504684584          0.066770037685          0.065981530411          0.064843133073          0.067108660331          0.065222470112          0.065489195848          0.067022921582          0.064681679534          0.066290527831          0.066521506158          0.064500382895          0.067066337570          0.065678603037          0.064774349532          0.067621899161          0.064633985589          0.065517781653          0.067802362322          0.063666147534          0.066103847549          0.069420049961          0.058127868186          0.075769816597          0.058266197352             
        0.120729374100          0.040558629172          0.069638305086          0.069129378210          0.061524619491          0.068418769197          0.065585083758          0.064874884316          0.066631340388          0.066174705513          0.064726738367          0.066881425886          0.065793803962          0.064968150384          0.066977609196          0.065463356573          0.065233603371          0.067015623095          0.065155344028          0.065538449822          0.066993809328          0.064853311465          0.065904775814          0.066905251469          0.064539064481          0.066362065457          0.066730764674          0.064206254725          0.066923739211          0.066455768634          0.063966829488          0.067018008502          0.067927628715          0.058952874311          0.076048508450          0.057213745242              
        0.122135916089          0.039676099042          0.070798004082          0.069230586067          0.060376724795          0.070007586297          0.064925429893          0.064197081520          0.068266007075          0.064829449686          0.064831921540          0.068209821165          0.064017633152          0.065958518812          0.067617107825          0.063627227191          0.067032389425          0.066681311832          0.063706390516          0.067877617215          0.065550666029          0.064253933086          0.068353273500          0.064387162283          0.065219547127          0.068361365545          0.063354568376          0.066488656025          0.067885823710          0.062687677619          0.067332335475          0.068875373304          0.057682901711          0.077114874805          0.057421971521               
        0.119473686096          0.040341932143          0.070895423183          0.067933001707          0.061777716244          0.069289427457          0.064236677320          0.065771942442          0.066868715952          0.064916630998          0.066112988736          0.066366418366          0.064978316245          0.066573003994          0.065718629803          0.065374956632          0.066679594150          0.065189206664          0.065979100672          0.066402246143          0.064927943312          0.066637564496          0.065776275658          0.065048608761          0.067172601269          0.064902520023          0.065597083323          0.067426667372          0.064032028689          0.065985777778          0.069184636176          0.058476260347          0.075455195477          0.058228544259                
        0.121468111526          0.040389874866          0.069572396700          0.069509849765          0.061150249151          0.068571091353          0.065818756984          0.064430236225          0.066977142679          0.066215296637          0.064329156205          0.067372520186          0.065603626195          0.064713229716          0.067527211874          0.065046441778          0.065205032443          0.067519432867          0.064552043212          0.065791105603          0.067349127941          0.064127503517          0.066465555920          0.067015903761          0.063779523951          0.067204511191          0.066540613475          0.063613403388          0.067402987515          0.067809860322          0.058755882724          0.076503113562          0.056975736310                 
        0.121630433629          0.039640620980          0.071185943792          0.068809074891          0.060509579521          0.070252108346          0.064478675452          0.064529089040          0.068302631986          0.064426835023          0.065306908719          0.068009821283          0.063760970538          0.066496665518          0.067185485890          0.063595106750          0.067530984293          0.066062552669          0.063950034837          0.068231869629          0.064813536947          0.064799866880          0.068462416998          0.063623858938          0.066045392635          0.068165155369          0.062763994579          0.066959743929          0.069268079599          0.057578375757          0.076854565453          0.057765228304                  
        0.119362091469          0.040561422518          0.070464259683          0.068081291093          0.061995538869          0.068814980512          0.064568643849          0.065809001137          0.066457582227          0.065393561337          0.065918672554          0.066103576610          0.065512054542          0.066147637390          0.065686394962          0.065865425590          0.066062459485          0.065438019576          0.066326049058          0.065659308806          0.065480017804          0.066744206826          0.065000592882          0.065875307737          0.066979060292          0.064299706927          0.066066897713          0.068801519769          0.058813119357          0.075322319745          0.058032488777                   
        0.122132974832          0.040143938737          0.069725079979          0.069756883862          0.060730714065          0.068926668462          0.065858162443          0.064033111990          0.067468470399          0.066023863868          0.064075784700          0.067924231596          0.065185831223          0.064684557955          0.068033505022          0.064443650597          0.065456468726          0.067876581704          0.063828537795          0.066350748014          0.067460242631          0.063371646076          0.067308419015          0.066825028401          0.063189945553          0.067684232247          0.067895900354          0.058431196817          0.076940998848          0.056874849409                    
        0.120890057457          0.039729235331          0.071437266695          0.068335939623          0.060822663360          0.070289861500          0.064078904826          0.065002182230          0.068101515664          0.064168334637          0.065840289151          0.067575383628          0.063728079673          0.066991451807          0.066562375033          0.063837719128          0.067882947904          0.065320203084          0.064493388606          0.068339980814          0.064045307081          0.065620956697          0.068265348468          0.063030221676          0.066513857127          0.069553603054          0.057647881793          0.076429143835          0.058096150344                     
        0.119625399773          0.040702648220          0.069980822335          0.068433210844          0.062030730481          0.068392049214          0.065042995865          0.065616667482          0.066195730307          0.065930989456          0.065497814432          0.066072458987          0.066004485290          0.065535526307          0.065937850300          0.066213133987          0.065323798897          0.065994566623          0.066433363493          0.064886134987          0.066312249110          0.066552443248          0.064398382399          0.066347745797          0.068344723913          0.059059865182          0.075416339594          0.057711492395                      
        0.122562940383          0.039869222539          0.070085564722          0.069798134376          0.060355982251          0.069432027150          0.065667045046          0.063779383779          0.068019955396          0.065603260143          0.064046543235          0.068432018381          0.064581350460          0.064933717916          0.068391990351          0.063720350286          0.066013091902          0.067987788685          0.063074813425          0.067191454795          0.067267904330          0.062784649168          0.067787414429          0.068185767783          0.058041811355          0.077260167946          0.056945336470                       
        0.120060779153          0.039935428367          0.071478204495          0.067912736424          0.061268874290          0.070083047501          0.063822633487          0.065534080743          0.067666293930          0.064135145925          0.066331027673          0.066949099398          0.063970878596          0.067340864859          0.065815316144          0.064380197251          0.067990205610          0.064546764689          0.065311338792          0.068142910479          0.063447933128          0.066087471744          0.069656379619          0.057892187680          0.075920930438          0.058337616187                        
        0.120244744642          0.040724092750          0.069548813724          0.068935774665          0.061849517636          0.068122616794          0.065577090806          0.065198106119          0.066165651067          0.066426808850          0.064891564414          0.066326107669          0.066353784308          0.064802689725          0.066498697459          0.066321269125          0.064555074956          0.066832985763          0.066243057115          0.064286058004          0.066787733359          0.067909102629          0.059151277788          0.075737587151          0.057327694415                         
        0.122631835491          0.039624517229          0.070599643511          0.069595270505          0.060116494189          0.069999365981          0.065248389770          0.063748989547          0.068527176548          0.064994717518          0.064292719632          0.068791142628          0.063855812245          0.065485760455          0.068502971378          0.062966642956          0.066849156204          0.067793528383          0.062489181001          0.067668536439          0.068637582816          0.057668867984          0.077376211688          0.057187575071                          
        0.119320364390          0.040228184789          0.071269722800          0.067641630364          0.061770583443          0.069635344311          0.063790383059          0.066023924446          0.067039594953          0.064379513592          0.066677878812          0.066198724335          0.064514599832          0.067447515641          0.065037236242          0.065197428979          0.067794050624          0.063945551402          0.065776947919          0.069531891538          0.058276017123          0.075435579540          0.058425751731                           
        0.121126943711          0.040603960729          0.069272532151          0.069501457727          0.061454901512          0.068091605910          0.066069527100          0.064594264383          0.066420225878          0.066778514538          0.064165382806          0.066890237213          0.066462759493          0.064039914563          0.067342894671          0.066131743952          0.063958503429          0.067311480197          0.067592968743          0.059048629779          0.076239642905          0.056960925019                            
        0.122273060778          0.039468810185          0.071177870523          0.069151498852          0.060087645219          0.070521243341          0.064643242267          0.063993282958          0.068885560780          0.064264323254          0.064839233375          0.068901666130          0.063099678991          0.066315167965          0.068306706263          0.062380782985          0.067323313533          0.069174085214          0.057396736907          0.077239276744          0.057566582422                             
        0.118847457186          0.040556658125          0.070815191769          0.067607845319          0.062232649543          0.068990570468          0.064033919588          0.066370571942          0.066289109743          0.064926812764          0.066784181999          0.065417436774          0.065334039705          0.067253087798          0.064432688730          0.065663413274          0.069176170222          0.058733560333          0.075082705997          0.058322779412                              
        0.122118555699          0.040344449862          0.069238962695          0.070022891039          0.060885520016          0.068353481387          0.066418563262          0.063870461226          0.066985100171          0.066888278697          0.063409340088          0.067738684461          0.066273090196          0.063447878065          0.067823906366          0.067478943633          0.058747947999          0.076836571224          0.056694056856                               
        0.121492659816          0.039451195014          0.071710563104          0.068510309118          0.060317859142          0.070890033041          0.063917258640          0.064537220639          0.068995312084          0.063503151324          0.065660818785          0.068703730334          0.062511795119          0.066785687196          0.069698072775          0.057296539631          0.076844702017          0.058017468786                                
        0.118790943782          0.040858670758          0.070159095480          0.067866161235          0.062559677691          0.068218359034          0.064578370802          0.066477466339          0.065507898484          0.065751654073          0.066592029625          0.064810671800          0.065801785856          0.068624192020          0.059181665695          0.074954517657          0.058025081157                                 
        0.123031592277          0.039970963333          0.069504003236          0.070392359040          0.060202996788          0.068934677521          0.066527107769          0.063116631773          0.067834107719          0.066697406705          0.062822340337          0.068221281250          0.067622845448          0.058278762661          0.077420109684          0.056596840986                                  
        0.120367050389          0.039603136710          0.072087708805          0.067741225499          0.060830651147          0.071003007413          0.063160865983          0.065355636342          0.068796677548          0.062911341095          0.066127400987          0.070103616121          0.057416488636          0.076231281384          0.058458423662                                   
        0.119246415556          0.041071965118          0.069372459803          0.068443173751          0.062660614068          0.067414474525          0.065398477740          0.066286728083          0.064901418399          0.066222593545          0.067949452469          0.059529540150          0.075113374673          0.057561907145                                    
        0.123677605364          0.039523808890          0.070094814710          0.070507061809          0.059492159703          0.069808294334          0.066336934842          0.062531071847          0.068316306525          0.068055682036          0.057703742924          0.077872207027          0.056716480184                                     
        0.119018014218          0.039939899988          0.072204288640          0.066939994837          0.061602272274          0.070798643884          0.062572942998          0.065821224551          0.070198852420          0.057783410103          0.075480785291          0.058800204989                                      
        0.120260279437          0.041137121242          0.068553093679          0.069312126637          0.062480884159          0.066790366423          0.065866274842          0.067637538188          0.059613473918          0.075593931555          0.056995019012                                       
        0.123876729938          0.039058396088          0.070984046641          0.070305356358          0.058939965450          0.070304450839          0.067688035860          0.057435522509          0.077979389700          0.057079219280                                        
        0.117613148930          0.040445897537          0.071997339422          0.066317300730          0.062041407617          0.072241702664          0.057472992199          0.075132742475          0.058881515413                                         
        0.121785575582          0.041018566125          0.067916508835          0.069807527486          0.063753995789          0.061348495241          0.075186404818          0.056731843674                                          
        0.123521181311          0.038697147196          0.071490297036          0.071737425749          0.054136937997          0.080248709920          0.056771662484                                           
        0.116521936333          0.040733051172          0.073464309946          0.060912379751          0.070818512321          0.060595137094                                            
        0.122653351653          0.041854727243          0.062381807072          0.079684882745          0.053474083822                                             
        0.126038135492          0.035544414023          0.081604473233          0.060168503505                                              
        0.107026810780          0.046494173855          0.061618366978                                               
        0.140004830914          0.035107460209                                                
        0.105715797969                                                 
