        0.348711347239          0.397304246961          0.413427055150          0.406157421952          0.394941231848          0.394059220135          0.401124114149          0.405201757542          0.401988337662          0.397313529894          0.397545339856          0.401415848974          0.403159298197          0.400839727628          0.398234958690          0.398904256867          0.401470179048          0.402184341708          0.400319917386          0.398765825202          0.399633684246          0.401452522675          0.401596585718          0.400040116601          0.399129801089          0.400087255788          0.401404380674          0.401194501579          0.399876725325          0.399405848545          0.400395485584          0.401340809085          0.400894889752          0.399777813634          0.399630722690          0.400618819010          0.401267585757          0.400655900895          0.399718135894          0.399825173431          0.400789398845          0.401186144314          0.400453275776          0.399684579215          0.400002979468          0.400925942130          0.401095280661          0.400271128594          0.399670497727          0.400174864470
        0.364194781278          0.399371766877          0.409369416684          0.406550066588          0.402027107330          0.401769222248          0.404296414907          0.405515257826          0.404342863976          0.403000815052          0.403305210517          0.404480718163          0.404784007353          0.403996561533          0.403401002663          0.403783910320          0.404466843600          0.404470863844          0.403898492667          0.403631962236          0.404007881405          0.404424155349          0.404295984495          0.403870532456          0.403785999527          0.404131555634          0.404377189130          0.404184214700          0.403869519982          0.403897848774          0.404205325145          0.404330688156          0.404106402745          0.403880984494          0.403984141149          0.404250453081          0.404285083348          0.404048723128          0.403899326887          0.404054114950          0.404277227284          0.404239539094          0.404003756382          0.403922454423          0.404113467124          0.404290863410          0.404192673042          0.403967219367          0.403950009795          0.404166009337
        0.364974840656          0.393902418139          0.409086778255          0.413590770068          0.409498662933          0.404118138592          0.403580083687          0.407155496132          0.409637636308          0.408279645647          0.405577151107          0.405217959908          0.407259769297          0.408665045969          0.407699692807          0.405997040727          0.405935669258          0.407388969947          0.408213438886          0.407370711007          0.406202430690          0.406348034939          0.407478128011          0.407941449018          0.407160770242          0.406333234511          0.406620241811          0.407536086850          0.407751757495          0.407014950331          0.406430024637          0.406817095699          0.407573127934          0.407605547858          0.406906212487          0.406508892542          0.406970103736          0.407596162629          0.407483504109          0.406819526932          0.406578016545          0.407097054571          0.407609396951          0.407374094994          0.406745669770          0.406642655673          0.407209356594          0.407615154564          0.407269075058          0.406678389660
        0.357820870077          0.391657387214          0.414637245094          0.419728565680          0.410199353190          0.401453078748          0.403318710317          0.410797267325          0.413351111661          0.408826943925          0.404432754940          0.405858647097          0.410246483941          0.411319605198          0.408155455594          0.405616709411          0.407054434753          0.410009461442          0.410266658358          0.407790532390          0.406297260622          0.407752621177          0.409846339146          0.409604614716          0.407577586713          0.406761583422          0.408209128270          0.409709178443          0.409138997832          0.407448592744          0.407112975310          0.408531311672          0.409583019337          0.408783973059          0.407369767502          0.407399941115          0.408773056530          0.409460625598          0.408494183321          0.407323149058          0.407650089543          0.408964730555          0.409336478033          0.408242108434          0.407299119425          0.407882048451          0.409124951013          0.409204758790          0.408008717148          0.407293099959
        0.354329977017          0.395940041939          0.419844932862          0.419468114744          0.406365797299          0.399940770854          0.405821401476          0.413503417889          0.412870367700          0.406541604544          0.403893757881          0.407740854176          0.411869724988          0.410718401903          0.406643896967          0.405589475817          0.408586889975          0.411018077880          0.409613400348          0.406759972969          0.406575777233          0.409041985410          0.410455864103          0.408938122508          0.406884925335          0.407237759797          0.409308890665          0.410035865625          0.408482243059          0.407014180446          0.407724209547          0.409471289608          0.409695150922          0.408151856527          0.407146682502          0.408107466918          0.409569701780          0.409399911617          0.407897948342          0.407284090454          0.408428550031          0.409625183987          0.409128281483          0.407692166186          0.407430307958          0.408713823771          0.409648424672          0.408863365759          0.407516864085          0.407591591909
        0.357714227497          0.400653409964          0.419293269906          0.415283747350          0.404427182952          0.402022291118          0.408186616624          0.412726689633          0.410251906686          0.405622648326          0.405405291004          0.409041155969          0.410964145102          0.408873183146          0.406254830746          0.406772514477          0.409278610758          0.410054495095          0.408248206292          0.406686904093          0.407527528433          0.409337126316          0.409474702954          0.407910218963          0.407016350447          0.408007366477          0.409322157241          0.409061039422          0.407712256472          0.407285666635          0.408339106244          0.409270117440          0.408742107052          0.407593027244          0.407518368122          0.408582656550          0.409195249319          0.408480187782          0.407523060599          0.407729928744          0.408770224205          0.409102383681          0.408252403600          0.407487481868          0.407932245927          0.408920531815          0.408991157147          0.408043096403          0.407479458734          0.408136006045
        0.362098348719          0.400224775370          0.415262469020          0.413469809933          0.406610084897          0.404490397673          0.407544923950          0.410250466918          0.409457827977          0.407245904956          0.406824264259          0.408269880516          0.409253823210          0.408607114205          0.407554609342          0.407588077936          0.408448011193          0.408820214068          0.408297393218          0.407758445595          0.407948993149          0.408487734210          0.408575242813          0.408163703563          0.407907849932          0.408148337211          0.408478034732          0.408417828711          0.408105879812          0.408024030210          0.408266457294          0.408446826481          0.408308855469          0.408087081296          0.408118278216          0.408337217079          0.408404400686          0.408229973759          0.408091601159          0.408197377661          0.408376710459          0.408354537730          0.408171682961          0.408112542326          0.408265661605          0.408392663111          0.408298072942          0.408129079161          0.408147507400          0.408325892092
        0.361893628767          0.396489200850          0.413680040846          0.415884576260          0.409274909892          0.404028840950          0.405255225126          0.409647287812          0.411270937382          0.408843632484          0.406225403136          0.406734581174          0.409166850094          0.410085467263          0.408542830158          0.406926665806          0.407384667642          0.409043321004          0.409542388541          0.408349486562          0.407267020956          0.407757144227          0.408999839162          0.409225803698          0.408216570547          0.407470555877          0.408002493507          0.408980876937          0.409013091419          0.408117971393          0.407608832022          0.408180525957          0.408971286585          0.408854719436          0.408038679656          0.407711631507          0.408320740375          0.408966261860          0.408726068399          0.407969237593          0.407793933127          0.408440220629          0.408964170985          0.408612562601          0.407902913689          0.407864632252          0.408550528272          0.408964496108          0.408503823137          0.407834052767
        0.358476579959          0.394974477770          0.416151313547          0.418608506997          0.408828342553          0.401741984139          0.404659321816          0.411481870916          0.412890734770          0.408250804390          0.404687896169          0.406650730757          0.410658404353          0.411086248197          0.407883792391          0.405860690090          0.407610203398          0.410297830746          0.410141393242          0.407667915594          0.406533983523          0.408184096802          0.410069345436          0.409539719499          0.407538003827          0.406992895729          0.408567999238          0.409894119764          0.409110365883          0.407458816532          0.407340801833          0.408845593513          0.409743988374          0.408777114123          0.407411101455          0.407626681650          0.409059903214          0.409605078977          0.408498908879          0.407384202532          0.407878829719          0.409235885985          0.409467998422          0.408249998928          0.407372515708          0.408116891750          0.409389504998          0.409324198111          0.408011519400          0.407373826438
        0.356936914365          0.397265403967          0.418779038309          0.418052817725          0.406411130665          0.401016324166          0.406376064737          0.413002368869          0.412193734990          0.406596318560          0.404485333231          0.408033883236          0.411560218344          0.410323578193          0.406705337834          0.405973510096          0.408760273943          0.410797738116          0.409356056277          0.406824749472          0.406851853607          0.409151300869          0.410283852747          0.408757117388          0.406951709916          0.407451741223          0.409380212078          0.409891585192          0.408346872703          0.407083207313          0.407900934813          0.409518046714          0.409566107539          0.408044874034          0.407219364521          0.408262201541          0.409598937335          0.409277109001          0.407808858473          0.407362932497          0.408571858639          0.409640167942          0.409004003607          0.407614185317          0.407519111586          0.408854044400          0.409649711189          0.408729726399          0.407445408033          0.407696012108
        0.358916604682          0.399734809101          0.418146889784          0.415540007366          0.405594391630          0.402642739336          0.407822277760          0.412242381841          0.410469034218          0.406318096798          0.405794840450          0.408871749139          0.410737521398          0.409079629494          0.406748558700          0.407056698604          0.409199929894          0.409953332615          0.408449232312          0.407076383023          0.407755866049          0.409307322704          0.409442486942          0.408108129669          0.407346491442          0.408203052399          0.409320111308          0.409069338056          0.407909146250          0.407580797574          0.408514001724          0.409283050009          0.408774947710          0.407791374374          0.407793458168          0.408742879846          0.409213992394          0.408527838807          0.407726027009          0.407995377671          0.408918479596          0.409119098821          0.408308543009          0.407699298475          0.408196324681          0.409057027175          0.408997845804          0.408103399691          0.407706077907          0.408406411301
        0.361191099084          0.399146621662          0.415668465873          0.414752149361          0.407250685450          0.404111961299          0.407097369460          0.410553064722          0.410222208813          0.407655865881          0.406661279983          0.408082573700          0.409526833094          0.409153290961          0.407860337071          0.407526368201          0.408388239022          0.409078500195          0.408730740680          0.408009436415          0.407942524363          0.408498126132          0.408824681590          0.408532508906          0.408127249339          0.408173916895          0.408529615970          0.408662244109          0.408436223721          0.408223663732          0.408310157951          0.408523296579          0.408551689780          0.408394946523          0.408304248134          0.408389194827          0.408495825141          0.408474963724          0.408388012329          0.408372397501          0.408428723991          0.408454460128          0.408423402706          0.408406170837          0.408429981973          0.408436487202          0.408402067398          0.408393666245          0.408446312361          0.408477409376
        0.360724026557          0.396809706089          0.414960925294          0.416498109713          0.408789433373          0.403450347476          0.405474931356          0.410370472726          0.411624092607          0.408580531698          0.405928676388          0.406929676048          0.409658485589          0.410322467928          0.408384507869          0.406768477779          0.407567886795          0.409414966090          0.409718182754          0.408248768093          0.407185641526          0.407933116599          0.409302299694          0.409366012485          0.408149734758          0.407434842550          0.408174335274          0.409241515732          0.409130860692          0.408070799042          0.407601270498          0.408351257493          0.409206816733          0.408956922466          0.408001157614          0.407721561461          0.408493830523          0.409188142470          0.408815894961          0.407933036370          0.407814454970          0.408620058784          0.409181323903          0.408690568332          0.407859787299          0.407891058779          0.408743107880          0.409184999304          0.408568105565          0.407774354773
        0.358599879085          0.396137970245          0.416731798247          0.418066767519          0.408133753159          0.401836305394          0.405299294533          0.411783144522          0.412559248011          0.407851701253          0.404778769929          0.407065473770          0.410834867508          0.410852907454          0.407629206256          0.405949944476          0.407907673215          0.410407897947          0.409961919598          0.407493761751          0.406622057567          0.408413702886          0.410140292995          0.409391832837          0.407412084667          0.407080850382          0.408756408812          0.409939999455          0.408980636608          0.407363045985          0.407430505235          0.409009124842          0.409772205857          0.408655993125          0.407334481120          0.407720905557          0.409209765389          0.409619142202          0.408378353977          0.407319632446          0.407981524679          0.409380821618          0.409468641930          0.408121950674          0.407315205349          0.408233773088          0.409537441853          0.409309595766          0.407866461101          0.407320469560
        0.357929353333          0.397810402916          0.418260966057          0.417360434407          0.406465549097          0.401611648320          0.406664308183          0.412679954748          0.411788968247          0.406657322654          0.404870672888          0.408201205252          0.411328575707          0.410058600272          0.406769350744          0.406248800739          0.408862629528          0.410615632021          0.409168907973          0.406890420828          0.407063523042          0.409215085733          0.410130442231          0.408616652752          0.407019273625          0.407624991843          0.409419065730          0.409754222493          0.408235577009          0.407154076581          0.408051260720          0.409539150565          0.409435702648          0.407952083684          0.407296038490          0.408400310507          0.409605658950          0.409145896633          0.407727681953          0.407449196056          0.408706173125          0.409633136819          0.408864085194          0.407539970073          0.407620587348          0.408992281792          0.409627003853          0.408571662726          0.407374947276          0.407821271177
        0.359409511337          0.399257770853          0.417521305141          0.415644121411          0.406205375463          0.402938802495          0.407530657066          0.411884848162          0.410566035392          0.406720885235          0.405978100734          0.408670906329          0.410511827285          0.409174104004          0.407042827207          0.407179173993          0.409048657213          0.409801219020          0.408542465936          0.407308183881          0.407842314627          0.409184638118          0.409334369469          0.408201534161          0.407540797126          0.408266270816          0.409213280200          0.408988505587          0.408004757676          0.407752959618          0.408560689909          0.409182933961          0.408711199414          0.407892056245          0.407954095158          0.408776113344          0.409112795684          0.408474565056          0.407835792854          0.408152860327          0.408938704971          0.409008896264          0.408261263974          0.407823922787          0.408358347981          0.409062205129          0.408869164677          0.408059007193          0.407854238495          0.408581367932
        0.360742353228          0.398557362000          0.415822959789          0.415401864673          0.407553493202          0.403818268588          0.406756778426          0.410680878557          0.410647597022          0.407845039943          0.406463555523          0.407872746379          0.409644998068          0.409464488858          0.407989103483          0.407381392393          0.408251798562          0.409191674205          0.408976500837          0.408102685470          0.407828174993          0.408405562280          0.408935665124          0.408738978751          0.408197775601          0.408076832176          0.408464204027          0.408773781970          0.408619376764          0.408278146896          0.408220834509          0.408474818410          0.408667054102          0.408565767308          0.408345748721          0.408299616907          0.408457658554          0.408598419074          0.408555102312          0.408401359573          0.408330833724          0.408422114357          0.408560880932          0.408577378473          0.408444379961          0.408320736316          0.408372420215          0.408553940567          0.408630137558          0.408472126710
        0.360139404819          0.396947456221          0.415619994784          0.416801294284          0.408468089211          0.403077132315          0.405587420387          0.410793357901          0.411803934349          0.408358147489          0.405692728717          0.407033664409          0.409962655504          0.410438058012          0.408216484713          0.406609675422          0.407667539318          0.409651094170          0.409796144140          0.408112491019          0.407073077363          0.408030921674          0.409497395065          0.409419946414          0.408031590210          0.407351046743          0.408272852232          0.409412016520          0.409167886899          0.407961136445          0.407535593081          0.408453645330          0.409363982946          0.408980363129          0.407891872872          0.407667117202          0.408604281184          0.409340745430          0.408826359489          0.407816023964          0.407766590512          0.408744453358          0.409337315993          0.408686141904          0.407725485304          0.407846554823          0.408890179755          0.409352938941          0.408543751973          0.407609758179
        0.358675040910          0.396755222837          0.417029031943          0.417729895658          0.407724525239          0.401911258270          0.405699876502          0.411952310694          0.412319486252          0.407585716149          0.404853029054          0.407350410027          0.410937197841          0.410665633104          0.407443058376          0.406023877219          0.408125814929          0.410470865534          0.409805236098          0.407355506767          0.406696577925          0.408591411003          0.410177976695          0.409252552210          0.407303771979          0.407157712193          0.408909806487          0.409959804003          0.408849356093          0.407273759075          0.407512403334          0.409149293992          0.409777628665          0.408524758282          0.407257174374          0.407811744929          0.409345364795          0.409610899143          0.408239153734          0.407249555651          0.408087001712          0.409519723687          0.409444877326          0.407965286826          0.407249087126          0.408362500316          0.409688140158          0.409265296466          0.407679377629          0.407256120497
        0.358468773404          0.398092635164          0.417934439994          0.416951829622          0.406526589386          0.401996153602          0.406830154396          0.412446273280          0.411522530282          0.406721395017          0.405145762471          0.408302229145          0.411144646728          0.409870370891          0.406835019142          0.406460134240          0.408925044981          0.410460556646          0.409027574081          0.406957911102          0.407236256071          0.409252522204          0.409991557117          0.408504642894          0.407089999194          0.407774634875          0.409438715391          0.409622425685          0.408142194737          0.407230537074          0.408188540763          0.409544393323          0.409303220739          0.407870416232          0.407382017679          0.408533664381          0.409597135484          0.409004827448          0.407653063017          0.407550313155          0.408843326933          0.409608933788          0.408704990690          0.407469184373          0.407745406836          0.409141628130          0.409582053242          0.408381609523          0.407305846341          0.407983489948
        0.359665150714          0.398951820632          0.417139633448          0.415725111967          0.406596009966          0.403106554958          0.407309623882          0.411637889761          0.410644112324          0.407001781556          0.406084220279          0.408499176326          0.410339445049          0.409251207189          0.407260361331          0.407248425635          0.408905624415          0.409673672965          0.408619995994          0.407487535460          0.407887695680          0.409057646901          0.409234807283          0.408281455906          0.407697439314          0.408294628751          0.409093217039          0.408906616556          0.408089871469          0.407897583103          0.408575199609          0.409062016553          0.408640298135          0.407986325687          0.408095109432          0.408777287263          0.408983113621          0.408410125413          0.407944951772          0.408297973540          0.408924546946          0.408860999198          0.408200156807          0.407956612440          0.408515942763          0.409027592016          0.408690097033          0.407999132575          0.408024208613          0.408762284232
        0.360458530280          0.398196226736          0.415925746269          0.415810561578          0.407724010159          0.403596347873          0.406518152234          0.410772746600          0.410938257551          0.407952983045          0.406292698316          0.407707617848          0.409732551978          0.409688968680          0.408060194548          0.407240549509          0.408131168703          0.409277789041          0.409161320238          0.408150099656          0.407704278154          0.408312716525          0.409022964461          0.408900194399          0.408228402531          0.407960513376          0.408388871427          0.408865418991          0.408767992126          0.408295171228          0.408104155830          0.408410330135          0.408767202927          0.408710379128          0.408349686555          0.408174572251          0.408399496998          0.408712947678          0.408703539372          0.408390221369          0.408187915136          0.408367153582          0.408698519760          0.408738106065          0.408413056979          0.408146956276          0.408318557763          0.408728501197          0.408814055467          0.408410639813
        0.359791327980          0.397042951953          0.416033648142          0.416973315873          0.408233901101          0.402825241346          0.405673879834          0.411084271789          0.411908821597          0.408176751121          0.405516987396          0.407116406016          0.410185466855          0.410504330766          0.408065993198          0.406480175082          0.407749142821          0.409833059341          0.409837764363          0.407979569314          0.406972505405          0.408113856092          0.409654931333          0.409444173853          0.407906735363          0.407268788665          0.408360182400          0.409556334282          0.409178111858          0.407836331652          0.407464773924          0.408549492491          0.409503807684          0.408977226759          0.407759065864          0.407603091450          0.408714480407          0.409483989818          0.408807953953          0.407665684796          0.407706152496          0.408877714228          0.409492501841          0.408647416942          0.407544627015          0.407787554577          0.409060302208          0.409531006566          0.408474777304          0.407378398428
        0.358740647625          0.397146341624          0.417199095801          0.417488310224          0.407456189352          0.401981349195          0.405981275938          0.412053669860          0.412131035369          0.407396817744          0.404923168632          0.407565693457          0.410998956439          0.410507448100          0.407301890929          0.406094896964          0.408301037583          0.410507229240          0.409664158872          0.407244191778          0.406770183841          0.408742583488          0.410196371796          0.409119234322          0.407211429806          0.407236564097          0.409047945842          0.409963730481          0.408715880472          0.407193366380          0.407600382782          0.409283017503          0.409767798277          0.408383135950          0.407183995983          0.407914534979          0.409482517547          0.409585447229          0.408079896615          0.407180331823          0.408213210850          0.409668781327          0.409398776129          0.407775439152          0.407181639436          0.408525858782          0.409860009791          0.409188621421          0.407438987575          0.407189236496
        0.358814893198          0.398254769795          0.417698399108          0.416683216603          0.406590632767          0.402270001764          0.406930409763          0.412261709153          0.411333828427          0.406787064040          0.405356700837          0.408364087671          0.410989038465          0.409728737815          0.406902490791          0.406632580426          0.408961969409          0.410321173205          0.408915322642          0.407028594184          0.407385614687          0.409271670630          0.409859291732          0.408411055894          0.407166393684          0.407911608993          0.409443458608          0.409489504747          0.408060352350          0.407316427565          0.408321561039          0.409535369805          0.409161742034          0.407795648609          0.407483023620          0.408670455376          0.409572431824          0.408845352806          0.407582152780          0.407674998424          0.408992280888          0.409563482492          0.408514586554          0.407399982033          0.407907466790          0.409313589561          0.409505888523          0.408140321323          0.407237161410          0.408206344726
        0.359812271897          0.398729014101          0.416884592350          0.415799501758          0.406873525054          0.403207583290          0.407131945158          0.411459272460          0.410716850440          0.407215558187          0.406148377920          0.408349920097          0.410205943566          0.409324308039          0.407435648636          0.407288510846          0.408772406119          0.409568392783          0.408695508488          0.407639871379          0.407910575638          0.408931411495          0.409147416241          0.408362188961          0.407837552676          0.408303508835          0.408966201206          0.408830408225          0.408179782183          0.408033905574          0.408570616447          0.408926319348          0.408570730715          0.408091138807          0.408235360299          0.408757261939          0.408829292855          0.408344060986          0.408073299307          0.408450537809          0.408883968307          0.408676109536          0.408135494157          0.408122234964          0.408691655048          0.408956463269          0.408454157786          0.407934706799          0.408250553775          0.408977694721
        0.360253217376          0.397954243749          0.416011132495          0.416098327765          0.407826409172          0.403418262210          0.406344293786          0.410852619208          0.411157150772          0.408017750734          0.406143675082          0.407578012965          0.409811026263          0.409867698130          0.408100804439          0.407108201956          0.408029493439          0.409357641545          0.409316227129          0.408173574346          0.407579388127          0.408228762254          0.409107352095          0.409042352556          0.408237996740          0.407835200467          0.408315973070          0.408958494197          0.408906019052          0.408291441008          0.407970443883          0.408343964505          0.408874812156          0.408852107052          0.408330664420          0.408022972774          0.408336535754          0.408843805433          0.408857427761          0.408350808264          0.408005456554          0.408305499414          0.408866428377          0.408915041851          0.408343274404          0.407913646104          0.408257044027          0.408956962918          0.409030626433          0.408291516617
        0.359561460939          0.397123468123          0.416323838802          0.417076740512          0.408048788058          0.402644674627          0.405750961936          0.411303414868          0.411972102453          0.408021918027          0.405381913865          0.407192549043          0.410363543419          0.410542499065          0.407928414639          0.406373966581          0.407826872090          0.409986716372          0.409858265245          0.407849847414          0.406884661864          0.408196219862          0.409795406838          0.409450461758          0.407776905340          0.407192463537          0.408451275064          0.409692347288          0.409170855650          0.407698370769          0.407395331112          0.408655127333          0.409643258278          0.408954529435          0.407603461705          0.407537331374          0.408843353394          0.409635386567          0.408764764927          0.407479460722          0.407641933379          0.409043620523          0.409666771870          0.408573796383          0.407307807138          0.407723683877          0.409286751208          0.409744778999          0.408351794007          0.407056377795
        0.358803091438          0.397421853370          0.417301584959          0.417298506267          0.407266515571          0.402049806297          0.406195177280          0.412115423324          0.411972466073          0.407254699495          0.404992795152          0.407739977088          0.411035170534          0.410365943329          0.407189564960          0.406167265270          0.408451468549          0.410525411845          0.409530311008          0.407150807445          0.406847917717          0.408880108932          0.410200037488          0.408985131344          0.407129977321          0.407323525937          0.409181148870          0.409953592776          0.408573542043          0.407119118526          0.407702244341          0.409419723085          0.409741989782          0.408223079196          0.407113698578          0.408039898907          0.409631188772          0.409538934162          0.407889166611          0.407111811091          0.408375806169          0.409840317544          0.409321623913          0.407534080390          0.407113687848          0.408749143847          0.410071028168          0.409061892206          0.407112424933          0.407121713766
        0.359060613700          0.398352683762          0.417511985174          0.416492912096          0.406656264371          0.402479784286          0.406991805336          0.412105766732          0.411191924843          0.406854523191          0.405528762038          0.408400713491          0.410849421923          0.409616351959          0.406973153120          0.406781699812          0.408980864888          0.410188693124          0.408821633580          0.407104957254          0.407522390559          0.409276178100          0.409726164556          0.408329126362          0.407252242456          0.408044442551          0.409434206480          0.409347826648          0.407985508347          0.407417382053          0.408458166121          0.409510440335          0.409002074095          0.407724671612          0.407607648102          0.408819219705          0.409526755200          0.408654760111          0.407512893097          0.407836988300          0.409164046972          0.409487090948          0.408273111477          0.407331249375          0.408130241666          0.409524925160          0.409379803110          0.407813359209          0.407168829756          0.408533860518
        0.359901283290          0.398552368762          0.416702080268          0.415871446770          0.407086005736          0.403269453372          0.406980455310          0.411323308157          0.410788490531          0.407389403485          0.406186299455          0.408214214914          0.410098335009          0.409398240187          0.407586405615          0.407309177565          0.408643647272          0.409478763893          0.408774631715          0.407778296639          0.407917181318          0.408801884374          0.409069056108          0.408450483347          0.407972094110          0.408296595068          0.408828020956          0.408758771337          0.408282978563          0.408172291482          0.408548210680          0.408770051195          0.408502676397          0.408217870364          0.408385980015          0.408714258568          0.408641996666          0.408277487515          0.408237306514          0.408624226787          0.408810375543          0.408437809851          0.408069239164          0.408346965822          0.408904961645          0.408833284746          0.408130207190          0.407868656373          0.408579973013          0.409260601199
        0.360091106751          0.397780776930          0.416089187396          0.416317449765          0.407889022071          0.403266654896          0.406211373605          0.410928295483          0.411334078126          0.408055851564          0.406008043174          0.407472764042          0.409888000348          0.410020423780          0.408121550989          0.406979852907          0.407941986115          0.409439199088          0.409456050664          0.408180281932          0.407450548427          0.408152389616          0.409197670207          0.409177950723          0.408231251798          0.407697930421          0.408246225842          0.409063420661          0.409045243568          0.408269292530          0.407815272208          0.408277718126          0.409003058399          0.409003423387          0.408288022162          0.407836938839          0.408271696090          0.409009172089          0.409031722847          0.408277698007          0.407768577838          0.408240906168          0.409092420313          0.409128900678          0.408220727637          0.407591280517          0.408192579582          0.409287616927          0.409314053992          0.408081260604
        0.359398169939          0.397197510403          0.416544100668          0.417139916303          0.407892484883          0.402507932117          0.405824778790          0.411480372507          0.412009266241          0.407882559914          0.405273457778          0.407268074264          0.410515860539          0.410561739967          0.407796767152          0.406283798227          0.407907155550          0.410125818555          0.409863146496          0.407717995766          0.406806023292          0.408285348440          0.409930047534          0.409441687803          0.407636849990          0.407120742512          0.408555051558          0.409830431536          0.409146543421          0.407540611844          0.407327336671          0.408782239521          0.409793292374          0.408909632601          0.407415029968          0.407470926956          0.409007592322          0.409808293747          0.408689341875          0.407240385465          0.407575932510          0.409268496713          0.409879177926          0.408448909470          0.406983489440          0.407657954782          0.409616335718          0.410026749925          0.408139213544          0.406577914323
        0.358864300679          0.397631416785          0.417364198001          0.417138670754          0.407124090920          0.402118495386          0.406368712933          0.412151793202          0.411830716184          0.407141973722          0.405064501927          0.407890006871          0.411053417295          0.410231911788          0.407095753494          0.406244447756          0.408588726689          0.410529101660          0.409395995667          0.407068914701          0.406934401620          0.409013123785          0.410189893319          0.408842538519          0.407055282329          0.407424967793          0.409317721924          0.409927747977          0.408413186827          0.407048370636          0.407827238850          0.409568304780          0.409695407830          0.408032005402          0.407044726489          0.408202170880          0.409802671101          0.409461674863          0.407647415742          0.407043409566          0.408598812113          0.410051313609          0.409194739777          0.407207071268          0.407045719483          0.409076901971          0.410351617408          0.408847124252          0.406631296046          0.407055251502
        0.359248503156          0.398412589941          0.417354417165          0.416349718649          0.406723690129          0.402650814723          0.407028138140          0.411965892936          0.411079326406          0.406925174070          0.405677527879          0.408419432036          0.410716795468          0.409522573863          0.407049500029          0.406918268352          0.408985230681          0.410055439089          0.408739643616          0.407190783588          0.407655066716          0.409266798791          0.409584363962          0.408254232843          0.407353168672          0.408180911157          0.409409156264          0.409188036403          0.407914488452          0.407541972868          0.408606803459          0.409464645270          0.408811356521          0.407655374495          0.407769599040          0.408990862883          0.409450244595          0.408413153611          0.407444128308          0.408059718490          0.409375260639          0.409360882579          0.407946003583          0.407262891116          0.408457704840          0.409805735657          0.409165581344          0.407331805454          0.407101962294          0.409060665886
        0.359955858940          0.398402711677          0.416563766882          0.415943231420          0.407259247583          0.403306166576          0.406843842071          0.411214516688          0.410861924009          0.407539495631          0.406205873907          0.408084313397          0.410007620875          0.409476736982          0.407724094112          0.407314683530          0.408512928195          0.409399364756          0.408862258269          0.407912043508          0.407909146193          0.408662506046          0.408996422182          0.408552996269          0.408109636156          0.408273045600          0.408670563264          0.408689761524          0.408409020978          0.408322022697          0.408504043216          0.408581580437          0.408435189286          0.408381187824          0.408558738144          0.408639484291          0.408402541051          0.408210362195          0.408461351404          0.408836560994          0.408686002759          0.408112724499          0.408002365005          0.408675709790          0.409186854116          0.408620996162          0.407650463193          0.407803119408          0.409108010993          0.409678504556
        0.359954163384          0.397649165390          0.416164592338          0.416495460658          0.407926135779          0.403130129863          0.406104711847          0.411004146755          0.411486257150          0.408075424911          0.405878212358          0.407383620494          0.409968332093          0.410159393342          0.408126969848          0.406849390111          0.407863959339          0.409528293569          0.409590675031          0.408172165082          0.407311603959          0.408081018133          0.409301401968          0.409316133113          0.408207664118          0.407541062830          0.408178399822          0.409190509200          0.409195467983          0.408225152389          0.407627534759          0.408211349521          0.409167308186          0.409176584411          0.408213360611          0.407598358611          0.408205629321          0.409234093250          0.409244409507          0.408153551315          0.407444523706          0.408175030249          0.409422061486          0.409411123128          0.408008831921          0.407112759708          0.408127973282          0.409816713800          0.409732271446          0.407693296453
        0.359275089912          0.397269233385          0.416722587285          0.417177252718          0.407752458722          0.402398932703          0.405899149859          0.411632419232          0.412028134043          0.407750066767          0.405182280096          0.407347317211          0.410654492176          0.410566094458          0.407663992548          0.406204072472          0.407995322255          0.410259944398          0.409853758076          0.407576967593          0.406733208956          0.408388231559          0.410067606088          0.409416694418          0.407478080660          0.407051669340          0.408681332444          0.409979937864          0.409100906349          0.407351138904          0.407259876215          0.408945705498          0.409965672035          0.408833411739          0.407174887579          0.407403897761          0.409231753428          0.410020173980          0.408563597313          0.406914980557          0.407509208401          0.409597428110          0.410160629426          0.408235406318          0.406503931042          0.407592608423          0.410144867269          0.410444354603          0.407749692159          0.405777262264
        0.358925747195          0.397801441509          0.417401147955          0.416995655110          0.407011231122          0.402189521365          0.406518222226          0.412170191037          0.411696437826          0.407047971448          0.405141284799          0.408027040606          0.411057200629          0.410097460905          0.407013655930          0.406330625955          0.408721623018          0.410519024092          0.409253274211          0.406994008551          0.407035591423          0.409149636321          0.410164093208          0.408682038774          0.406984320190          0.407549748769          0.409466282074          0.409881188179          0.408221944974          0.406979183080          0.407989328087          0.409739795045          0.409618144585          0.407790057972          0.406976109695          0.408425019755          0.410013699506          0.409334753742          0.407320175345          0.406975227718          0.408926433250          0.410331957453          0.408979888661          0.406725665540          0.406979048028          0.409604037163          0.410768521967          0.408455987480          0.405828858687          0.406990957278
        0.359401507470          0.398447997298          0.417213021388          0.416236029288          0.406794312161          0.402798642897          0.407046672586          0.411833020581          0.410985355877          0.407001512796          0.405813764177          0.408423691515          0.410583416725          0.409440508203          0.407135315071          0.407050753577          0.408975770120          0.409913537814          0.408664703941          0.407291693874          0.407791396469          0.409241677887          0.409424477210          0.408183178047          0.407477739070          0.408329433493          0.409363294990          0.408997219341          0.407845162701          0.407703898903          0.408778343614          0.409388069364          0.408569641918          0.407586585798          0.407992299100          0.409201978967          0.409323968680          0.408085920474          0.407375750472          0.408387143639          0.409655973174          0.409146586697          0.407464289480          0.407196008391          0.408984455105          0.410222604454          0.408774801246          0.406528506832          0.407037452391          0.410040660172
        0.359988215209          0.398268211922          0.416453332713          0.416017202518          0.407409017208          0.403325053979          0.406713612482          0.411123140558          0.410940318251          0.407676837647          0.406210773305          0.407953041632          0.409927646470          0.409564131472          0.407857452450          0.407306044807          0.408372941014          0.409326187274          0.408964494466          0.408049162765          0.407884986109          0.408504423672          0.408926893940          0.408678744159          0.408258915372          0.408228259663          0.408481466012          0.408621780603          0.408572038148          0.408494302418          0.408428644398          0.408341502544          0.408367595636          0.408604934717          0.408770568957          0.408514485019          0.408076840539          0.408143047124          0.408789809034          0.409117925420          0.408473094749          0.407632373355          0.407936418091          0.409203490699          0.409604202477          0.408231753937          0.406848158710          0.407739406467          0.410088976175          0.410428233934
        0.359831371587          0.397543994855          0.416240804917          0.416648976334          0.407945203214          0.403000158676          0.406014943203          0.411084041556          0.411625177384          0.408080229340          0.405747070831          0.407304778704          0.410056883005          0.410293703168          0.408118171582          0.406709636995          0.407791742269          0.409631467237          0.409728441544          0.408147848365          0.407153881556          0.408012355192          0.409427944165          0.409465887210          0.408162757090          0.407352452948          0.408111216579          0.409354235451          0.409368122660          0.408149692109          0.407388078992          0.408144496994          0.409391737085          0.409388738467          0.408088388832          0.407273438390          0.408139001949          0.409563286226          0.409526082092          0.407940813032          0.406965165778          0.408109714233          0.409950782798          0.409828790107          0.407620029820          0.406311789964          0.408064820163          0.410799212059          0.410482307697          0.406865543315
        0.359177253283          0.397341825922          0.416876225138          0.417196283824          0.407619634354          0.402307676109          0.405977704013          0.411771108475          0.412032331278          0.407616846276          0.405102083562          0.407434917009          0.410788492824          0.410556454920          0.407522474078          0.406130711763          0.408097701278          0.410397331019          0.409828457987          0.407417680484          0.406663574585          0.408514056586          0.410216925767          0.409370706903          0.407288070176          0.406983651436          0.408844384757          0.410152126921          0.409024294899          0.407110444377          0.407192301181          0.409169492878          0.410177363476          0.408707235849          0.406848921817          0.407336644670          0.409560352257          0.410301445872          0.408349618071          0.406434864065          0.407443356153          0.410125674865          0.410578081991          0.407845354795          0.405702755857          0.407529011898          0.411127280779          0.411194706483          0.406920783972          0.404092111382
        0.358989267117          0.397947906340          0.417419893521          0.416860063285          0.406917167795          0.402265699733          0.406654822366          0.412174084053          0.411561696606          0.406965774492          0.405227155610          0.408159771031          0.411047199267          0.409954591509          0.406938642732          0.406431598349          0.408858062367          0.410493281701          0.409092654590          0.406922936180          0.407160199682          0.409298171546          0.410117573656          0.408490675556          0.406915021008          0.407711692825          0.409637778494          0.409803945070          0.407979862538          0.406910454378          0.408212049469          0.409950852456          0.409491217666          0.407462659791          0.406907816675          0.408752521445          0.410294391055          0.409119859304          0.406838576404          0.406908447292          0.409453439101          0.410748927172          0.408588644575          0.405922972103          0.406914650052          0.410584826855          0.411518699896          0.407625248247          0.404142302793          0.406906952900
        0.359533653190          0.398466011573          0.417078648009          0.416141097320          0.406870624721          0.402933992294          0.407050827228          0.411699378760          0.410903104188          0.407087322165          0.405945922513          0.408414173133          0.410441384602          0.409365495053          0.407236217154          0.407186894561          0.408950607519          0.409753549182          0.408593607335          0.407416251731          0.407939782985          0.409195781782          0.409233562687          0.408113823404          0.407639647752          0.408500862338          0.409286686757          0.408755400695          0.407776352299          0.407926575683          0.408989359542          0.409261760578          0.408242287490          0.407518191390          0.408319691804          0.409482592545          0.409109636029          0.407604049029          0.407308855436          0.408913842396          0.410072728741          0.408755760207          0.406660749846          0.407131489264          0.409964342083          0.410972207753          0.407944043689          0.404839646161          0.406953330880          0.412513466620
        0.360004786313          0.398140258464          0.416360680688          0.416096361525          0.407546166358          0.403329567164          0.406582314951          0.411042742624          0.411027812344          0.407809998023          0.406201787969          0.407812804093          0.409854128551          0.409666332700          0.407994346947          0.407281540473          0.408214545915          0.409256345697          0.409090160725          0.408198194882          0.407839854770          0.408314991325          0.408858618146          0.408841662104          0.408430928809          0.408152515687          0.408241044915          0.408553909291          0.408795683060          0.408705849330          0.408303304377          0.408015456966          0.408300020864          0.408933300484          0.409051631903          0.408301249877          0.407596145407          0.408076860507          0.409317528152          0.409534951151          0.408083562167          0.406829726254          0.407872488767          0.410184473158          0.410353566716          0.407402694863          0.405159288263          0.407655687403          0.412562802244          0.412505984424
        0.359714779960          0.397455704239          0.416321392494          0.416789325663          0.407949726585          0.402869284874          0.405935842873          0.411172482810          0.411759669916          0.408071080889          0.405607059772          0.407232137512          0.410159837110          0.410431409728          0.408093463395          0.406551527327          0.407722620158          0.409757768321          0.409878044230          0.408102521609          0.406964839299          0.407944711133          0.409591434943          0.409638344254          0.408086856119          0.407112550527          0.408043914115          0.409578448965          0.409580052633          0.408024264703          0.407062716737          0.408077437387          0.409720749985          0.409670174309          0.407875188599          0.406793665657          0.408073277676          0.410091891334          0.409943518567          0.407551562019          0.406163857465          0.408046186274          0.410933307494          0.410578649712          0.406791902119          0.404625227372          0.407981397864          0.413276919531          0.412560566618          0.404199099118
        0.359095488763          0.397418646633          0.417016504319          0.417200545000          0.407486242451          0.402227615701          0.406064802742          0.411905314312          0.412022597364          0.407475074238          0.405028514892          0.407536931986          0.410925911439          0.410531006977          0.407362906972          0.406060795702          0.408223221322          0.410546635368          0.409782286858          0.407227375497          0.406595255131          0.408676843642          0.410389084166          0.409293880814          0.407047072831          0.406915772318          0.409067939495          0.410363785583          0.408897873120          0.406784173643          0.407124749396          0.409497889431          0.410458611291          0.408492975147          0.406368509200          0.407270505104          0.410088428730          0.410718902722          0.407959237913          0.405633430692          0.407379492331          0.411107958393          0.411328527482          0.407016034005          0.404017495657          0.407445377195          0.413606087807          0.413275819953          0.404253264947          0.397378415083
        0.359057366641          0.398081701560          0.417423935476          0.416723908062          0.406834944308          0.402350952262          0.406787144128          0.412164142491          0.411418470410          0.406890706532          0.405327834862          0.408296056074          0.411021502182          0.409793783913          0.406867511350          0.406556006380          0.409006530568          0.410446794597          0.408901146618          0.406853576515          0.407321983815          0.409469644914          0.410040346890          0.408248455076          0.406846231351          0.407934272920          0.409848839964          0.409677012388          0.407652315003          0.406842100629          0.408539412479          0.410231566897          0.409276283978          0.406980882710          0.406840976618          0.409279367309          0.410711397749          0.408728516671          0.406035643392          0.406843992666          0.410433983159          0.411499153728          0.407757668640          0.404236010581          0.406830600226          0.413060267281          0.413600810899          0.404953140542          0.397426885759          0.406145989010
        0.359654580459          0.398469972969          0.416943449165          0.416057965129          0.406956408215          0.403065271160          0.407041270777          0.411557045602          0.410827904498          0.407188219686          0.406081724066          0.408388992644          0.410281240843          0.409294322500          0.407360767560          0.407335080108          0.408904701365          0.409562513094          0.408524210907          0.407578147611          0.408111064482          0.409119166902          0.408991625564          0.408044986194          0.407862304659          0.408711753945          0.409160372141          0.408427913663          0.407707939605          0.408253937636          0.409269854064          0.409047420671          0.407760247570          0.407451283857          0.408846338405          0.409899213170          0.408718797951          0.406800256283          0.407244327467          0.409893619901          0.410822125766          0.407924981079          0.404971380304          0.407047354307          0.412436797760          0.413051873873          0.405270458570          0.398113319814          0.406192216378          0.434716636876
        0.360008602259          0.398011422639          0.416279209488          0.416184815423          0.407679198596          0.403320403304          0.406442243722          0.410968918569          0.411130249470          0.407946770102          0.406177101383          0.407654340000          0.409784063113          0.409792088827          0.408143237940          0.407236223968          0.408024974541          0.409187872230          0.409253119173          0.408370050875          0.407763927425          0.408074403339          0.408790565210          0.409065332101          0.408642303668          0.408027000076          0.407914820445          0.408486166995          0.409124079297          0.408986725365          0.408089912034          0.407534578892          0.408233681363          0.409461080348          0.409468451296          0.407911603341          0.406793317144          0.408012794591          0.410298656450          0.410284066744          0.407254510877          0.405140683224          0.407788645672          0.412658742648          0.412430860867          0.404732901025          0.398428780919          0.406893501981          0.434769189266 
        0.359597577401          0.397378031457          0.416410771251          0.416925321175          0.407940413041          0.402729823583          0.405863130667          0.411275515405          0.411897694332          0.408046159709          0.405448956416          0.407162794586          0.410286098861          0.410581095599          0.408047897563          0.406362355523          0.407654718218          0.409921194770          0.410050497425          0.408026365604          0.406724762415          0.407877143506          0.409815590304          0.409850230157          0.407961164793          0.406787006675          0.407976594029          0.409907431332          0.409861428252          0.407810800309          0.406582786502          0.408011464713          0.410249383431          0.410087558456          0.407485690860          0.405992279251          0.408009521453          0.411074581702          0.410693385018          0.406723258346          0.404477475442          0.407962570366          0.413411647297          0.412657200263          0.404125642689          0.397903525157          0.407218782217          0.435521028163  
        0.359023842695          0.397503889064          0.417152324305          0.417190732525          0.407344383682          0.402154295225          0.406166373269          0.412043022752          0.411997048460          0.407315355535          0.404958532201          0.407662166420          0.411075334031          0.410484713059          0.407172435387          0.405992336460          0.408385784514          0.410718864193          0.409705315573          0.406986206544          0.406527212845          0.408900211194          0.410600799776          0.409167288846          0.406720632482          0.406848050798          0.409396175916          0.410645095154          0.408683410970          0.406303604355          0.407058442029          0.410025828381          0.410876157818          0.408102347180          0.405566959382          0.407206483629          0.411070594823          0.411469527526          0.407129576215          0.403948194494          0.407295731163          0.413586663029          0.413410228828          0.404347812703          0.397304763247          0.406683628552          0.435867026233   
        0.359133548085          0.398211285243          0.417413952058          0.416579096965          0.406759867893          0.402450932745          0.406923008581          0.412138449604          0.411257213786          0.406819544357          0.405451913803          0.408444357275          0.410975021929          0.409602024505          0.406798118669          0.406717562292          0.409177923816          0.410369565268          0.408658730196          0.406784753390          0.407544372181          0.409680668660          0.409913393156          0.407920720573          0.406777844182          0.408261449339          0.410129540877          0.409462026269          0.407170330404          0.406775227667          0.409066043271          0.410648573663          0.408884830641          0.406177679431          0.406776490765          0.410259591611          0.411461627475          0.407897292106          0.404348225655          0.406759919701          0.412908675718          0.413581246347          0.405084734773          0.397519067573          0.406069746099          0.435292029912    
        0.359771828892          0.398460530790          0.416799416333          0.415981930144          0.407057277405          0.403200154704          0.407016119011          0.411396539501          0.410756540518          0.407312764935          0.406229536446          0.408343108936          0.410090006717          0.409224845451          0.407522653929          0.407506131198          0.408828108461          0.409320415073          0.408455330009          0.407800786745          0.408321779042          0.408992874596          0.408663974882          0.407976546975          0.408189636053          0.408992087860          0.408946054914          0.407945677081          0.407641015416          0.408780529752          0.409686299176          0.408656606150          0.406956171439          0.407386744924          0.409826001920          0.410648353569          0.407888046675          0.405110341987          0.407160177202          0.412365730222          0.412901126822          0.405251452419          0.398242925682          0.406286061632          0.434635946433     
        0.360000258562          0.397874094078          0.416204424242          0.416288442440          0.407815875675          0.403295714745          0.406284101491          0.410898606674          0.411256368979          0.408095579051          0.406131730233          0.407464832204          0.409715426374          0.409955244985          0.408314997213          0.407160231385          0.407784370054          0.409119682952          0.409476934516          0.408581314944          0.407638352116          0.407748129977          0.408722702268          0.409393865618          0.408923054489          0.407813569049          0.407433881423          0.408419720057          0.409652024729          0.409403399910          0.407700277032          0.406731692752          0.408169521103          0.410442468890          0.410217378512          0.407082699853          0.405104245477          0.407928864215          0.412773524900          0.412360971285          0.404585472088          0.398410307025          0.407026171968          0.434870161741      
        0.359472825845          0.397306707110          0.416514997844          0.417064961951          0.407915392372          0.402572527363          0.405793821403          0.411401996371          0.412047805592          0.408000458114          0.405259999648          0.407094785589          0.410449612187          0.410753735421          0.407971590075          0.406122345890          0.407587005015          0.410145411120          0.410262484344          0.407900516652          0.406399244367          0.407809667187          0.410144648786          0.410131674532          0.407747545985          0.406307115740          0.407910466581          0.410436195444          0.410278885410          0.407421168299          0.405781522689          0.407947564119          0.411232342901          0.410837563485          0.406657321661          0.404306303125          0.407925784774          0.413553663013          0.412772394621          0.404057262036          0.397757904384          0.407199907975          0.435662889999       
        0.358958283401          0.397603323366          0.417291733077          0.417164917557          0.407184629187          0.402084627801          0.406291139593          0.412192805100          0.411950601769          0.407124791983          0.404890089343          0.407824451488          0.411247744910          0.410407596201          0.406931168430          0.405924236554          0.408608942690          0.410930713941          0.409578564363          0.406659672792          0.406459407415          0.409228273457          0.410882236638          0.408952640330          0.406239985918          0.406781650305          0.409923959956          0.411062794062          0.408292548044          0.405502019835          0.406994328823          0.411007842925          0.411627027532          0.407272342137          0.403881824982          0.407122653109          0.413549105653          0.413551892085          0.404460578947          0.397236431815          0.406534192230          0.435846654005        
        0.359222861348          0.398344320809          0.417388004107          0.416415984471          0.406688707743          0.402574159692          0.407070845921          0.412091906002          0.411064873775          0.406750134931          0.405613055310          0.408615551664          0.410897749698          0.409359260515          0.406729277889          0.406939648714          0.409388838822          0.410242559808          0.408330712469          0.406716348730          0.407871273811          0.409961302035          0.409698327070          0.407438451647          0.406710954036          0.408787776819          0.410546498047          0.409070433795          0.406366779577          0.406710725541          0.410045839774          0.411398749510          0.408053322864          0.404489697829          0.406692407670          0.412733363529          0.413543598731          0.405223478019          0.397629456906          0.405999175678          0.435132482491         
        0.359892267776          0.398435836422          0.416636956368          0.415909749679          0.407181788407          0.403346956119          0.406970343566          0.411204848713          0.410686864352          0.407474643359          0.406400152171          0.408266588264          0.409847641449          0.409155878489          0.407745277585          0.407716560768          0.408701879265          0.408992534581          0.408386844732          0.408128087971          0.408601876371          0.408778619538          0.408181487417          0.407909596029          0.408716171352          0.409408289620          0.408555308074          0.407141262020          0.407576459953          0.409760074042          0.410435104509          0.407825942767          0.405265640965          0.407302574710          0.412297765597          0.412726553871          0.405214703366          0.398379624124          0.406398674319          0.434561123839          
        0.359978090639          0.397719135291          0.416133208740          0.416416072571          0.407964605308          0.403250529450          0.406095077711          0.410829753542          0.411420045411          0.408267277845          0.406055810141          0.407224415467          0.409647106215          0.410179385611          0.408526187263          0.407034709568          0.407458192181          0.409051717783          0.409805741508          0.408861976275          0.407424990817          0.407267253605          0.408656169630          0.409922101514          0.409339618480          0.407424060110          0.406631059470          0.408355487097          0.410633810385          0.410152170886          0.406871657052          0.405042740356          0.408085522073          0.412918138308          0.412293927680          0.404414630533          0.398374335580          0.407166104856          0.434991024427           
        0.359332228353          0.397238768642          0.416643010319          0.417216879959          0.407869632776          0.402384676915          0.405725909594          0.411565872282          0.412220988487          0.407924062316          0.405020419216          0.407027033001          0.410674036379          0.410966011864          0.407845645871          0.405797094835          0.407519449372          0.410474656411          0.410544135285          0.407686807399          0.405919596944          0.407743447818          0.410673644056          0.410549327078          0.407357845514          0.405506177079          0.407846474974          0.411419529469          0.411029157984          0.406592798808          0.404096193665          0.407863752135          0.413712301755          0.412917221607          0.403991635734          0.397589335119          0.407163136592          0.435812477386            
        0.358896027171          0.397725475330          0.417443391850          0.417117944674          0.406994066267          0.402016546353          0.406452861813          0.412365657393          0.411873232411          0.406883472521          0.404822058290          0.408047281407          0.411459844720          0.410280629837          0.406604585505          0.405856423890          0.408936754671          0.411212356214          0.409363688502          0.406178995696          0.406392970926          0.409755835452          0.411300155443          0.408561500335          0.405438416100          0.406717491542          0.410905742138          0.411813980312          0.407462135703          0.403817036031          0.406910468113          0.413486013482          0.413710159249          0.404602401731          0.397171041390          0.406361388856          0.435807166131             
        0.359332913060          0.398489065821          0.417340929551          0.416221366837          0.406619307051          0.402734193544          0.407241496302          0.412014477768          0.410821331481          0.406681286301          0.405834572913          0.408826212091          0.410770628935          0.409030741784          0.406660865326          0.407266104821          0.409669312640          0.410027363532          0.407848004113          0.406649451150          0.408397149812          0.410378134221          0.409306545768          0.406634408589          0.406646445049          0.409766979454          0.411296539526          0.408238581225          0.404678047258          0.406626640508          0.412518431368          0.413480461425          0.405378515408          0.397768620931          0.405931774703          0.434947892043              
        0.360023327759          0.398390964425          0.416442897818          0.415839257612          0.407343621726          0.403516394297          0.406894041143          0.410961879760          0.410617689596          0.407697253040          0.406610039983          0.408140504127          0.409519379711          0.409087302355          0.408072550843          0.407996273912          0.408487752433          0.408509691924          0.408319846088          0.408654565953          0.409017718177          0.408388007125          0.407376636253          0.407845012971          0.409695592409          0.410156635250          0.407724817866          0.405449992422          0.407492261031          0.412231486642          0.412512292147          0.405152958464          0.398532379085          0.406540808456          0.434489548037               
        0.359937651129          0.397533985077          0.416063476092          0.416581744288          0.408136229037          0.403175039002          0.405855352974          0.410761231628          0.411644936673          0.408478417522          0.405930523360          0.406898576482          0.409579028285          0.410508709841          0.408806782683          0.406821560143          0.406977552134          0.408985103399          0.410334462634          0.409278450976          0.407035747314          0.406464654299          0.408591872193          0.410904486165          0.410088251560          0.406595890575          0.404942416400          0.408271426610          0.413110580287          0.412228381947          0.404204852747          0.398313739447          0.407322455814          0.435143345444                
        0.359164407210          0.397172231146          0.416808916466          0.417392181639          0.407793209913          0.402146614326          0.405658295324          0.411790848441          0.412433969927          0.407798062820          0.404695877467          0.406959479922          0.411003648837          0.411248091559          0.407631884537          0.405317988745          0.407453191430          0.411004022434          0.410962151486          0.407297077750          0.405119251416          0.407679405157          0.411657493893          0.411300035792          0.406529515317          0.403821814150          0.407762620488          0.413900564401          0.413109727526          0.403927453937          0.397382530088          0.407101181612          0.435979609291                 
        0.358835213175          0.397883808405          0.417618426869          0.417039659660          0.406752780257          0.401948910951          0.406674942795          0.412578316600          0.411745840236          0.406556868435          0.404754348602          0.408374641853          0.411741835351          0.410065396806          0.406123904169          0.405790011621          0.409463946409          0.411630597131          0.408972156946          0.405377469445          0.406328807334          0.410737233575          0.412051760089          0.407730539719          0.403753613284          0.406633633626          0.413383337045          0.413898039302          0.404790957465          0.397107242975          0.406149564663          0.435740760497                  
        0.359475809537          0.398656135407          0.417262568558          0.415974881454          0.406550471780          0.402954179866          0.407451477397          0.411887058248          0.410491716692          0.406612871832          0.406160184325          0.409106334443          0.410555196945          0.408547262528          0.406593966260          0.407791250014          0.410085887265          0.409635303526          0.407043198274          0.406584941364          0.409375481746          0.411127913064          0.408474243890          0.404944605412          0.406562363471          0.412237981686          0.413377785243          0.405562584615          0.397953885342          0.405866119938          0.434721516383                   
        0.360174582521          0.398316218036          0.416196895222          0.415769258225          0.407566167505          0.403724823032          0.406768346689          0.410632774073          0.410548898680          0.408024500724          0.406889024369          0.407926645394          0.409035952699          0.409020210372          0.408598975095          0.408411534093          0.408097393474          0.407704224894          0.408255214023          0.409633864017          0.409765393299          0.407557827802          0.405684417960          0.407760769694          0.412166651526          0.412232470553          0.405052454776          0.398713697899          0.406730144464          0.434419732761                    
        0.359870179269          0.397299229423          0.415994080817          0.416809406529          0.408347288117          0.403050550625          0.405530517338          0.410692959750          0.411975393592          0.408758963820          0.405717865340          0.406418508660          0.409512312933          0.411038296281          0.409223184795          0.406432807185          0.406175436600          0.408920737458          0.411317793038          0.410026959645          0.406208278622          0.404776612572          0.408507748141          0.413382841919          0.412164135523          0.403930801157          0.398214987820          0.407508004510          0.435346083554                     
        0.358951801193          0.397106005626          0.417036714678          0.417607794666          0.407667212744          0.401824228800          0.405590907127          0.412121312746          0.412717015780          0.407584274452          0.404217930635          0.406893250541          0.411533653808          0.411666781704          0.407242147968          0.404518689657          0.407389136963          0.411988622232          0.411713570569          0.406468809060          0.403436352145          0.407595537870          0.414139923549          0.413381931482          0.403864529078          0.397112560161          0.407000210829          0.436177975855                      
        0.358774814700          0.398101229029          0.417833782998          0.416910721436          0.406426247947          0.401881620135          0.407001214060          0.412861061940          0.411529868322          0.406076198519          0.404688059794          0.408901122480          0.412160604495          0.409673211238          0.405322433839          0.405725892853          0.410444668161          0.412382794851          0.408140372756          0.403692861381          0.406244988482          0.413213852265          0.414137009665          0.405057616486          0.397044813767          0.405873220315          0.435632631367                       
        0.359672212021          0.398861701469          0.417133572454          0.415641226560          0.406482073869          0.403277525101          0.407730685007          0.411671081311          0.410006579401          0.406545974850          0.406683952126          0.409522369774          0.410162667435          0.407741130501          0.406529459256          0.408768190046          0.410835170965          0.408802362702          0.405351742922          0.406500866635          0.411844203099          0.413208349967          0.405796724790          0.398216060439          0.405801955770          0.434426072480                        
        0.360360633093          0.398193128346          0.415863648589          0.415699636098          0.407893318042          0.404001856569          0.406555175843          0.410148075361          0.410481590167          0.408550876335          0.407303189570          0.407536796869          0.408229482135          0.408955484073          0.409578158834          0.409158139886          0.407267777404          0.406010675044          0.408170897454          0.412104577402          0.411839297615          0.404886522437          0.398944255167          0.406998156449          0.434351427802                         
        0.359758986421          0.396981176073          0.415924938973          0.417143963032          0.408627736107          0.402839324099          0.405051987540          0.410626057719          0.412506830580          0.409175307298          0.405330092959          0.405617420205          0.409447854727          0.412023272609          0.409971584555          0.405606490252          0.404488519432          0.408836536267          0.413798598098          0.412102531539          0.403545654801          0.398051857703          0.407743879523          0.435632947302                          
        0.358663954204          0.397040014870          0.417371353351          0.417894359207          0.407453464062          0.401349551772          0.405524856844          0.412652722846          0.413137166911          0.407194544362          0.403420682119          0.406829241384          0.412519487603          0.412419453046          0.406413947999          0.402838165245          0.407305293535          0.414473015766          0.413797522639          0.403804181897          0.396733379969          0.406833419003          0.436430199136                           
        0.358714735491          0.398420643282          0.418120122124          0.416692088966          0.405945707018          0.401815758562          0.407525944189          0.413280960257          0.411136312917          0.405274787857          0.404624076369          0.409880521759          0.412913762006          0.408840022946          0.403638014156          0.405642166739          0.412919561600          0.414469710222          0.405464782924          0.396985029387          0.405485280212          0.435454089627                            
        0.359960865852          0.399135031353          0.416914884647          0.415150084939          0.406415195331          0.403797624106          0.408145347539          0.411277519794          0.409197630485          0.406481472528          0.407658295145          0.410270656742          0.409328683201          0.406046826791          0.406445392931          0.411233319819          0.412914165146          0.406122713221          0.398616480527          0.405740569012          0.434011181131                             
        0.360607915426          0.397984412865          0.415372818562          0.415631505989          0.408419532607          0.404413111410          0.406166608616          0.409339449365          0.410416649532          0.409529958193          0.408047803467          0.406708292960          0.406533780697          0.408871034352          0.412048555437          0.411229013133          0.404598339937          0.399265116270          0.407407523411          0.434286024338                              
        0.359570383943          0.396512682662          0.415857183907          0.417682022961          0.409043940810          0.402454235643          0.404253527348          0.410561420711          0.413495284180          0.409923614370          0.404505953246          0.403932753754          0.409363539518          0.414508289904          0.412046874709          0.402947748274          0.397768480482          0.408072050588          0.436071036091                               
        0.358240192428          0.396975342797          0.417909503371          0.418319753715          0.407063836979          0.400557857203          0.405461033033          0.413641206658          0.413892496064          0.406366412719          0.401744616341          0.406745486114          0.415007053678          0.414506946452          0.403749653942          0.396145028998          0.406543700394          0.436781206501                                
        0.358655939931          0.398934331803          0.418545363491          0.416293641766          0.405144534244          0.401752200073          0.408502077061          0.414036156944          0.410300180048          0.403590540027          0.404540553268          0.412352050860          0.415003356483          0.406159871085          0.396931065273          0.404883568295          0.435144016188                                 
        0.360425135061          0.399540958697          0.416516344146          0.414331059017          0.406350712334          0.404765104633          0.408891144183          0.410441297473          0.407497332217          0.406397414909          0.410116794941          0.412346827068          0.406645603258          0.399300064357          0.405685195945          0.433367484640                                  
        0.360975000125          0.397604004596          0.414553927580          0.415565766161          0.409398307746          0.405152470956          0.405340861451          0.407639169308          0.410331909255          0.412000076887          0.410113093190          0.404042492121          0.399779554888          0.408106357646          0.434226992980                                   
        0.359226605162          0.395731014300          0.415791722105          0.418682833421          0.409792004911          0.401635884538          0.402574467585          0.410476873876          0.415989135908          0.411998660219          0.401854371263          0.397221886810          0.408598067820          0.436818886648                                    
        0.357533479498          0.396912856311          0.418910553961          0.419084533360          0.406235954921          0.398893596048          0.405377540501          0.416135510523          0.415987417579          0.403702413117          0.395069561763          0.405984926368          0.437343978218                                     
        0.358599205235          0.399889905712          0.419310175141          0.415447061056          0.403460812850          0.401669251709          0.410965329037          0.416131423939          0.407610484988          0.396884362316          0.403784000799          0.434546008262                                      
        0.361288727634          0.400271038693          0.415669497546          0.412609492838          0.406266681277          0.407206213145          0.410960359175          0.407750943867          0.400726520175          0.405637305902          0.432190918315                                       
        0.361634947257          0.396795638901          0.412832017174          0.415479972351          0.411867639842          0.407203136185          0.402683995514          0.400866602868          0.409564507461          0.434175907205                                        
        0.358496112092          0.394087319831          0.415706096731          0.421207927685          0.411866383647          0.399003068881          0.395886115256          0.409709321096          0.438379402515                                         
        0.356047936331          0.396831119719          0.421436611025          0.421205711378          0.403572800886          0.392265837068          0.404619528700          0.438533163323                                          
        0.358525166072          0.402301245997          0.421432127368          0.412723658813          0.396756780881          0.400918057780          0.433084686017                                           
        0.363467659328          0.402296637316          0.412944891810          0.405753791435          0.405506815853          0.429123720084                                            
        0.363465352878          0.394194765334          0.405973196926          0.414702949373          0.434036342377                                             
        0.356146061877          0.387539948175          0.414928766646          0.443879061718                                              
        0.350132044712          0.396089085815          0.444119579888                                               
        0.357854657435          0.423954286543                                                
        0.383030983350                                                 
