        0.321100712656          0.338981936029          0.349147438191          0.353734928738          0.355795957760          0.356716474695          0.357125172848          0.357305784594          0.357385332884          0.357420287410          0.357435622406          0.357442342775          0.357445285732          0.357446573857          0.357447137479          0.357447384041          0.357447491887          0.357447539055          0.357447559684          0.357447568706          0.357447572651          0.357447574377          0.357447575132          0.357447575462          0.357447575606          0.357447575670          0.357447575697          0.357447575709          0.357447575715          0.357447575717          0.357447575718          0.357447575718          0.357447575719          0.357447575719          0.357447575719          0.357447575719          0.357447575719          0.357447575719          0.357447575719          0.357447575719          0.357447575719          0.357447575719          0.357447575719          0.357447575719          0.357447575719          0.357447575719          0.357447575719          0.357447575719          0.357447575719          0.357447575719
        0.328550946401          0.343422850764          0.352286646180          0.356286160954          0.358083014568          0.358885705229          0.359242165245          0.359399717969          0.359469118355          0.359499616227          0.359512996764          0.359518860831          0.359521428859          0.359522552902          0.359523044733          0.359523259891          0.359523354001          0.359523395162          0.359523413164          0.359523421037          0.359523424480          0.359523425986          0.359523426644          0.359523426932          0.359523427059          0.359523427114          0.359523427138          0.359523427148          0.359523427153          0.359523427155          0.359523427156          0.359523427156          0.359523427156          0.359523427156          0.359523427156          0.359523427156          0.359523427157          0.359523427157          0.359523427157          0.359523427157          0.359523427156          0.359523427157          0.359523427156          0.359523427157          0.359523427157          0.359523427157          0.359523427157          0.359523427157          0.359523427157          0.359523427157
        0.331995441351          0.345501194852          0.353771896696          0.357505922487          0.359184816189          0.359935367754          0.360268862097          0.360416322424          0.360481294747          0.360509851976          0.360522382669          0.360527874720          0.360530280017          0.360531332851          0.360531793537          0.360531995059          0.360532083213          0.360532121769          0.360532138631          0.360532146006          0.360532149231          0.360532150642          0.360532151259          0.360532151528          0.360532151646          0.360532151698          0.360532151721          0.360532151730          0.360532151735          0.360532151737          0.360532151738          0.360532151738          0.360532151738          0.360532151738          0.360532151738          0.360532151738          0.360532151738          0.360532151738          0.360532151738          0.360532151738          0.360532151738          0.360532151738          0.360532151738          0.360532151738          0.360532151738          0.360532151738          0.360532151738          0.360532151738          0.360532151738          0.360532151738
        0.333548190517          0.346433631090          0.354436546353          0.358051950053          0.359678608746          0.360406223194          0.360729659722          0.360872713973          0.360935757466          0.360963470493          0.360975631683          0.360980962058          0.360983296638          0.360984318554          0.360984765706          0.360984961329          0.360985046897          0.360985084321          0.360985100689          0.360985107847          0.360985110978          0.360985112347          0.360985112946          0.360985113208          0.360985113322          0.360985113372          0.360985113394          0.360985113404          0.360985113408          0.360985113410          0.360985113411          0.360985113411          0.360985113411          0.360985113411          0.360985113411          0.360985113411          0.360985113411          0.360985113412          0.360985113412          0.360985113412          0.360985113411          0.360985113411          0.360985113412          0.360985113412          0.360985113412          0.360985113411          0.360985113412          0.360985113412          0.360985113412          0.360985113412
        0.334242724647          0.346847822217          0.354730788611          0.358293500324          0.359897102096          0.360614637429          0.360933668187          0.361074796352          0.361136997420          0.361164342218          0.361176342399          0.361181602418          0.361183906183          0.361184914625          0.361185355902          0.361185548948          0.361185633388          0.361185670320          0.361185686472          0.361185693536          0.361185696625          0.361185697976          0.361185698567          0.361185698826          0.361185698939          0.361185698988          0.361185699010          0.361185699019          0.361185699023          0.361185699025          0.361185699026          0.361185699026          0.361185699026          0.361185699027          0.361185699027          0.361185699027          0.361185699027          0.361185699027          0.361185699027          0.361185699027          0.361185699027          0.361185699027          0.361185699027          0.361185699027          0.361185699027          0.361185699027          0.361185699027          0.361185699027          0.361185699027          0.361185699027
        0.334551255443          0.347030615267          0.354860195088          0.358399595211          0.359993040164          0.360706148117          0.361023247363          0.361163532261          0.361225365078          0.361252548847          0.361264478717          0.361269708020          0.361271998345          0.361273000926          0.361273439631          0.361273631557          0.361273715507          0.361273752223          0.361273768281          0.361273775304          0.361273778376          0.361273779719          0.361273780307          0.361273780564          0.361273780676          0.361273780725          0.361273780747          0.361273780756          0.361273780760          0.361273780762          0.361273780763          0.361273780763          0.361273780763          0.361273780763          0.361273780763          0.361273780763          0.361273780763          0.361273780763          0.361273780763          0.361273780763          0.361273780763          0.361273780763          0.361273780763          0.361273780763          0.361273780763          0.361273780763          0.361273780764          0.361273780764          0.361273780763          0.361273780763
        0.334687594191          0.347110935160          0.354916866910          0.358445982864          0.360034959271          0.360746123551          0.361062375960          0.361202291449          0.361263962991          0.361291076282          0.361302975366          0.361308191210          0.361310475659          0.361311475662          0.361311913239          0.361312104673          0.361312188407          0.361312225030          0.361312241047          0.361312248051          0.361312251115          0.361312252455          0.361312253041          0.361312253297          0.361312253409          0.361312253458          0.361312253480          0.361312253489          0.361312253493          0.361312253495          0.361312253496          0.361312253496          0.361312253496          0.361312253497          0.361312253497          0.361312253497          0.361312253497          0.361312253497          0.361312253497          0.361312253497          0.361312253497          0.361312253497          0.361312253497          0.361312253497          0.361312253497          0.361312253497          0.361312253497          0.361312253497          0.361312253497          0.361312253497
        0.334747617616          0.347146127196          0.354941618693          0.358466206812          0.360053219502          0.360763530628          0.361079411585          0.361219165191          0.361280766056          0.361307848469          0.361319734067          0.361324944012          0.361327225884          0.361328224759          0.361328661845          0.361328853062          0.361328936702          0.361328973283          0.361328989282          0.361328996279          0.361328999339          0.361329000678          0.361329001263          0.361329001519          0.361329001631          0.361329001680          0.361329001702          0.361329001711          0.361329001715          0.361329001717          0.361329001718          0.361329001718          0.361329001718          0.361329001718          0.361329001718          0.361329001718          0.361329001718          0.361329001718          0.361329001718          0.361329001718          0.361329001718          0.361329001718          0.361329001718          0.361329001718          0.361329001718          0.361329001718          0.361329001718          0.361329001718          0.361329001718          0.361329001718
        0.334773975745          0.347161517692          0.354952410803          0.358475008202          0.360061158520          0.360771095188          0.361086813290          0.361226495915          0.361288065796          0.361315134689          0.361327014380          0.361332221741          0.361334502485          0.361335500867          0.361335937739          0.361336128861          0.361336212460          0.361336249023          0.361336265014          0.361336272008          0.361336275066          0.361336276404          0.361336276989          0.361336277245          0.361336277357          0.361336277406          0.361336277427          0.361336277437          0.361336277441          0.361336277443          0.361336277443          0.361336277444          0.361336277444          0.361336277444          0.361336277444          0.361336277444          0.361336277444          0.361336277444          0.361336277444          0.361336277444          0.361336277444          0.361336277444          0.361336277444          0.361336277444          0.361336277444          0.361336277444          0.361336277444          0.361336277444          0.361336277444          0.361336277444
        0.334785530477          0.347168240271          0.354957111297          0.358478834292          0.360064606107          0.360774378544          0.361090025218          0.361229676713          0.361291233012          0.361318295983          0.361330173086          0.361335379314          0.361337659565          0.361338657731          0.361339094509          0.361339285590          0.361339369170          0.361339405726          0.361339421713          0.361339428705          0.361339431763          0.361339433100          0.361339433685          0.361339433941          0.361339434053          0.361339434102          0.361339434124          0.361339434133          0.361339434137          0.361339434139          0.361339434140          0.361339434140          0.361339434140          0.361339434140          0.361339434140          0.361339434140          0.361339434140          0.361339434140          0.361339434140          0.361339434140          0.361339434140          0.361339434140          0.361339434140          0.361339434140          0.361339434140          0.361339434140          0.361339434140          0.361339434140          0.361339434140          0.361339434140
        0.334790589933          0.347171174431          0.354959157270          0.358480496480          0.360066102289          0.360775802692          0.361091418036          0.361231055880          0.361292606223          0.361319666599          0.361331542567          0.361336748298          0.361339028333          0.361340026404          0.361340463140          0.361340654203          0.361340737776          0.361340774328          0.361340790314          0.361340797305          0.361340800363          0.361340801700          0.361340802285          0.361340802541          0.361340802653          0.361340802701          0.361340802723          0.361340802732          0.361340802736          0.361340802738          0.361340802739          0.361340802739          0.361340802739          0.361340802739          0.361340802739          0.361340802740          0.361340802740          0.361340802740          0.361340802740          0.361340802740          0.361340802740          0.361340802740          0.361340802740          0.361340802740          0.361340802740          0.361340802740          0.361340802740          0.361340802740          0.361340802740          0.361340802740
        0.334792803609          0.347172454469          0.354960047497          0.358481218379          0.360066751388          0.360776420199          0.361092021804          0.361231653661          0.361293201393          0.361320260631          0.361332136101          0.361337341615          0.361339621554          0.361340619584          0.361341056302          0.361341247357          0.361341330926          0.361341367477          0.361341383462          0.361341390453          0.361341393510          0.361341394848          0.361341395432          0.361341395688          0.361341395800          0.361341395849          0.361341395871          0.361341395880          0.361341395884          0.361341395886          0.361341395887          0.361341395887          0.361341395887          0.361341395887          0.361341395887          0.361341395887          0.361341395887          0.361341395887          0.361341395887          0.361341395887          0.361341395887          0.361341395887          0.361341395887          0.361341395887          0.361341395887          0.361341395887          0.361341395887          0.361341395887          0.361341395887          0.361341395887
        0.334793771674          0.347173012734          0.354960434792          0.358481531864          0.360067032954          0.360776687913          0.361092283494          0.361231912727          0.361293459314          0.361320518053          0.361332393304          0.361337598723          0.361339878620          0.361340876632          0.361341313342          0.361341504393          0.361341587961          0.361341624511          0.361341640496          0.361341647487          0.361341650544          0.361341651881          0.361341652466          0.361341652722          0.361341652834          0.361341652883          0.361341652904          0.361341652914          0.361341652918          0.361341652920          0.361341652920          0.361341652921          0.361341652921          0.361341652921          0.361341652921          0.361341652921          0.361341652921          0.361341652921          0.361341652921          0.361341652921          0.361341652921          0.361341652921          0.361341652921          0.361341652921          0.361341652921          0.361341652921          0.361341652921          0.361341652921          0.361341652921          0.361341652921
        0.334794194881          0.347173256182          0.354960603279          0.358481667993          0.360067155091          0.360776803977          0.361092396918          0.361232025000          0.361293571085          0.361320629605          0.361332504760          0.361337710137          0.361339990016          0.361340988020          0.361341424727          0.361341615777          0.361341699344          0.361341735893          0.361341751878          0.361341758869          0.361341761926          0.361341763263          0.361341763848          0.361341764104          0.361341764216          0.361341764265          0.361341764286          0.361341764296          0.361341764300          0.361341764302          0.361341764302          0.361341764303          0.361341764303          0.361341764303          0.361341764303          0.361341764303          0.361341764303          0.361341764303          0.361341764303          0.361341764303          0.361341764303          0.361341764303          0.361341764303          0.361341764303          0.361341764303          0.361341764303          0.361341764303          0.361341764303          0.361341764303          0.361341764303
        0.334794379859          0.347173362338          0.354960676577          0.358481727110          0.360067208074          0.360776854298          0.361092446082          0.361232073660          0.361293619524          0.361320677949          0.361332553062          0.361337758421          0.361340038292          0.361341036292          0.361341472997          0.361341664046          0.361341747613          0.361341784162          0.361341800147          0.361341807138          0.361341810195          0.361341811533          0.361341812117          0.361341812373          0.361341812485          0.361341812534          0.361341812555          0.361341812565          0.361341812569          0.361341812571          0.361341812571          0.361341812572          0.361341812572          0.361341812572          0.361341812572          0.361341812572          0.361341812572          0.361341812572          0.361341812572          0.361341812572          0.361341812572          0.361341812572          0.361341812572          0.361341812572          0.361341812572          0.361341812572          0.361341812572          0.361341812572          0.361341812572          0.361341812572
        0.334794460701          0.347173408628          0.354960708466          0.358481752784          0.360067231060          0.360776876118          0.361092467394          0.361232094751          0.361293640519          0.361320698901          0.361332573996          0.361337779347          0.361340059214          0.361341057213          0.361341493918          0.361341684966          0.361341768533          0.361341805082          0.361341821067          0.361341828058          0.361341831115          0.361341832453          0.361341833037          0.361341833293          0.361341833405          0.361341833454          0.361341833475          0.361341833485          0.361341833489          0.361341833491          0.361341833491          0.361341833492          0.361341833492          0.361341833492          0.361341833492          0.361341833492          0.361341833492          0.361341833492          0.361341833492          0.361341833492          0.361341833492          0.361341833492          0.361341833492          0.361341833492          0.361341833492          0.361341833492          0.361341833492          0.361341833492          0.361341833492          0.361341833492
        0.334794496030          0.347173428814          0.354960722342          0.358481763936          0.360067241034          0.360776885580          0.361092476634          0.361232103894          0.361293649620          0.361320707983          0.361332583070          0.361337788417          0.361340068283          0.361341066281          0.361341502985          0.361341694034          0.361341777601          0.361341814150          0.361341830135          0.361341837125          0.361341840183          0.361341841520          0.361341842105          0.361341842361          0.361341842473          0.361341842522          0.361341842543          0.361341842552          0.361341842556          0.361341842558          0.361341842559          0.361341842559          0.361341842560          0.361341842560          0.361341842560          0.361341842560          0.361341842560          0.361341842560          0.361341842560          0.361341842560          0.361341842560          0.361341842560          0.361341842560          0.361341842560          0.361341842560          0.361341842560          0.361341842560          0.361341842560          0.361341842560          0.361341842560
        0.334794511469          0.347173437617          0.354960728380          0.358481768780          0.360067245362          0.360776889684          0.361092480640          0.361232107857          0.361293653565          0.361320711920          0.361332587003          0.361337792349          0.361340072214          0.361341070212          0.361341506916          0.361341697965          0.361341781531          0.361341818081          0.361341834065          0.361341841056          0.361341844114          0.361341845451          0.361341846036          0.361341846291          0.361341846403          0.361341846452          0.361341846474          0.361341846483          0.361341846487          0.361341846489          0.361341846490          0.361341846490          0.361341846490          0.361341846490          0.361341846490          0.361341846490          0.361341846490          0.361341846490          0.361341846490          0.361341846490          0.361341846490          0.361341846490          0.361341846490          0.361341846490          0.361341846490          0.361341846490          0.361341846490          0.361341846490          0.361341846490          0.361341846490
        0.334794518217          0.347173441456          0.354960731007          0.358481770885          0.360067247240          0.360776891463          0.361092482377          0.361232109576          0.361293655275          0.361320713627          0.361332588709          0.361337794053          0.361340073918          0.361341071916          0.361341508620          0.361341699669          0.361341783235          0.361341819785          0.361341835769          0.361341842760          0.361341845817          0.361341847155          0.361341847740          0.361341847995          0.361341848107          0.361341848156          0.361341848178          0.361341848187          0.361341848191          0.361341848193          0.361341848194          0.361341848194          0.361341848194          0.361341848194          0.361341848194          0.361341848194          0.361341848194          0.361341848194          0.361341848194          0.361341848194          0.361341848194          0.361341848194          0.361341848194          0.361341848194          0.361341848194          0.361341848194          0.361341848194          0.361341848194          0.361341848194          0.361341848194
        0.334794521165          0.347173443131          0.354960732151          0.358481771799          0.360067248055          0.360776892235          0.361092483130          0.361232110321          0.361293656016          0.361320714367          0.361332589448          0.361337794792          0.361340074657          0.361341072655          0.361341509359          0.361341700407          0.361341783974          0.361341820523          0.361341836508          0.361341843499          0.361341846556          0.361341847893          0.361341848478          0.361341848734          0.361341848846          0.361341848895          0.361341848916          0.361341848926          0.361341848930          0.361341848931          0.361341848932          0.361341848933          0.361341848933          0.361341848933          0.361341848933          0.361341848933          0.361341848933          0.361341848933          0.361341848933          0.361341848933          0.361341848933          0.361341848933          0.361341848933          0.361341848933          0.361341848933          0.361341848933          0.361341848933          0.361341848933          0.361341848933          0.361341848933
        0.334794522454          0.347173443862          0.354960732649          0.358481772196          0.360067248409          0.360776892570          0.361092483457          0.361232110644          0.361293656338          0.361320714687          0.361332589768          0.361337795113          0.361340074977          0.361341072975          0.361341509679          0.361341700728          0.361341784294          0.361341820843          0.361341836828          0.361341843819          0.361341846876          0.361341848214          0.361341848798          0.361341849054          0.361341849166          0.361341849215          0.361341849236          0.361341849246          0.361341849250          0.361341849252          0.361341849252          0.361341849253          0.361341849253          0.361341849253          0.361341849253          0.361341849253          0.361341849253          0.361341849253          0.361341849253          0.361341849253          0.361341849253          0.361341849253          0.361341849253          0.361341849253          0.361341849253          0.361341849253          0.361341849253          0.361341849253          0.361341849253          0.361341849253
        0.334794523017          0.347173444180          0.354960732866          0.358481772369          0.360067248562          0.360776892715          0.361092483599          0.361232110784          0.361293656477          0.361320714827          0.361332589907          0.361337795251          0.361340075116          0.361341073114          0.361341509818          0.361341700866          0.361341784433          0.361341820982          0.361341836967          0.361341843958          0.361341847015          0.361341848352          0.361341848937          0.361341849193          0.361341849305          0.361341849354          0.361341849375          0.361341849385          0.361341849389          0.361341849391          0.361341849391          0.361341849392          0.361341849392          0.361341849392          0.361341849392          0.361341849392          0.361341849392          0.361341849392          0.361341849392          0.361341849392          0.361341849392          0.361341849392          0.361341849392          0.361341849392          0.361341849392          0.361341849392          0.361341849392          0.361341849392          0.361341849392          0.361341849392
        0.334794523264          0.347173444320          0.354960732960          0.358481772444          0.360067248629          0.360776892778          0.361092483660          0.361232110844          0.361293656538          0.361320714887          0.361332589967          0.361337795312          0.361340075176          0.361341073174          0.361341509878          0.361341700927          0.361341784493          0.361341821042          0.361341837027          0.361341844018          0.361341847075          0.361341848412          0.361341848997          0.361341849253          0.361341849365          0.361341849414          0.361341849435          0.361341849445          0.361341849449          0.361341849451          0.361341849452          0.361341849452          0.361341849452          0.361341849452          0.361341849452          0.361341849452          0.361341849452          0.361341849452          0.361341849452          0.361341849452          0.361341849452          0.361341849452          0.361341849452          0.361341849452          0.361341849452          0.361341849452          0.361341849452          0.361341849452          0.361341849453          0.361341849453
        0.334794523371          0.347173444380          0.354960733001          0.358481772476          0.360067248658          0.360776892806          0.361092483687          0.361232110871          0.361293656564          0.361320714913          0.361332589993          0.361337795338          0.361340075203          0.361341073200          0.361341509904          0.361341700953          0.361341784519          0.361341821068          0.361341837053          0.361341844044          0.361341847101          0.361341848439          0.361341849023          0.361341849279          0.361341849391          0.361341849440          0.361341849461          0.361341849471          0.361341849475          0.361341849477          0.361341849478          0.361341849478          0.361341849478          0.361341849478          0.361341849478          0.361341849478          0.361341849478          0.361341849478          0.361341849478          0.361341849478          0.361341849478          0.361341849478          0.361341849478          0.361341849478          0.361341849478          0.361341849478          0.361341849478          0.361341849479          0.361341849479          0.361341849481
        0.334794523418          0.347173444407          0.354960733019          0.358481772491          0.360067248670          0.360776892817          0.361092483698          0.361232110882          0.361293656575          0.361320714924          0.361332590005          0.361337795349          0.361340075214          0.361341073212          0.361341509915          0.361341700964          0.361341784530          0.361341821080          0.361341837064          0.361341844055          0.361341847113          0.361341848450          0.361341849035          0.361341849291          0.361341849402          0.361341849451          0.361341849473          0.361341849482          0.361341849486          0.361341849488          0.361341849489          0.361341849489          0.361341849489          0.361341849489          0.361341849489          0.361341849489          0.361341849489          0.361341849489          0.361341849489          0.361341849489          0.361341849489          0.361341849490          0.361341849489          0.361341849489          0.361341849490          0.361341849490          0.361341849490          0.361341849491          0.361341849492          0.361341849495
        0.334794523439          0.347173444418          0.354960733027          0.358481772497          0.360067248676          0.360776892823          0.361092483703          0.361232110887          0.361293656580          0.361320714929          0.361332590010          0.361337795354          0.361340075219          0.361341073216          0.361341509920          0.361341700969          0.361341784535          0.361341821085          0.361341837069          0.361341844060          0.361341847118          0.361341848455          0.361341849040          0.361341849295          0.361341849407          0.361341849456          0.361341849478          0.361341849487          0.361341849491          0.361341849493          0.361341849494          0.361341849494          0.361341849494          0.361341849494          0.361341849494          0.361341849494          0.361341849494          0.361341849494          0.361341849494          0.361341849494          0.361341849494          0.361341849494          0.361341849494          0.361341849494          0.361341849495          0.361341849495          0.361341849495          0.361341849497          0.361341849500          0.361341849508
        0.334794523448          0.347173444423          0.354960733030          0.358481772499          0.360067248678          0.360776892825          0.361092483705          0.361232110889          0.361293656582          0.361320714931          0.361332590012          0.361337795356          0.361340075221          0.361341073219          0.361341509922          0.361341700971          0.361341784537          0.361341821087          0.361341837071          0.361341844062          0.361341847120          0.361341848457          0.361341849042          0.361341849298          0.361341849410          0.361341849458          0.361341849480          0.361341849489          0.361341849493          0.361341849495          0.361341849496          0.361341849496          0.361341849496          0.361341849496          0.361341849496          0.361341849496          0.361341849496          0.361341849496          0.361341849496          0.361341849497          0.361341849496          0.361341849496          0.361341849497          0.361341849497          0.361341849497          0.361341849497          0.361341849499          0.361341849502          0.361341849510          0.361341849529
        0.334794523452          0.347173444425          0.354960733032          0.358481772501          0.360067248679          0.360776892826          0.361092483706          0.361232110890          0.361293656583          0.361320714932          0.361332590013          0.361337795357          0.361340075222          0.361341073220          0.361341509923          0.361341700972          0.361341784538          0.361341821088          0.361341837072          0.361341844063          0.361341847121          0.361341848458          0.361341849043          0.361341849299          0.361341849410          0.361341849459          0.361341849481          0.361341849490          0.361341849494          0.361341849496          0.361341849497          0.361341849497          0.361341849497          0.361341849497          0.361341849497          0.361341849497          0.361341849497          0.361341849497          0.361341849497          0.361341849497          0.361341849497          0.361341849497          0.361341849498          0.361341849498          0.361341849498          0.361341849500          0.361341849503          0.361341849511          0.361341849530          0.361341849574
        0.334794523454          0.347173444426          0.354960733032          0.358481772501          0.360067248680          0.360776892826          0.361092483707          0.361232110891          0.361293656584          0.361320714933          0.361332590013          0.361337795357          0.361340075222          0.361341073220          0.361341509924          0.361341700972          0.361341784539          0.361341821088          0.361341837073          0.361341844064          0.361341847121          0.361341848458          0.361341849043          0.361341849299          0.361341849411          0.361341849460          0.361341849481          0.361341849490          0.361341849495          0.361341849496          0.361341849497          0.361341849497          0.361341849498          0.361341849498          0.361341849498          0.361341849498          0.361341849498          0.361341849498          0.361341849498          0.361341849498          0.361341849498          0.361341849498          0.361341849498          0.361341849499          0.361341849500          0.361341849504          0.361341849512          0.361341849531          0.361341849575          0.361341849679
        0.334794523454          0.347173444427          0.354960733032          0.358481772501          0.360067248680          0.360776892826          0.361092483707          0.361232110891          0.361293656584          0.361320714933          0.361332590013          0.361337795358          0.361340075222          0.361341073220          0.361341509924          0.361341700972          0.361341784539          0.361341821088          0.361341837073          0.361341844064          0.361341847121          0.361341848458          0.361341849043          0.361341849299          0.361341849411          0.361341849460          0.361341849481          0.361341849491          0.361341849495          0.361341849497          0.361341849497          0.361341849498          0.361341849498          0.361341849498          0.361341849498          0.361341849498          0.361341849498          0.361341849498          0.361341849498          0.361341849498          0.361341849498          0.361341849498          0.361341849499          0.361341849501          0.361341849504          0.361341849512          0.361341849531          0.361341849575          0.361341849679          0.361341849926
        0.334794523455          0.347173444427          0.354960733033          0.358481772501          0.360067248680          0.360776892827          0.361092483707          0.361232110891          0.361293656584          0.361320714933          0.361332590013          0.361337795358          0.361340075222          0.361341073220          0.361341509924          0.361341700973          0.361341784539          0.361341821088          0.361341837073          0.361341844064          0.361341847121          0.361341848459          0.361341849043          0.361341849299          0.361341849411          0.361341849460          0.361341849481          0.361341849491          0.361341849495          0.361341849497          0.361341849497          0.361341849498          0.361341849498          0.361341849498          0.361341849498          0.361341849498          0.361341849498          0.361341849498          0.361341849498          0.361341849498          0.361341849498          0.361341849499          0.361341849501          0.361341849504          0.361341849512          0.361341849531          0.361341849575          0.361341849680          0.361341849927          0.361341850510
        0.334794523455          0.347173444427          0.354960733033          0.358481772501          0.360067248680          0.360776892827          0.361092483707          0.361232110891          0.361293656584          0.361320714933          0.361332590013          0.361337795358          0.361340075222          0.361341073220          0.361341509924          0.361341700973          0.361341784539          0.361341821088          0.361341837073          0.361341844064          0.361341847121          0.361341848459          0.361341849043          0.361341849299          0.361341849411          0.361341849460          0.361341849481          0.361341849491          0.361341849495          0.361341849497          0.361341849497          0.361341849498          0.361341849498          0.361341849498          0.361341849498          0.361341849498          0.361341849498          0.361341849498          0.361341849498          0.361341849499          0.361341849499          0.361341849501          0.361341849504          0.361341849512          0.361341849531          0.361341849575          0.361341849680          0.361341849927          0.361341850510          0.361341851890
        0.334794523455          0.347173444427          0.354960733033          0.358481772502          0.360067248680          0.360776892827          0.361092483707          0.361232110891          0.361293656584          0.361320714933          0.361332590013          0.361337795358          0.361340075222          0.361341073220          0.361341509924          0.361341700973          0.361341784539          0.361341821088          0.361341837073          0.361341844064          0.361341847121          0.361341848459          0.361341849043          0.361341849299          0.361341849411          0.361341849460          0.361341849481          0.361341849491          0.361341849495          0.361341849497          0.361341849497          0.361341849498          0.361341849498          0.361341849498          0.361341849498          0.361341849498          0.361341849498          0.361341849498          0.361341849499          0.361341849499          0.361341849501          0.361341849504          0.361341849512          0.361341849531          0.361341849575          0.361341849680          0.361341849927          0.361341850510          0.361341851890          0.361341855155
        0.334794523455          0.347173444427          0.354960733033          0.358481772502          0.360067248680          0.360776892827          0.361092483707          0.361232110891          0.361293656584          0.361320714933          0.361332590013          0.361337795358          0.361340075223          0.361341073220          0.361341509924          0.361341700973          0.361341784539          0.361341821088          0.361341837073          0.361341844064          0.361341847121          0.361341848459          0.361341849043          0.361341849299          0.361341849411          0.361341849460          0.361341849481          0.361341849491          0.361341849495          0.361341849497          0.361341849497          0.361341849498          0.361341849498          0.361341849498          0.361341849498          0.361341849498          0.361341849498          0.361341849499          0.361341849499          0.361341849501          0.361341849504          0.361341849512          0.361341849531          0.361341849575          0.361341849680          0.361341849927          0.361341850510          0.361341851890          0.361341855155          0.361341862889
        0.334794523455          0.347173444427          0.354960733033          0.358481772502          0.360067248680          0.360776892827          0.361092483707          0.361232110891          0.361293656584          0.361320714933          0.361332590013          0.361337795358          0.361340075223          0.361341073220          0.361341509924          0.361341700973          0.361341784539          0.361341821088          0.361341837073          0.361341844064          0.361341847121          0.361341848459          0.361341849043          0.361341849299          0.361341849411          0.361341849460          0.361341849481          0.361341849491          0.361341849495          0.361341849497          0.361341849497          0.361341849498          0.361341849498          0.361341849498          0.361341849498          0.361341849498          0.361341849499          0.361341849499          0.361341849501          0.361341849504          0.361341849512          0.361341849531          0.361341849575          0.361341849680          0.361341849927          0.361341850510          0.361341851890          0.361341855155          0.361341862889          0.361341881228
        0.334794523455          0.347173444427          0.354960733033          0.358481772502          0.360067248680          0.360776892827          0.361092483707          0.361232110891          0.361293656584          0.361320714933          0.361332590013          0.361337795358          0.361340075223          0.361341073220          0.361341509924          0.361341700973          0.361341784539          0.361341821088          0.361341837073          0.361341844064          0.361341847121          0.361341848459          0.361341849043          0.361341849299          0.361341849411          0.361341849460          0.361341849481          0.361341849491          0.361341849495          0.361341849497          0.361341849498          0.361341849498          0.361341849498          0.361341849498          0.361341849498          0.361341849498          0.361341849499          0.361341849501          0.361341849504          0.361341849512          0.361341849531          0.361341849575          0.361341849680          0.361341849927          0.361341850510          0.361341851890          0.361341855155          0.361341862889          0.361341881228          0.361341924763
        0.334794523455          0.347173444427          0.354960733033          0.358481772502          0.360067248680          0.360776892827          0.361092483707          0.361232110891          0.361293656584          0.361320714933          0.361332590013          0.361337795358          0.361340075222          0.361341073220          0.361341509924          0.361341700973          0.361341784539          0.361341821088          0.361341837073          0.361341844064          0.361341847121          0.361341848459          0.361341849043          0.361341849299          0.361341849411          0.361341849460          0.361341849481          0.361341849491          0.361341849495          0.361341849497          0.361341849497          0.361341849498          0.361341849498          0.361341849498          0.361341849498          0.361341849499          0.361341849501          0.361341849504          0.361341849512          0.361341849531          0.361341849575          0.361341849680          0.361341849927          0.361341850510          0.361341851890          0.361341855155          0.361341862889          0.361341881228          0.361341924763          0.361342028239
        0.334794523455          0.347173444427          0.354960733033          0.358481772502          0.360067248680          0.360776892827          0.361092483707          0.361232110891          0.361293656584          0.361320714933          0.361332590013          0.361337795358          0.361340075223          0.361341073220          0.361341509924          0.361341700973          0.361341784539          0.361341821088          0.361341837073          0.361341844064          0.361341847121          0.361341848459          0.361341849043          0.361341849299          0.361341849411          0.361341849460          0.361341849481          0.361341849491          0.361341849495          0.361341849497          0.361341849497          0.361341849498          0.361341849498          0.361341849498          0.361341849499          0.361341849501          0.361341849504          0.361341849512          0.361341849531          0.361341849575          0.361341849680          0.361341849927          0.361341850510          0.361341851890          0.361341855155          0.361341862889          0.361341881228          0.361341924763          0.361342028239          0.361342274531
        0.334794523455          0.347173444427          0.354960733033          0.358481772502          0.360067248680          0.360776892827          0.361092483707          0.361232110891          0.361293656584          0.361320714933          0.361332590013          0.361337795358          0.361340075223          0.361341073220          0.361341509924          0.361341700973          0.361341784539          0.361341821088          0.361341837073          0.361341844064          0.361341847121          0.361341848459          0.361341849043          0.361341849299          0.361341849411          0.361341849460          0.361341849481          0.361341849491          0.361341849495          0.361341849497          0.361341849498          0.361341849498          0.361341849498          0.361341849499          0.361341849501          0.361341849504          0.361341849512          0.361341849531          0.361341849575          0.361341849680          0.361341849927          0.361341850510          0.361341851890          0.361341855155          0.361341862889          0.361341881228          0.361341924763          0.361342028239          0.361342274531          0.361342861706
        0.334794523455          0.347173444427          0.354960733033          0.358481772502          0.360067248680          0.360776892827          0.361092483707          0.361232110891          0.361293656584          0.361320714933          0.361332590013          0.361337795358          0.361340075223          0.361341073220          0.361341509924          0.361341700973          0.361341784539          0.361341821088          0.361341837073          0.361341844064          0.361341847121          0.361341848459          0.361341849043          0.361341849299          0.361341849411          0.361341849460          0.361341849481          0.361341849491          0.361341849495          0.361341849497          0.361341849498          0.361341849498          0.361341849499          0.361341849501          0.361341849504          0.361341849512          0.361341849531          0.361341849575          0.361341849680          0.361341849927          0.361341850510          0.361341851890          0.361341855155          0.361341862889          0.361341881228          0.361341924763          0.361342028239          0.361342274531          0.361342861706          0.361344264197
        0.334794523455          0.347173444427          0.354960733033          0.358481772502          0.360067248680          0.360776892827          0.361092483707          0.361232110891          0.361293656584          0.361320714933          0.361332590013          0.361337795358          0.361340075223          0.361341073220          0.361341509924          0.361341700973          0.361341784539          0.361341821088          0.361341837073          0.361341844064          0.361341847121          0.361341848459          0.361341849043          0.361341849299          0.361341849411          0.361341849460          0.361341849481          0.361341849491          0.361341849495          0.361341849497          0.361341849498          0.361341849499          0.361341849500          0.361341849504          0.361341849512          0.361341849531          0.361341849575          0.361341849680          0.361341849927          0.361341850510          0.361341851890          0.361341855155          0.361341862889          0.361341881228          0.361341924763          0.361342028239          0.361342274531          0.361342861706          0.361344264197          0.361347621515
        0.334794523455          0.347173444427          0.354960733033          0.358481772502          0.360067248680          0.360776892827          0.361092483707          0.361232110891          0.361293656584          0.361320714933          0.361332590013          0.361337795358          0.361340075223          0.361341073220          0.361341509924          0.361341700973          0.361341784539          0.361341821088          0.361341837073          0.361341844064          0.361341847121          0.361341848458          0.361341849043          0.361341849299          0.361341849411          0.361341849460          0.361341849481          0.361341849491          0.361341849495          0.361341849497          0.361341849499          0.361341849500          0.361341849504          0.361341849512          0.361341849531          0.361341849575          0.361341849680          0.361341849927          0.361341850510          0.361341851890          0.361341855155          0.361341862889          0.361341881228          0.361341924763          0.361342028239          0.361342274531          0.361342861706          0.361344264197          0.361347621515          0.361355679630
        0.334794523455          0.347173444427          0.354960733033          0.358481772502          0.360067248680          0.360776892827          0.361092483707          0.361232110891          0.361293656584          0.361320714933          0.361332590013          0.361337795358          0.361340075223          0.361341073220          0.361341509924          0.361341700973          0.361341784539          0.361341821088          0.361341837073          0.361341844064          0.361341847121          0.361341848458          0.361341849043          0.361341849299          0.361341849411          0.361341849460          0.361341849482          0.361341849491          0.361341849495          0.361341849498          0.361341849500          0.361341849504          0.361341849512          0.361341849531          0.361341849575          0.361341849680          0.361341849927          0.361341850510          0.361341851890          0.361341855155          0.361341862889          0.361341881228          0.361341924763          0.361342028239          0.361342274531          0.361342861706          0.361344264197          0.361347621515          0.361355679630          0.361375082091
        0.334794523455          0.347173444427          0.354960733033          0.358481772502          0.360067248680          0.360776892827          0.361092483707          0.361232110891          0.361293656584          0.361320714933          0.361332590013          0.361337795358          0.361340075223          0.361341073220          0.361341509924          0.361341700973          0.361341784539          0.361341821088          0.361341837073          0.361341844064          0.361341847121          0.361341848459          0.361341849043          0.361341849299          0.361341849411          0.361341849460          0.361341849482          0.361341849491          0.361341849496          0.361341849499          0.361341849503          0.361341849512          0.361341849531          0.361341849575          0.361341849680          0.361341849927          0.361341850510          0.361341851890          0.361341855155          0.361341862889          0.361341881228          0.361341924763          0.361342028239          0.361342274531          0.361342861706          0.361344264197          0.361347621515          0.361355679630          0.361375082092          0.361421978449
        0.334794523455          0.347173444427          0.354960733033          0.358481772502          0.360067248680          0.360776892827          0.361092483707          0.361232110891          0.361293656584          0.361320714933          0.361332590013          0.361337795358          0.361340075223          0.361341073220          0.361341509924          0.361341700973          0.361341784539          0.361341821088          0.361341837073          0.361341844064          0.361341847121          0.361341848459          0.361341849043          0.361341849299          0.361341849411          0.361341849460          0.361341849482          0.361341849492          0.361341849497          0.361341849503          0.361341849511          0.361341849531          0.361341849575          0.361341849680          0.361341849927          0.361341850510          0.361341851890          0.361341855155          0.361341862889          0.361341881228          0.361341924763          0.361342028239          0.361342274531          0.361342861706          0.361344264197          0.361347621515          0.361355679630          0.361375082092          0.361421978449          0.361535837557
        0.334794523455          0.347173444427          0.354960733033          0.358481772502          0.360067248680          0.360776892827          0.361092483707          0.361232110891          0.361293656584          0.361320714933          0.361332590013          0.361337795358          0.361340075223          0.361341073220          0.361341509924          0.361341700973          0.361341784539          0.361341821088          0.361341837073          0.361341844064          0.361341847121          0.361341848459          0.361341849043          0.361341849299          0.361341849411          0.361341849460          0.361341849482          0.361341849493          0.361341849501          0.361341849511          0.361341849530          0.361341849575          0.361341849679          0.361341849927          0.361341850510          0.361341851890          0.361341855155          0.361341862889          0.361341881228          0.361341924763          0.361342028239          0.361342274531          0.361342861706          0.361344264197          0.361347621515          0.361355679630          0.361375082092          0.361421978449          0.361535837557          0.361813649006
        0.334794523455          0.347173444427          0.354960733033          0.358481772502          0.360067248680          0.360776892827          0.361092483707          0.361232110891          0.361293656584          0.361320714933          0.361332590013          0.361337795358          0.361340075223          0.361341073220          0.361341509924          0.361341700973          0.361341784539          0.361341821088          0.361341837073          0.361341844064          0.361341847121          0.361341848459          0.361341849043          0.361341849299          0.361341849412          0.361341849461          0.361341849484          0.361341849497          0.361341849509          0.361341849529          0.361341849574          0.361341849679          0.361341849926          0.361341850510          0.361341851890          0.361341855155          0.361341862889          0.361341881228          0.361341924763          0.361342028239          0.361342274531          0.361342861706          0.361344264197          0.361347621515          0.361355679630          0.361375082091          0.361421978449          0.361535837557          0.361813649006          0.362494738354
        0.334794523455          0.347173444427          0.354960733033          0.358481772502          0.360067248680          0.360776892827          0.361092483707          0.361232110891          0.361293656584          0.361320714933          0.361332590013          0.361337795358          0.361340075223          0.361341073220          0.361341509924          0.361341700973          0.361341784539          0.361341821088          0.361341837073          0.361341844064          0.361341847121          0.361341848459          0.361341849044          0.361341849300          0.361341849412          0.361341849463          0.361341849487          0.361341849505          0.361341849528          0.361341849574          0.361341849679          0.361341849926          0.361341850510          0.361341851890          0.361341855155          0.361341862889          0.361341881228          0.361341924763          0.361342028239          0.361342274531          0.361342861706          0.361344264197          0.361347621515          0.361355679630          0.361375082091          0.361421978449          0.361535837557          0.361813649006          0.362494738354          0.364169885618
        0.334794523455          0.347173444427          0.354960733033          0.358481772502          0.360067248680          0.360776892827          0.361092483707          0.361232110891          0.361293656584          0.361320714933          0.361332590013          0.361337795358          0.361340075223          0.361341073220          0.361341509924          0.361341700973          0.361341784539          0.361341821088          0.361341837073          0.361341844064          0.361341847121          0.361341848459          0.361341849044          0.361341849300          0.361341849414          0.361341849466          0.361341849495          0.361341849523          0.361341849572          0.361341849678          0.361341849926          0.361341850510          0.361341851889          0.361341855154          0.361341862889          0.361341881228          0.361341924763          0.361342028239          0.361342274531          0.361342861706          0.361344264197          0.361347621515          0.361355679630          0.361375082092          0.361421978449          0.361535837557          0.361813649006          0.362494738354          0.364169885618          0.368294327725
        0.334794523455          0.347173444427          0.354960733033          0.358481772502          0.360067248680          0.360776892827          0.361092483707          0.361232110891          0.361293656584          0.361320714933          0.361332590013          0.361337795358          0.361340075223          0.361341073220          0.361341509924          0.361341700973          0.361341784539          0.361341821088          0.361341837073          0.361341844064          0.361341847122          0.361341848459          0.361341849044          0.361341849302          0.361341849417          0.361341849474          0.361341849514          0.361341849568          0.361341849676          0.361341849925          0.361341850509          0.361341851889          0.361341855154          0.361341862889          0.361341881228          0.361341924763          0.361342028239          0.361342274531          0.361342861706          0.361344264197          0.361347621515          0.361355679630          0.361375082091          0.361421978449          0.361535837557          0.361813649006          0.362494738354          0.364169885618          0.368294327725          0.378366053258
        0.334794523455          0.347173444427          0.354960733033          0.358481772502          0.360067248680          0.360776892827          0.361092483707          0.361232110891          0.361293656584          0.361320714933          0.361332590013          0.361337795358          0.361340075222          0.361341073220          0.361341509924          0.361341700973          0.361341784539          0.361341821088          0.361341837073          0.361341844064          0.361341847122          0.361341848460          0.361341849046          0.361341849305          0.361341849425          0.361341849493          0.361341849558          0.361341849672          0.361341849923          0.361341850509          0.361341851889          0.361341855154          0.361341862889          0.361341881228          0.361341924763          0.361342028239          0.361342274531          0.361342861706          0.361344264197          0.361347621515          0.361355679630          0.361375082092          0.361421978449          0.361535837557          0.361813649006          0.362494738354          0.364169885618          0.368294327725          0.378366053259 
        0.334794523455          0.347173444427          0.354960733033          0.358481772502          0.360067248680          0.360776892827          0.361092483707          0.361232110891          0.361293656584          0.361320714933          0.361332590013          0.361337795358          0.361340075222          0.361341073220          0.361341509924          0.361341700973          0.361341784539          0.361341821088          0.361341837073          0.361341844064          0.361341847122          0.361341848461          0.361341849049          0.361341849313          0.361341849444          0.361341849537          0.361341849663          0.361341849919          0.361341850507          0.361341851888          0.361341855154          0.361341862888          0.361341881228          0.361341924763          0.361342028239          0.361342274531          0.361342861706          0.361344264197          0.361347621515          0.361355679630          0.361375082091          0.361421978449          0.361535837557          0.361813649006          0.362494738354          0.364169885618          0.368294327725          0.378366053259  
        0.334794523455          0.347173444427          0.354960733033          0.358481772502          0.360067248680          0.360776892827          0.361092483707          0.361232110891          0.361293656584          0.361320714933          0.361332590013          0.361337795358          0.361340075223          0.361341073220          0.361341509924          0.361341700973          0.361341784539          0.361341821089          0.361341837074          0.361341844065          0.361341847124          0.361341848464          0.361341849057          0.361341849332          0.361341849488          0.361341849641          0.361341849910          0.361341850503          0.361341851886          0.361341855153          0.361341862888          0.361341881228          0.361341924763          0.361342028239          0.361342274531          0.361342861706          0.361344264197          0.361347621515          0.361355679630          0.361375082091          0.361421978449          0.361535837557          0.361813649006          0.362494738354          0.364169885618          0.368294327725          0.378366053259   
        0.334794523455          0.347173444427          0.354960733033          0.358481772502          0.360067248680          0.360776892827          0.361092483707          0.361232110891          0.361293656584          0.361320714933          0.361332590013          0.361337795358          0.361340075223          0.361341073220          0.361341509924          0.361341700973          0.361341784539          0.361341821089          0.361341837074          0.361341844066          0.361341847127          0.361341848472          0.361341849076          0.361341849376          0.361341849593          0.361341849888          0.361341850493          0.361341851882          0.361341855151          0.361341862887          0.361341881228          0.361341924763          0.361342028239          0.361342274531          0.361342861706          0.361344264197          0.361347621515          0.361355679630          0.361375082092          0.361421978449          0.361535837557          0.361813649006          0.362494738354          0.364169885618          0.368294327725          0.378366053258    
        0.334794523455          0.347173444427          0.354960733033          0.358481772502          0.360067248680          0.360776892827          0.361092483707          0.361232110891          0.361293656584          0.361320714933          0.361332590013          0.361337795358          0.361340075223          0.361341073220          0.361341509924          0.361341700973          0.361341784540          0.361341821089          0.361341837076          0.361341844070          0.361341847135          0.361341848491          0.361341849120          0.361341849481          0.361341849840          0.361341850472          0.361341851873          0.361341855147          0.361341862885          0.361341881227          0.361341924763          0.361342028239          0.361342274531          0.361342861706          0.361344264197          0.361347621515          0.361355679630          0.361375082092          0.361421978449          0.361535837557          0.361813649006          0.362494738354          0.364169885618          0.368294327725          0.378366053258     
        0.334794523455          0.347173444427          0.354960733033          0.358481772502          0.360067248680          0.360776892827          0.361092483707          0.361232110891          0.361293656584          0.361320714933          0.361332590013          0.361337795358          0.361340075223          0.361341073220          0.361341509924          0.361341700973          0.361341784540          0.361341821091          0.361341837079          0.361341844078          0.361341847154          0.361341848535          0.361341849225          0.361341849728          0.361341850423          0.361341851851          0.361341855138          0.361341862881          0.361341881225          0.361341924762          0.361342028238          0.361342274531          0.361342861706          0.361344264197          0.361347621515          0.361355679630          0.361375082091          0.361421978449          0.361535837557          0.361813649006          0.362494738354          0.364169885618          0.368294327725          0.378366053259      
        0.334794523455          0.347173444427          0.354960733033          0.358481772502          0.360067248680          0.360776892827          0.361092483707          0.361232110891          0.361293656584          0.361320714933          0.361332590013          0.361337795358          0.361340075223          0.361341073220          0.361341509924          0.361341700974          0.361341784542          0.361341821094          0.361341837087          0.361341844097          0.361341847198          0.361341848640          0.361341849472          0.361341850311          0.361341851803          0.361341855116          0.361341862872          0.361341881221          0.361341924760          0.361342028238          0.361342274530          0.361342861706          0.361344264197          0.361347621515          0.361355679630          0.361375082091          0.361421978449          0.361535837557          0.361813649006          0.362494738354          0.364169885618          0.368294327725          0.378366053258       
        0.334794523455          0.347173444427          0.354960733033          0.358481772502          0.360067248680          0.360776892827          0.361092483707          0.361232110891          0.361293656584          0.361320714933          0.361332590013          0.361337795358          0.361340075223          0.361341073221          0.361341509925          0.361341700975          0.361341784545          0.361341821102          0.361341837106          0.361341844141          0.361341847303          0.361341848887          0.361341850055          0.361341851691          0.361341855068          0.361341862851          0.361341881211          0.361341924756          0.361342028236          0.361342274530          0.361342861705          0.361344264197          0.361347621515          0.361355679630          0.361375082091          0.361421978449          0.361535837557          0.361813649006          0.362494738354          0.364169885618          0.368294327725          0.378366053259        
        0.334794523455          0.347173444427          0.354960733033          0.358481772502          0.360067248680          0.360776892827          0.361092483707          0.361232110891          0.361293656584          0.361320714933          0.361332590013          0.361337795358          0.361340075223          0.361341073221          0.361341509927          0.361341700978          0.361341784553          0.361341821121          0.361341837150          0.361341844245          0.361341847550          0.361341849470          0.361341851435          0.361341854956          0.361341862802          0.361341881190          0.361341924747          0.361342028232          0.361342274528          0.361342861704          0.361344264197          0.361347621515          0.361355679630          0.361375082091          0.361421978449          0.361535837557          0.361813649006          0.362494738354          0.364169885618          0.368294327725          0.378366053258         
        0.334794523455          0.347173444427          0.354960733033          0.358481772502          0.360067248680          0.360776892827          0.361092483707          0.361232110891          0.361293656584          0.361320714933          0.361332590014          0.361337795358          0.361340075224          0.361341073223          0.361341509930          0.361341700987          0.361341784572          0.361341821165          0.361341837255          0.361341844492          0.361341848133          0.361341850850          0.361341854700          0.361341862690          0.361341881141          0.361341924725          0.361342028222          0.361342274524          0.361342861703          0.361344264196          0.361347621515          0.361355679630          0.361375082091          0.361421978449          0.361535837557          0.361813649005          0.362494738354          0.364169885618          0.368294327725          0.378366053258          
        0.334794523455          0.347173444427          0.354960733033          0.358481772502          0.360067248680          0.360776892827          0.361092483707          0.361232110891          0.361293656584          0.361320714933          0.361332590014          0.361337795359          0.361340075225          0.361341073226          0.361341509938          0.361341701005          0.361341784616          0.361341821270          0.361341837502          0.361341845076          0.361341849513          0.361341854115          0.361341862434          0.361341881029          0.361341924676          0.361342028201          0.361342274514          0.361342861698          0.361344264194          0.361347621514          0.361355679629          0.361375082091          0.361421978449          0.361535837557          0.361813649005          0.362494738354          0.364169885618          0.368294327725          0.378366053259           
        0.334794523455          0.347173444427          0.354960733033          0.358481772502          0.360067248680          0.360776892827          0.361092483707          0.361232110891          0.361293656584          0.361320714933          0.361332590014          0.361337795360          0.361340075228          0.361341073234          0.361341509957          0.361341701050          0.361341784721          0.361341821517          0.361341838085          0.361341846455          0.361341852778          0.361341861849          0.361341880773          0.361341924564          0.361342028152          0.361342274493          0.361342861689          0.361344264190          0.361347621512          0.361355679629          0.361375082091          0.361421978449          0.361535837557          0.361813649005          0.362494738354          0.364169885618          0.368294327725          0.378366053259            
        0.334794523455          0.347173444427          0.354960733033          0.358481772502          0.360067248680          0.360776892827          0.361092483707          0.361232110891          0.361293656584          0.361320714934          0.361332590016          0.361337795364          0.361340075236          0.361341073253          0.361341510001          0.361341701154          0.361341784968          0.361341822100          0.361341839465          0.361341849720          0.361341860512          0.361341880189          0.361341924309          0.361342028040          0.361342274444          0.361342861668          0.361344264181          0.361347621508          0.361355679627          0.361375082090          0.361421978448          0.361535837557          0.361813649005          0.362494738354          0.364169885618          0.368294327725          0.378366053258             
        0.334794523455          0.347173444427          0.354960733033          0.358481772502          0.360067248680          0.360776892827          0.361092483707          0.361232110891          0.361293656585          0.361320714935          0.361332590019          0.361337795372          0.361340075255          0.361341073297          0.361341510106          0.361341701401          0.361341785551          0.361341823480          0.361341842730          0.361341857455          0.361341878851          0.361341923724          0.361342027784          0.361342274332          0.361342861619          0.361344264159          0.361347621499          0.361355679623          0.361375082088          0.361421978448          0.361535837556          0.361813649005          0.362494738354          0.364169885618          0.368294327725          0.378366053258              
        0.334794523455          0.347173444427          0.354960733033          0.358481772502          0.360067248680          0.360776892827          0.361092483708          0.361232110892          0.361293656586          0.361320714939          0.361332590027          0.361337795390          0.361340075299          0.361341073402          0.361341510353          0.361341701985          0.361341786931          0.361341826745          0.361341850464          0.361341875794          0.361341922386          0.361342027199          0.361342274076          0.361342861507          0.361344264110          0.361347621477          0.361355679613          0.361375082084          0.361421978446          0.361535837556          0.361813649005          0.362494738354          0.364169885618          0.368294327725          0.378366053258               
        0.334794523455          0.347173444427          0.354960733033          0.358481772502          0.360067248680          0.360776892827          0.361092483708          0.361232110893          0.361293656590          0.361320714947          0.361332590046          0.361337795435          0.361340075404          0.361341073649          0.361341510936          0.361341703364          0.361341790196          0.361341834479          0.361341868803          0.361341919329          0.361342025862          0.361342273491          0.361342861251          0.361344263999          0.361347621428          0.361355679592          0.361375082075          0.361421978442          0.361535837554          0.361813649004          0.362494738354          0.364169885618          0.368294327725          0.378366053258                
        0.334794523455          0.347173444427          0.354960733033          0.358481772502          0.360067248680          0.360776892828          0.361092483710          0.361232110897          0.361293656598          0.361320714966          0.361332590090          0.361337795539          0.361340075651          0.361341074232          0.361341512316          0.361341706629          0.361341797930          0.361341852818          0.361341912338          0.361342022805          0.361342272154          0.361342860666          0.361344263743          0.361347621316          0.361355679543          0.361375082053          0.361421978432          0.361535837550          0.361813649002          0.362494738353          0.364169885617          0.368294327725          0.378366053258                 
        0.334794523455          0.347173444427          0.354960733033          0.358481772502          0.360067248681          0.360776892829          0.361092483713          0.361232110905          0.361293656617          0.361320715010          0.361332590195          0.361337795786          0.361340076234          0.361341075612          0.361341515580          0.361341714363          0.361341816269          0.361341896354          0.361342015814          0.361342269097          0.361342859329          0.361344263158          0.361347621061          0.361355679431          0.361375082004          0.361421978411          0.361535837540          0.361813648998          0.362494738351          0.364169885617          0.368294327724          0.378366053258                  
        0.334794523455          0.347173444427          0.354960733033          0.358481772503          0.360067248683          0.360776892832          0.361092483721          0.361232110924          0.361293656661          0.361320715114          0.361332590442          0.361337796370          0.361340077614          0.361341078877          0.361341523315          0.361341732703          0.361341859804          0.361341999829          0.361342262106          0.361342856272          0.361344261821          0.361347620476          0.361355679175          0.361375081893          0.361421978362          0.361535837519          0.361813648989          0.362494738347          0.364169885615          0.368294327724          0.378366053258                   
        0.334794523455          0.347173444428          0.354960733034          0.358481772504          0.360067248686          0.360776892841          0.361092483740          0.361232110968          0.361293656765          0.361320715361          0.361332591025          0.361337797749          0.361340080879          0.361341086611          0.361341541654          0.361341776238          0.361341963280          0.361342246121          0.361342849281          0.361344258763          0.361347619139          0.361355678590          0.361375081637          0.361421978250          0.361535837470          0.361813648967          0.362494738337          0.364169885611          0.368294327722          0.378366053257                    
        0.334794523455          0.347173444428          0.354960733035          0.358481772507          0.360067248694          0.360776892859          0.361092483784          0.361232111072          0.361293657012          0.361320715945          0.361332592405          0.361337801014          0.361340088613          0.361341104950          0.361341585189          0.361341879713          0.361342209572          0.361342833296          0.361344251772          0.361347616081          0.361355677253          0.361375081052          0.361421977994          0.361535837358          0.361813648918          0.362494738316          0.364169885601          0.368294327718          0.378366053255                     
        0.334794523456          0.347173444430          0.354960733038          0.358481772515          0.360067248713          0.360776892903          0.361092483888          0.361232111319          0.361293657596          0.361320717324          0.361332595670          0.361337808748          0.361340106952          0.361341148485          0.361341688665          0.361342126005          0.361342796747          0.361344235788          0.361347609090          0.361355674196          0.361375079715          0.361421977409          0.361535837102          0.361813648806          0.362494738267          0.364169885580          0.368294327708          0.378366053251                      
        0.334794523457          0.347173444433          0.354960733046          0.358481772534          0.360067248757          0.360776893008          0.361092484135          0.361232111902          0.361293658975          0.361320720589          0.361332603404          0.361337827087          0.361340150487          0.361341251961          0.361341934957          0.361342713180          0.361344199238          0.361347593105          0.361355667205          0.361375076657          0.361421976072          0.361535836517          0.361813648550          0.362494738155          0.364169885530          0.368294327686          0.378366053241                       
        0.334794523460          0.347173444441          0.354960733065          0.358481772578          0.360067248861          0.360776893254          0.361092484718          0.361232113282          0.361293662240          0.361320728323          0.361332621743          0.361337870622          0.361340253963          0.361341498252          0.361342522131          0.361344115671          0.361347556555          0.361355651219          0.361375069665          0.361421973014          0.361535835179          0.361813647965          0.362494737898          0.364169885418          0.368294327636          0.378366053219                        
        0.334794523468          0.347173444459          0.354960733108          0.358481772682          0.360067249107          0.360776893837          0.361092486097          0.361232116546          0.361293669973          0.361320746661          0.361332665277          0.361337974097          0.361340500253          0.361342085426          0.361343924621          0.361347472988          0.361355614668          0.361375053679          0.361421966021          0.361535832120          0.361813646626          0.362494737311          0.364169885160          0.368294327522          0.378366053167                         
        0.334794523485          0.347173444501          0.354960733211          0.358481772927          0.360067249688          0.360776895214          0.361092489360          0.361232124277          0.361293688310          0.361320790194          0.361332768750          0.361338220386          0.361341087425          0.361343487914          0.361347281936          0.361355531099          0.361375017126          0.361421950033          0.361535825125          0.361813643564          0.362494735970          0.364169884570          0.368294327262          0.378366053050                          
        0.334794523526          0.347173444602          0.354960733454          0.358481773505          0.360067251063          0.360776898474          0.361092497088          0.361232142611          0.361293731839          0.361320893663          0.361333015035          0.361338807554          0.361342489910          0.361346845225          0.361355340043          0.361374933552          0.361421913476          0.361535809132          0.361813636564          0.362494732903          0.364169883223          0.368294326665          0.378366052782                           
        0.334794523623          0.347173444839          0.354960734027          0.358481774874          0.360067254317          0.360776906196          0.361092515415          0.361232186133          0.361293835301          0.361321139941          0.361333602195          0.361340210030          0.361345847211          0.361354903322          0.361374742486          0.361421829891          0.361535772563          0.361813620559          0.362494725890          0.364169880141          0.368294325302          0.378366052170                            
        0.334794523852          0.347173445399          0.354960735382          0.358481778113          0.360067262023          0.360776924507          0.361092558920          0.361232289577          0.361294081560          0.361321727081          0.361335004651          0.361343567310          0.361353905287          0.361374305742          0.361421638800          0.361535688952          0.361813583962          0.362494709854          0.364169873096          0.368294322186          0.378366050770                             
        0.334794524392          0.347173446725          0.354960738589          0.358481785786          0.360067280298          0.360776967974          0.361092662325          0.361232535795          0.361294668657          0.361323129491          0.361338361883          0.361351625334          0.361373307653          0.361421201999          0.361535497801          0.361813500286          0.362494673188          0.364169856986          0.368294315061          0.378366047568                              
        0.334794525671          0.347173449862          0.354960746187          0.358481803980          0.360067323680          0.360777071288          0.361092908447          0.361233122791          0.361296070961          0.361326486613          0.361346419791          0.361371027578          0.361420203780          0.361535060863          0.361813308988          0.362494589355          0.364169820151          0.368294298769          0.378366040248                               
        0.334794528696          0.347173457293          0.354960764202          0.358481847171          0.360067426790          0.360777317195          0.361093495216          0.361234524857          0.361299427831          0.361334544256          0.361365821755          0.361417923410          0.361534062329          0.361812871714          0.362494397697          0.364169735930          0.368294261516          0.378366023510                                
        0.334794535862          0.347173474913          0.354960806969          0.358481949828          0.360067672214          0.360777903452          0.361094896740          0.361237881155          0.361307484871          0.361353945583          0.361412716911          0.361531781240          0.361811872413          0.362493959600          0.364169543386          0.368294176342          0.378365985239                                 
        0.334794552854          0.347173516741          0.354960908617          0.358482194170          0.360068257317          0.360779303751          0.361098251741          0.361245936823          0.361326884745          0.361400839197          0.361526573101          0.361809589572          0.362492958418          0.364169103265          0.368293981617          0.378365897735                                  
        0.334794593190          0.347173616159          0.354961150560          0.358482776698          0.360069654862          0.360782655819          0.361106304295          0.361265333392          0.361373774848          0.361514691646          0.361804377431          0.362490671279          0.364168097456          0.368293536511          0.378365697686                                   
        0.334794689064          0.347173852794          0.354961727365          0.358484168088          0.360073000337          0.360790701335          0.361125693366          0.361312215507          0.361487618770          0.361792486845          0.362485449326          0.364165799748          0.368292519311          0.378365240407                                    
        0.334794917261          0.347174416946          0.354963105090          0.358487498832          0.360081030027          0.360810073461          0.361172557360          0.361426040036          0.361765393166          0.362473536358          0.364160553664          0.368290195580          0.378364195390                                     
        0.334795461297          0.347175764445          0.354966403119          0.358495493166          0.360100364048          0.360856896496          0.361286337893          0.361703767114          0.362446391677          0.364148585643          0.368284890081          0.378361808112                                      
        0.334796760749          0.347178990121          0.354974318931          0.358514742054          0.360147094983          0.360970577586          0.361563957621          0.362384649618          0.364121315523          0.368272786515          0.378356357524                                       
        0.334799871409          0.347186732272          0.354993378755          0.358561267219          0.360260552464          0.361247954677          0.362244576943          0.364059288143          0.368245207544          0.378343922963                                        
        0.334807337505          0.347205373953          0.355039446946          0.358674225115          0.360537383957          0.361927979145          0.363918568170          0.368182477668          0.378315589791                                         
        0.334825314492          0.347250431480          0.355151295360          0.358949837642          0.361216070825          0.363600507322          0.368040163956          0.378251144444                                          
        0.334868765434          0.347359826112          0.355424200797          0.359625536063          0.362885309157          0.367718500879          0.378104938886                                           
        0.334974259458          0.347626744426          0.356093262448          0.361287424275          0.366995202666          0.377774479306                                            
        0.335231660453          0.348281127901          0.357738827448          0.365379220781          0.377031401096                                             
        0.335862711033          0.349890591755          0.361790433969          0.375371227039                                              
        0.337414787358          0.353853312305          0.371684297863                                               
        0.341236211950          0.363530120152                                                
        0.350567980620                                                 
