        0.999965394803          0.999958932070          0.999969305753          0.999969590985          0.999969594600          0.999969594642          0.999969594642          0.999969594642          0.999969594642          0.999969594642          0.999969594642          0.999969594642          0.999969594642          0.999969594642          0.999969594642          0.999969594642          0.999969594642          0.999969594642          0.999969594642          0.999969594642          0.999969594642          0.999969594642          0.999969594642          0.999969594642          0.999969594642          0.999969594642          0.999969594642          0.999969594642          0.999969594642          0.999969594642          0.999969594642          0.999969594642          0.999969594642          0.999969594642          0.999969594642          0.999969594642          0.999969594642          0.999969594642          0.999969594642          0.999969594642          0.999969594642          0.999969594642          0.999969594642          0.999969594642          0.999969594642          0.999969594642          0.999969594642          0.999969594642          0.999969594642          0.999969594642
        0.999958979219          0.999951114653          0.999961273630          0.999961555832          0.999961559413          0.999961559454          0.999961559454          0.999961559454          0.999961559453          0.999961559455          0.999961559454          0.999961559454          0.999961559454          0.999961559454          0.999961559454          0.999961559454          0.999961559454          0.999961559454          0.999961559454          0.999961559454          0.999961559454          0.999961559454          0.999961559454          0.999961559454          0.999961559454          0.999961559454          0.999961559454          0.999961559455          0.999961559454          0.999961559454          0.999961559454          0.999961559454          0.999961559453          0.999961559455          0.999961559454          0.999961559454          0.999961559454          0.999961559454          0.999961559454          0.999961559454          0.999961559454          0.999961559453          0.999961559455          0.999961559454          0.999961559454          0.999961559454          0.999961559454          0.999961559454          0.999961559454          0.999961559454
        0.999959084729          0.999951054529          0.999961210614          0.999961492781          0.999961496362          0.999961496402          0.999961496404          0.999961496403          0.999961496404          0.999961496404          0.999961496403          0.999961496403          0.999961496403          0.999961496403          0.999961496404          0.999961496403          0.999961496403          0.999961496403          0.999961496404          0.999961496403          0.999961496403          0.999961496403          0.999961496404          0.999961496403          0.999961496403          0.999961496403          0.999961496404          0.999961496404          0.999961496403          0.999961496403          0.999961496404          0.999961496403          0.999961496404          0.999961496404          0.999961496403          0.999961496403          0.999961496404          0.999961496403          0.999961496403          0.999961496404          0.999961496403          0.999961496404          0.999961496404          0.999961496403          0.999961496403          0.999961496403          0.999961496403          0.999961496404          0.999961496403          0.999961496403
        0.999959086856          0.999951054109          0.999961210160          0.999961492327          0.999961495907          0.999961495949          0.999961495949          0.999961495949          0.999961495949          0.999961495950          0.999961495949          0.999961495949          0.999961495949          0.999961495949          0.999961495949          0.999961495949          0.999961495949          0.999961495950          0.999961495949          0.999961495949          0.999961495949          0.999961495950          0.999961495949          0.999961495950          0.999961495949          0.999961495950          0.999961495949          0.999961495949          0.999961495949          0.999961495950          0.999961495949          0.999961495949          0.999961495949          0.999961495950          0.999961495949          0.999961495949          0.999961495949          0.999961495949          0.999961495950          0.999961495949          0.999961495949          0.999961495949          0.999961495950          0.999961495949          0.999961495949          0.999961495949          0.999961495949          0.999961495950          0.999961495950          0.999961495949
        0.999959086883          0.999951054105          0.999961210156          0.999961492323          0.999961495904          0.999961495945          0.999961495945          0.999961495945          0.999961495945          0.999961495946          0.999961495945          0.999961495945          0.999961495945          0.999961495945          0.999961495945          0.999961495945          0.999961495945          0.999961495945          0.999961495945          0.999961495945          0.999961495945          0.999961495945          0.999961495945          0.999961495945          0.999961495945          0.999961495946          0.999961495945          0.999961495945          0.999961495946          0.999961495945          0.999961495945          0.999961495945          0.999961495945          0.999961495946          0.999961495945          0.999961495945          0.999961495945          0.999961495946          0.999961495945          0.999961495945          0.999961495945          0.999961495945          0.999961495946          0.999961495945          0.999961495945          0.999961495945          0.999961495945          0.999961495946          0.999961495945          0.999961495945
        0.999959086884          0.999951054105          0.999961210155          0.999961492323          0.999961495904          0.999961495945          0.999961495945          0.999961495945          0.999961495945          0.999961495946          0.999961495945          0.999961495945          0.999961495945          0.999961495945          0.999961495945          0.999961495945          0.999961495945          0.999961495945          0.999961495945          0.999961495945          0.999961495945          0.999961495946          0.999961495945          0.999961495945          0.999961495945          0.999961495945          0.999961495945          0.999961495946          0.999961495945          0.999961495945          0.999961495945          0.999961495945          0.999961495945          0.999961495946          0.999961495945          0.999961495945          0.999961495946          0.999961495945          0.999961495945          0.999961495945          0.999961495945          0.999961495945          0.999961495946          0.999961495945          0.999961495945          0.999961495945          0.999961495945          0.999961495945          0.999961495945          0.999961495945
        0.999959086884          0.999951054105          0.999961210156          0.999961492323          0.999961495903          0.999961495945          0.999961495945          0.999961495945          0.999961495945          0.999961495946          0.999961495945          0.999961495945          0.999961495945          0.999961495945          0.999961495945          0.999961495945          0.999961495945          0.999961495945          0.999961495945          0.999961495945          0.999961495945          0.999961495945          0.999961495946          0.999961495945          0.999961495945          0.999961495945          0.999961495946          0.999961495945          0.999961495945          0.999961495945          0.999961495945          0.999961495945          0.999961495945          0.999961495945          0.999961495945          0.999961495945          0.999961495945          0.999961495945          0.999961495945          0.999961495945          0.999961495945          0.999961495945          0.999961495946          0.999961495945          0.999961495945          0.999961495945          0.999961495945          0.999961495945          0.999961495946          0.999961495945
        0.999959086883          0.999951054106          0.999961210156          0.999961492323          0.999961495904          0.999961495945          0.999961495945          0.999961495945          0.999961495945          0.999961495946          0.999961495945          0.999961495945          0.999961495945          0.999961495945          0.999961495945          0.999961495945          0.999961495945          0.999961495945          0.999961495945          0.999961495945          0.999961495945          0.999961495946          0.999961495945          0.999961495945          0.999961495945          0.999961495946          0.999961495945          0.999961495945          0.999961495945          0.999961495946          0.999961495945          0.999961495945          0.999961495945          0.999961495945          0.999961495945          0.999961495945          0.999961495945          0.999961495945          0.999961495945          0.999961495946          0.999961495945          0.999961495945          0.999961495946          0.999961495945          0.999961495945          0.999961495945          0.999961495945          0.999961495946          0.999961495946          0.999961495945
        0.999959086884          0.999951054105          0.999961210156          0.999961492323          0.999961495904          0.999961495945          0.999961495945          0.999961495945          0.999961495945          0.999961495946          0.999961495945          0.999961495945          0.999961495945          0.999961495945          0.999961495945          0.999961495945          0.999961495945          0.999961495945          0.999961495945          0.999961495945          0.999961495945          0.999961495946          0.999961495945          0.999961495945          0.999961495946          0.999961495945          0.999961495945          0.999961495945          0.999961495945          0.999961495945          0.999961495946          0.999961495945          0.999961495944          0.999961495946          0.999961495945          0.999961495945          0.999961495945          0.999961495945          0.999961495945          0.999961495946          0.999961495945          0.999961495945          0.999961495946          0.999961495945          0.999961495945          0.999961495945          0.999961495945          0.999961495946          0.999961495945          0.999961495945
        0.999959086884          0.999951054105          0.999961210156          0.999961492323          0.999961495904          0.999961495945          0.999961495945          0.999961495945          0.999961495945          0.999961495946          0.999961495945          0.999961495945          0.999961495945          0.999961495945          0.999961495945          0.999961495945          0.999961495945          0.999961495945          0.999961495945          0.999961495946          0.999961495945          0.999961495945          0.999961495945          0.999961495946          0.999961495945          0.999961495945          0.999961495945          0.999961495945          0.999961495945          0.999961495946          0.999961495945          0.999961495945          0.999961495945          0.999961495945          0.999961495945          0.999961495945          0.999961495945          0.999961495945          0.999961495945          0.999961495945          0.999961495945          0.999961495945          0.999961495946          0.999961495945          0.999961495945          0.999961495945          0.999961495945          0.999961495946          0.999961495945          0.999961495945
        0.999959086884          0.999951054105          0.999961210156          0.999961492323          0.999961495904          0.999961495945          0.999961495945          0.999961495945          0.999961495945          0.999961495946          0.999961495945          0.999961495945          0.999961495945          0.999961495945          0.999961495945          0.999961495945          0.999961495945          0.999961495945          0.999961495946          0.999961495946          0.999961495945          0.999961495945          0.999961495946          0.999961495945          0.999961495945          0.999961495945          0.999961495945          0.999961495945          0.999961495946          0.999961495945          0.999961495945          0.999961495945          0.999961495945          0.999961495946          0.999961495945          0.999961495945          0.999961495945          0.999961495945          0.999961495945          0.999961495945          0.999961495945          0.999961495945          0.999961495946          0.999961495945          0.999961495945          0.999961495946          0.999961495945          0.999961495945          0.999961495945          0.999961495945
        0.999959086884          0.999951054105          0.999961210156          0.999961492323          0.999961495904          0.999961495945          0.999961495945          0.999961495945          0.999961495945          0.999961495946          0.999961495945          0.999961495945          0.999961495945          0.999961495945          0.999961495945          0.999961495945          0.999961495945          0.999961495946          0.999961495946          0.999961495945          0.999961495945          0.999961495946          0.999961495945          0.999961495945          0.999961495945          0.999961495945          0.999961495945          0.999961495946          0.999961495945          0.999961495945          0.999961495946          0.999961495945          0.999961495945          0.999961495946          0.999961495945          0.999961495945          0.999961495945          0.999961495945          0.999961495945          0.999961495946          0.999961495945          0.999961495945          0.999961495946          0.999961495945          0.999961495945          0.999961495945          0.999961495945          0.999961495945          0.999961495945          0.999961495945
        0.999959086884          0.999951054105          0.999961210156          0.999961492323          0.999961495904          0.999961495945          0.999961495945          0.999961495945          0.999961495945          0.999961495946          0.999961495945          0.999961495945          0.999961495945          0.999961495945          0.999961495945          0.999961495945          0.999961495945          0.999961495946          0.999961495945          0.999961495945          0.999961495946          0.999961495945          0.999961495945          0.999961495945          0.999961495945          0.999961495945          0.999961495945          0.999961495945          0.999961495945          0.999961495946          0.999961495945          0.999961495945          0.999961495945          0.999961495946          0.999961495945          0.999961495945          0.999961495945          0.999961495945          0.999961495945          0.999961495946          0.999961495945          0.999961495945          0.999961495946          0.999961495945          0.999961495945          0.999961495945          0.999961495945          0.999961495945          0.999961495945          0.999961495945
        0.999959086884          0.999951054105          0.999961210156          0.999961492323          0.999961495904          0.999961495945          0.999961495945          0.999961495945          0.999961495945          0.999961495946          0.999961495945          0.999961495945          0.999961495945          0.999961495945          0.999961495945          0.999961495945          0.999961495945          0.999961495945          0.999961495945          0.999961495946          0.999961495945          0.999961495945          0.999961495945          0.999961495945          0.999961495945          0.999961495946          0.999961495945          0.999961495945          0.999961495946          0.999961495945          0.999961495945          0.999961495945          0.999961495945          0.999961495946          0.999961495945          0.999961495945          0.999961495945          0.999961495945          0.999961495945          0.999961495946          0.999961495945          0.999961495945          0.999961495946          0.999961495945          0.999961495945          0.999961495945          0.999961495945          0.999961495945          0.999961495945          0.999961495945
        0.999959086884          0.999951054105          0.999961210156          0.999961492323          0.999961495904          0.999961495945          0.999961495945          0.999961495945          0.999961495945          0.999961495946          0.999961495945          0.999961495945          0.999961495945          0.999961495945          0.999961495945          0.999961495945          0.999961495945          0.999961495945          0.999961495946          0.999961495945          0.999961495945          0.999961495945          0.999961495945          0.999961495945          0.999961495945          0.999961495945          0.999961495945          0.999961495946          0.999961495945          0.999961495945          0.999961495945          0.999961495945          0.999961495945          0.999961495946          0.999961495945          0.999961495945          0.999961495945          0.999961495946          0.999961495945          0.999961495946          0.999961495945          0.999961495945          0.999961495946          0.999961495945          0.999961495945          0.999961495945          0.999961495945          0.999961495945          0.999961495945          0.999961495945
        0.999959086884          0.999951054105          0.999961210156          0.999961492323          0.999961495904          0.999961495945          0.999961495945          0.999961495945          0.999961495945          0.999961495946          0.999961495945          0.999961495945          0.999961495945          0.999961495945          0.999961495945          0.999961495945          0.999961495945          0.999961495946          0.999961495945          0.999961495945          0.999961495945          0.999961495945          0.999961495945          0.999961495945          0.999961495945          0.999961495945          0.999961495946          0.999961495945          0.999961495945          0.999961495945          0.999961495945          0.999961495945          0.999961495945          0.999961495946          0.999961495945          0.999961495945          0.999961495946          0.999961495945          0.999961495945          0.999961495946          0.999961495945          0.999961495945          0.999961495946          0.999961495945          0.999961495945          0.999961495945          0.999961495945          0.999961495945          0.999961495945          0.999961495945
        0.999959086884          0.999951054105          0.999961210156          0.999961492323          0.999961495904          0.999961495945          0.999961495945          0.999961495945          0.999961495945          0.999961495946          0.999961495945          0.999961495945          0.999961495945          0.999961495945          0.999961495945          0.999961495945          0.999961495946          0.999961495945          0.999961495945          0.999961495945          0.999961495945          0.999961495945          0.999961495946          0.999961495945          0.999961495945          0.999961495946          0.999961495945          0.999961495945          0.999961495945          0.999961495945          0.999961495946          0.999961495945          0.999961495945          0.999961495946          0.999961495945          0.999961495945          0.999961495945          0.999961495945          0.999961495945          0.999961495946          0.999961495945          0.999961495945          0.999961495946          0.999961495945          0.999961495945          0.999961495945          0.999961495945          0.999961495945          0.999961495945          0.999961495945
        0.999959086884          0.999951054105          0.999961210156          0.999961492323          0.999961495904          0.999961495945          0.999961495945          0.999961495945          0.999961495945          0.999961495946          0.999961495945          0.999961495945          0.999961495945          0.999961495945          0.999961495945          0.999961495946          0.999961495945          0.999961495945          0.999961495945          0.999961495945          0.999961495945          0.999961495946          0.999961495945          0.999961495945          0.999961495946          0.999961495945          0.999961495945          0.999961495945          0.999961495945          0.999961495946          0.999961495946          0.999961495945          0.999961495945          0.999961495946          0.999961495945          0.999961495945          0.999961495945          0.999961495945          0.999961495945          0.999961495946          0.999961495945          0.999961495945          0.999961495946          0.999961495945          0.999961495945          0.999961495945          0.999961495945          0.999961495945          0.999961495946          0.999961495945
        0.999959086884          0.999951054105          0.999961210156          0.999961492323          0.999961495904          0.999961495945          0.999961495945          0.999961495945          0.999961495945          0.999961495946          0.999961495945          0.999961495945          0.999961495945          0.999961495945          0.999961495946          0.999961495945          0.999961495945          0.999961495945          0.999961495945          0.999961495945          0.999961495946          0.999961495945          0.999961495945          0.999961495946          0.999961495945          0.999961495945          0.999961495945          0.999961495945          0.999961495945          0.999961495946          0.999961495945          0.999961495945          0.999961495945          0.999961495946          0.999961495945          0.999961495945          0.999961495945          0.999961495946          0.999961495945          0.999961495946          0.999961495945          0.999961495945          0.999961495946          0.999961495945          0.999961495945          0.999961495945          0.999961495945          0.999961495946          0.999961495945          0.999961495945
        0.999959086884          0.999951054105          0.999961210156          0.999961492323          0.999961495904          0.999961495945          0.999961495945          0.999961495945          0.999961495945          0.999961495946          0.999961495945          0.999961495945          0.999961495945          0.999961495946          0.999961495945          0.999961495945          0.999961495945          0.999961495945          0.999961495945          0.999961495946          0.999961495945          0.999961495945          0.999961495946          0.999961495945          0.999961495945          0.999961495945          0.999961495945          0.999961495945          0.999961495945          0.999961495945          0.999961495945          0.999961495945          0.999961495945          0.999961495946          0.999961495945          0.999961495945          0.999961495946          0.999961495945          0.999961495945          0.999961495946          0.999961495945          0.999961495945          0.999961495946          0.999961495945          0.999961495945          0.999961495945          0.999961495945          0.999961495945          0.999961495945          0.999961495945
        0.999959086884          0.999951054105          0.999961210156          0.999961492323          0.999961495904          0.999961495945          0.999961495945          0.999961495945          0.999961495945          0.999961495946          0.999961495945          0.999961495945          0.999961495946          0.999961495945          0.999961495945          0.999961495945          0.999961495945          0.999961495945          0.999961495946          0.999961495945          0.999961495945          0.999961495946          0.999961495945          0.999961495945          0.999961495945          0.999961495945          0.999961495945          0.999961495945          0.999961495945          0.999961495945          0.999961495946          0.999961495945          0.999961495945          0.999961495946          0.999961495945          0.999961495945          0.999961495945          0.999961495945          0.999961495945          0.999961495946          0.999961495945          0.999961495945          0.999961495946          0.999961495945          0.999961495945          0.999961495945          0.999961495945          0.999961495945          0.999961495946          0.999961495945
        0.999959086884          0.999951054105          0.999961210156          0.999961492323          0.999961495904          0.999961495945          0.999961495945          0.999961495945          0.999961495945          0.999961495945          0.999961495945          0.999961495945          0.999961495945          0.999961495945          0.999961495945          0.999961495945          0.999961495945          0.999961495946          0.999961495945          0.999961495945          0.999961495946          0.999961495945          0.999961495945          0.999961495945          0.999961495945          0.999961495945          0.999961495945          0.999961495945          0.999961495945          0.999961495946          0.999961495946          0.999961495945          0.999961495945          0.999961495946          0.999961495945          0.999961495945          0.999961495945          0.999961495945          0.999961495945          0.999961495946          0.999961495945          0.999961495945          0.999961495946          0.999961495945          0.999961495945          0.999961495945          0.999961495945          0.999961495946          0.999961495945          0.999961495945
        0.999959086884          0.999951054105          0.999961210156          0.999961492323          0.999961495904          0.999961495945          0.999961495946          0.999961495945          0.999961495945          0.999961495945          0.999961495945          0.999961495945          0.999961495945          0.999961495945          0.999961495945          0.999961495945          0.999961495945          0.999961495945          0.999961495945          0.999961495946          0.999961495945          0.999961495945          0.999961495945          0.999961495945          0.999961495945          0.999961495945          0.999961495945          0.999961495945          0.999961495945          0.999961495946          0.999961495946          0.999961495945          0.999961495945          0.999961495946          0.999961495945          0.999961495945          0.999961495945          0.999961495945          0.999961495945          0.999961495945          0.999961495945          0.999961495945          0.999961495946          0.999961495945          0.999961495945          0.999961495945          0.999961495945          0.999961495945          0.999961495945          0.999961495945
        0.999959086884          0.999951054105          0.999961210156          0.999961492323          0.999961495904          0.999961495945          0.999961495945          0.999961495945          0.999961495944          0.999961495946          0.999961495945          0.999961495945          0.999961495945          0.999961495945          0.999961495945          0.999961495945          0.999961495945          0.999961495945          0.999961495946          0.999961495945          0.999961495945          0.999961495945          0.999961495945          0.999961495945          0.999961495945          0.999961495945          0.999961495945          0.999961495945          0.999961495946          0.999961495946          0.999961495946          0.999961495945          0.999961495945          0.999961495946          0.999961495945          0.999961495945          0.999961495945          0.999961495945          0.999961495945          0.999961495946          0.999961495945          0.999961495945          0.999961495946          0.999961495945          0.999961495945          0.999961495945          0.999961495945          0.999961495945          0.999961495945          0.999961495945
        0.999959086884          0.999951054105          0.999961210156          0.999961492323          0.999961495904          0.999961495945          0.999961495945          0.999961495945          0.999961495945          0.999961495945          0.999961495945          0.999961495945          0.999961495945          0.999961495945          0.999961495945          0.999961495945          0.999961495945          0.999961495946          0.999961495945          0.999961495945          0.999961495945          0.999961495945          0.999961495945          0.999961495945          0.999961495945          0.999961495945          0.999961495945          0.999961495946          0.999961495945          0.999961495946          0.999961495946          0.999961495945          0.999961495945          0.999961495946          0.999961495945          0.999961495945          0.999961495945          0.999961495945          0.999961495945          0.999961495945          0.999961495945          0.999961495945          0.999961495946          0.999961495945          0.999961495945          0.999961495945          0.999961495945          0.999961495945          0.999961495945          0.999961495945
        0.999959086884          0.999951054105          0.999961210156          0.999961492323          0.999961495904          0.999961495945          0.999961495945          0.999961495945          0.999961495945          0.999961495945          0.999961495945          0.999961495945          0.999961495945          0.999961495945          0.999961495945          0.999961495945          0.999961495946          0.999961495945          0.999961495945          0.999961495945          0.999961495945          0.999961495945          0.999961495945          0.999961495945          0.999961495945          0.999961495945          0.999961495945          0.999961495945          0.999961495945          0.999961495946          0.999961495946          0.999961495945          0.999961495945          0.999961495946          0.999961495945          0.999961495945          0.999961495945          0.999961495945          0.999961495945          0.999961495945          0.999961495945          0.999961495945          0.999961495946          0.999961495945          0.999961495945          0.999961495945          0.999961495945          0.999961495945          0.999961495945          0.999961495945
        0.999959086884          0.999951054105          0.999961210156          0.999961492323          0.999961495903          0.999961495944          0.999961495946          0.999961495945          0.999961495945          0.999961495946          0.999961495945          0.999961495945          0.999961495945          0.999961495945          0.999961495945          0.999961495946          0.999961495945          0.999961495945          0.999961495945          0.999961495945          0.999961495945          0.999961495945          0.999961495945          0.999961495945          0.999961495945          0.999961495946          0.999961495945          0.999961495946          0.999961495946          0.999961495946          0.999961495946          0.999961495945          0.999961495945          0.999961495946          0.999961495945          0.999961495945          0.999961495945          0.999961495945          0.999961495945          0.999961495946          0.999961495945          0.999961495945          0.999961495946          0.999961495945          0.999961495945          0.999961495945          0.999961495945          0.999961495945          0.999961495945          0.999961495945
        0.999959086884          0.999951054106          0.999961210156          0.999961492323          0.999961495903          0.999961495945          0.999961495945          0.999961495945          0.999961495945          0.999961495946          0.999961495945          0.999961495945          0.999961495945          0.999961495945          0.999961495946          0.999961495945          0.999961495945          0.999961495945          0.999961495945          0.999961495945          0.999961495945          0.999961495945          0.999961495945          0.999961495945          0.999961495945          0.999961495945          0.999961495945          0.999961495946          0.999961495946          0.999961495946          0.999961495946          0.999961495945          0.999961495945          0.999961495946          0.999961495945          0.999961495945          0.999961495945          0.999961495945          0.999961495945          0.999961495946          0.999961495945          0.999961495945          0.999961495946          0.999961495945          0.999961495945          0.999961495945          0.999961495945          0.999961495945          0.999961495945          0.999961495945
        0.999959086884          0.999951054105          0.999961210156          0.999961492323          0.999961495904          0.999961495945          0.999961495945          0.999961495945          0.999961495945          0.999961495946          0.999961495945          0.999961495945          0.999961495945          0.999961495946          0.999961495945          0.999961495945          0.999961495945          0.999961495945          0.999961495945          0.999961495945          0.999961495945          0.999961495945          0.999961495945          0.999961495945          0.999961495945          0.999961495946          0.999961495945          0.999961495946          0.999961495946          0.999961495946          0.999961495946          0.999961495945          0.999961495945          0.999961495946          0.999961495945          0.999961495945          0.999961495945          0.999961495946          0.999961495945          0.999961495946          0.999961495945          0.999961495945          0.999961495946          0.999961495945          0.999961495945          0.999961495945          0.999961495945          0.999961495945          0.999961495945          0.999961495945
        0.999959086884          0.999951054105          0.999961210155          0.999961492323          0.999961495904          0.999961495945          0.999961495945          0.999961495945          0.999961495945          0.999961495946          0.999961495945          0.999961495945          0.999961495946          0.999961495945          0.999961495945          0.999961495945          0.999961495945          0.999961495945          0.999961495945          0.999961495945          0.999961495945          0.999961495945          0.999961495946          0.999961495945          0.999961495945          0.999961495946          0.999961495946          0.999961495946          0.999961495945          0.999961495946          0.999961495945          0.999961495945          0.999961495945          0.999961495946          0.999961495945          0.999961495945          0.999961495945          0.999961495945          0.999961495945          0.999961495946          0.999961495945          0.999961495945          0.999961495946          0.999961495945          0.999961495945          0.999961495945          0.999961495945          0.999961495945          0.999961495946          0.999961495945
        0.999959086884          0.999951054105          0.999961210156          0.999961492323          0.999961495904          0.999961495945          0.999961495945          0.999961495945          0.999961495945          0.999961495945          0.999961495945          0.999961495945          0.999961495945          0.999961495945          0.999961495945          0.999961495945          0.999961495945          0.999961495945          0.999961495945          0.999961495945          0.999961495945          0.999961495946          0.999961495945          0.999961495945          0.999961495945          0.999961495946          0.999961495945          0.999961495946          0.999961495945          0.999961495946          0.999961495946          0.999961495945          0.999961495945          0.999961495946          0.999961495945          0.999961495945          0.999961495945          0.999961495945          0.999961495945          0.999961495946          0.999961495945          0.999961495945          0.999961495946          0.999961495945          0.999961495945          0.999961495945          0.999961495945          0.999961495946          0.999961495945          0.999961495945
        0.999959086883          0.999951054106          0.999961210156          0.999961492323          0.999961495904          0.999961495945          0.999961495945          0.999961495945          0.999961495945          0.999961495945          0.999961495945          0.999961495945          0.999961495945          0.999961495945          0.999961495945          0.999961495945          0.999961495945          0.999961495945          0.999961495945          0.999961495945          0.999961495946          0.999961495945          0.999961495945          0.999961495945          0.999961495945          0.999961495946          0.999961495945          0.999961495945          0.999961495945          0.999961495946          0.999961495945          0.999961495945          0.999961495945          0.999961495946          0.999961495945          0.999961495945          0.999961495945          0.999961495946          0.999961495945          0.999961495946          0.999961495945          0.999961495945          0.999961495946          0.999961495945          0.999961495945          0.999961495945          0.999961495945          0.999961495945          0.999961495945          0.999961495945
        0.999959086884          0.999951054105          0.999961210156          0.999961492323          0.999961495904          0.999961495945          0.999961495946          0.999961495945          0.999961495944          0.999961495946          0.999961495945          0.999961495945          0.999961495945          0.999961495945          0.999961495945          0.999961495945          0.999961495945          0.999961495945          0.999961495945          0.999961495946          0.999961495945          0.999961495946          0.999961495945          0.999961495946          0.999961495945          0.999961495945          0.999961495945          0.999961495945          0.999961495945          0.999961495945          0.999961495946          0.999961495945          0.999961495945          0.999961495946          0.999961495945          0.999961495945          0.999961495945          0.999961495945          0.999961495945          0.999961495946          0.999961495945          0.999961495945          0.999961495946          0.999961495945          0.999961495945          0.999961495946          0.999961495945          0.999961495945          0.999961495945          0.999961495945
        0.999959086884          0.999951054105          0.999961210156          0.999961492323          0.999961495904          0.999961495945          0.999961495945          0.999961495945          0.999961495945          0.999961495945          0.999961495945          0.999961495945          0.999961495945          0.999961495945          0.999961495945          0.999961495945          0.999961495945          0.999961495945          0.999961495946          0.999961495945          0.999961495945          0.999961495946          0.999961495946          0.999961495945          0.999961495945          0.999961495945          0.999961495945          0.999961495946          0.999961495945          0.999961495946          0.999961495945          0.999961495945          0.999961495945          0.999961495946          0.999961495945          0.999961495945          0.999961495945          0.999961495945          0.999961495945          0.999961495945          0.999961495945          0.999961495945          0.999961495946          0.999961495945          0.999961495945          0.999961495945          0.999961495945          0.999961495945          0.999961495945          0.999961495945
        0.999959086884          0.999951054105          0.999961210156          0.999961492323          0.999961495904          0.999961495945          0.999961495945          0.999961495945          0.999961495945          0.999961495946          0.999961495945          0.999961495945          0.999961495945          0.999961495945          0.999961495945          0.999961495945          0.999961495945          0.999961495946          0.999961495945          0.999961495946          0.999961495945          0.999961495946          0.999961495945          0.999961495945          0.999961495945          0.999961495945          0.999961495945          0.999961495945          0.999961495945          0.999961495945          0.999961495945          0.999961495945          0.999961495945          0.999961495946          0.999961495945          0.999961495945          0.999961495945          0.999961495945          0.999961495945          0.999961495946          0.999961495945          0.999961495945          0.999961495946          0.999961495945          0.999961495945          0.999961495945          0.999961495945          0.999961495945          0.999961495945          0.999961495945
        0.999959086884          0.999951054105          0.999961210156          0.999961492323          0.999961495903          0.999961495944          0.999961495946          0.999961495945          0.999961495945          0.999961495946          0.999961495945          0.999961495945          0.999961495945          0.999961495945          0.999961495945          0.999961495945          0.999961495945          0.999961495945          0.999961495946          0.999961495946          0.999961495946          0.999961495946          0.999961495945          0.999961495945          0.999961495945          0.999961495945          0.999961495945          0.999961495945          0.999961495945          0.999961495945          0.999961495946          0.999961495945          0.999961495945          0.999961495946          0.999961495945          0.999961495945          0.999961495945          0.999961495945          0.999961495945          0.999961495946          0.999961495945          0.999961495945          0.999961495946          0.999961495945          0.999961495945          0.999961495945          0.999961495945          0.999961495945          0.999961495945          0.999961495945
        0.999959086884          0.999951054105          0.999961210156          0.999961492323          0.999961495903          0.999961495945          0.999961495945          0.999961495945          0.999961495945          0.999961495946          0.999961495945          0.999961495945          0.999961495945          0.999961495945          0.999961495945          0.999961495945          0.999961495945          0.999961495946          0.999961495946          0.999961495946          0.999961495945          0.999961495946          0.999961495945          0.999961495945          0.999961495945          0.999961495945          0.999961495945          0.999961495945          0.999961495945          0.999961495946          0.999961495946          0.999961495945          0.999961495945          0.999961495946          0.999961495945          0.999961495945          0.999961495945          0.999961495945          0.999961495945          0.999961495945          0.999961495945          0.999961495945          0.999961495946          0.999961495945          0.999961495945          0.999961495945          0.999961495945          0.999961495945          0.999961495945          0.999961495945
        0.999959086884          0.999951054106          0.999961210156          0.999961492323          0.999961495904          0.999961495945          0.999961495945          0.999961495945          0.999961495945          0.999961495946          0.999961495945          0.999961495945          0.999961495945          0.999961495945          0.999961495945          0.999961495945          0.999961495945          0.999961495946          0.999961495946          0.999961495946          0.999961495945          0.999961495945          0.999961495945          0.999961495945          0.999961495945          0.999961495945          0.999961495945          0.999961495945          0.999961495946          0.999961495946          0.999961495946          0.999961495945          0.999961495945          0.999961495946          0.999961495945          0.999961495945          0.999961495945          0.999961495945          0.999961495945          0.999961495945          0.999961495945          0.999961495945          0.999961495946          0.999961495945          0.999961495945          0.999961495945          0.999961495945          0.999961495945          0.999961495945          0.999961495945
        0.999959086884          0.999951054105          0.999961210155          0.999961492323          0.999961495903          0.999961495945          0.999961495945          0.999961495945          0.999961495945          0.999961495946          0.999961495945          0.999961495945          0.999961495945          0.999961495945          0.999961495945          0.999961495945          0.999961495945          0.999961495946          0.999961495946          0.999961495945          0.999961495945          0.999961495945          0.999961495945          0.999961495945          0.999961495945          0.999961495945          0.999961495945          0.999961495946          0.999961495945          0.999961495946          0.999961495946          0.999961495945          0.999961495945          0.999961495946          0.999961495945          0.999961495945          0.999961495945          0.999961495945          0.999961495945          0.999961495946          0.999961495945          0.999961495945          0.999961495946          0.999961495945          0.999961495945          0.999961495945          0.999961495945          0.999961495945          0.999961495945          0.999961495945
        0.999959086883          0.999951054105          0.999961210156          0.999961492323          0.999961495904          0.999961495945          0.999961495945          0.999961495945          0.999961495945          0.999961495946          0.999961495945          0.999961495945          0.999961495945          0.999961495945          0.999961495945          0.999961495945          0.999961495945          0.999961495946          0.999961495945          0.999961495945          0.999961495945          0.999961495946          0.999961495945          0.999961495945          0.999961495945          0.999961495945          0.999961495945          0.999961495945          0.999961495945          0.999961495946          0.999961495945          0.999961495945          0.999961495945          0.999961495946          0.999961495945          0.999961495945          0.999961495945          0.999961495945          0.999961495945          0.999961495945          0.999961495945          0.999961495945          0.999961495946          0.999961495945          0.999961495945          0.999961495945          0.999961495945          0.999961495945          0.999961495945          0.999961495945
        0.999959086883          0.999951054106          0.999961210156          0.999961492323          0.999961495904          0.999961495945          0.999961495945          0.999961495945          0.999961495945          0.999961495946          0.999961495945          0.999961495945          0.999961495945          0.999961495945          0.999961495945          0.999961495946          0.999961495945          0.999961495946          0.999961495945          0.999961495945          0.999961495945          0.999961495945          0.999961495945          0.999961495945          0.999961495945          0.999961495946          0.999961495945          0.999961495945          0.999961495946          0.999961495946          0.999961495946          0.999961495945          0.999961495945          0.999961495946          0.999961495945          0.999961495945          0.999961495945          0.999961495946          0.999961495945          0.999961495945          0.999961495945          0.999961495945          0.999961495946          0.999961495945          0.999961495945          0.999961495945          0.999961495945          0.999961495945          0.999961495945          0.999961495945
        0.999959086884          0.999951054105          0.999961210156          0.999961492323          0.999961495904          0.999961495945          0.999961495945          0.999961495945          0.999961495945          0.999961495946          0.999961495945          0.999961495945          0.999961495945          0.999961495945          0.999961495946          0.999961495945          0.999961495945          0.999961495945          0.999961495945          0.999961495945          0.999961495945          0.999961495945          0.999961495945          0.999961495945          0.999961495945          0.999961495945          0.999961495945          0.999961495946          0.999961495945          0.999961495946          0.999961495946          0.999961495945          0.999961495945          0.999961495946          0.999961495945          0.999961495945          0.999961495946          0.999961495945          0.999961495945          0.999961495945          0.999961495945          0.999961495945          0.999961495946          0.999961495945          0.999961495945          0.999961495945          0.999961495945          0.999961495945          0.999961495946          0.999961495945
        0.999959086884          0.999951054105          0.999961210156          0.999961492323          0.999961495904          0.999961495945          0.999961495945          0.999961495945          0.999961495945          0.999961495946          0.999961495945          0.999961495945          0.999961495945          0.999961495945          0.999961495945          0.999961495945          0.999961495945          0.999961495945          0.999961495946          0.999961495945          0.999961495945          0.999961495945          0.999961495945          0.999961495945          0.999961495945          0.999961495945          0.999961495945          0.999961495945          0.999961495945          0.999961495946          0.999961495945          0.999961495945          0.999961495945          0.999961495946          0.999961495945          0.999961495945          0.999961495945          0.999961495945          0.999961495945          0.999961495946          0.999961495945          0.999961495945          0.999961495946          0.999961495945          0.999961495945          0.999961495945          0.999961495945          0.999961495946          0.999961495945          0.999961495945
        0.999959086884          0.999951054105          0.999961210156          0.999961492323          0.999961495904          0.999961495945          0.999961495945          0.999961495945          0.999961495945          0.999961495946          0.999961495945          0.999961495945          0.999961495946          0.999961495945          0.999961495945          0.999961495945          0.999961495945          0.999961495946          0.999961495945          0.999961495945          0.999961495945          0.999961495945          0.999961495946          0.999961495945          0.999961495945          0.999961495946          0.999961495945          0.999961495945          0.999961495945          0.999961495945          0.999961495946          0.999961495945          0.999961495945          0.999961495946          0.999961495945          0.999961495945          0.999961495945          0.999961495945          0.999961495945          0.999961495945          0.999961495945          0.999961495945          0.999961495946          0.999961495945          0.999961495945          0.999961495945          0.999961495945          0.999961495945          0.999961495945          0.999961495945
        0.999959086884          0.999951054105          0.999961210156          0.999961492323          0.999961495904          0.999961495945          0.999961495945          0.999961495945          0.999961495945          0.999961495946          0.999961495945          0.999961495945          0.999961495945          0.999961495945          0.999961495945          0.999961495945          0.999961495945          0.999961495945          0.999961495945          0.999961495945          0.999961495945          0.999961495946          0.999961495945          0.999961495945          0.999961495945          0.999961495945          0.999961495945          0.999961495945          0.999961495945          0.999961495946          0.999961495946          0.999961495945          0.999961495945          0.999961495946          0.999961495945          0.999961495945          0.999961495945          0.999961495945          0.999961495945          0.999961495945          0.999961495945          0.999961495945          0.999961495946          0.999961495945          0.999961495945          0.999961495945          0.999961495945          0.999961495945          0.999961495945          0.999961495938
        0.999959086884          0.999951054105          0.999961210156          0.999961492323          0.999961495904          0.999961495945          0.999961495946          0.999961495945          0.999961495945          0.999961495946          0.999961495945          0.999961495945          0.999961495945          0.999961495945          0.999961495945          0.999961495945          0.999961495945          0.999961495945          0.999961495945          0.999961495945          0.999961495945          0.999961495945          0.999961495945          0.999961495945          0.999961495945          0.999961495945          0.999961495945          0.999961495945          0.999961495945          0.999961495946          0.999961495945          0.999961495945          0.999961495945          0.999961495946          0.999961495945          0.999961495945          0.999961495945          0.999961495945          0.999961495945          0.999961495946          0.999961495945          0.999961495945          0.999961495946          0.999961495945          0.999961495945          0.999961495945          0.999961495945          0.999961495945          0.999961495938          0.999961495302
        0.999959086884          0.999951054105          0.999961210156          0.999961492323          0.999961495904          0.999961495945          0.999961495945          0.999961495945          0.999961495945          0.999961495946          0.999961495945          0.999961495945          0.999961495945          0.999961495945          0.999961495945          0.999961495945          0.999961495945          0.999961495945          0.999961495945          0.999961495946          0.999961495945          0.999961495945          0.999961495946          0.999961495945          0.999961495945          0.999961495945          0.999961495945          0.999961495945          0.999961495945          0.999961495945          0.999961495945          0.999961495945          0.999961495945          0.999961495946          0.999961495945          0.999961495945          0.999961495945          0.999961495945          0.999961495945          0.999961495945          0.999961495945          0.999961495945          0.999961495946          0.999961495945          0.999961495945          0.999961495945          0.999961495945          0.999961495938          0.999961495302          0.999961442097
        0.999959086884          0.999951054105          0.999961210156          0.999961492323          0.999961495904          0.999961495945          0.999961495945          0.999961495945          0.999961495945          0.999961495946          0.999961495945          0.999961495945          0.999961495945          0.999961495945          0.999961495945          0.999961495945          0.999961495945          0.999961495945          0.999961495946          0.999961495945          0.999961495945          0.999961495946          0.999961495945          0.999961495945          0.999961495945          0.999961495945          0.999961495945          0.999961495946          0.999961495945          0.999961495945          0.999961495946          0.999961495945          0.999961495945          0.999961495946          0.999961495945          0.999961495945          0.999961495945          0.999961495945          0.999961495945          0.999961495946          0.999961495945          0.999961495945          0.999961495946          0.999961495945          0.999961495945          0.999961495945          0.999961495938          0.999961495302          0.999961442097          0.999958138813
        0.999959086884          0.999951054105          0.999961210156          0.999961492323          0.999961495904          0.999961495945          0.999961495945          0.999961495945          0.999961495945          0.999961495946          0.999961495945          0.999961495945          0.999961495945          0.999961495945          0.999961495945          0.999961495945          0.999961495945          0.999961495946          0.999961495945          0.999961495945          0.999961495945          0.999961495945          0.999961495945          0.999961495945          0.999961495945          0.999961495945          0.999961495945          0.999961495945          0.999961495945          0.999961495946          0.999961495945          0.999961495945          0.999961495945          0.999961495946          0.999961495945          0.999961495945          0.999961495945          0.999961495945          0.999961495945          0.999961495945          0.999961495945          0.999961495945          0.999961495946          0.999961495945          0.999961495945          0.999961495938          0.999961495302          0.999961442097          0.999958138813          0.999949215896
        0.999959086884          0.999951054105          0.999961210156          0.999961492323          0.999961495904          0.999961495945          0.999961495946          0.999961495945          0.999961495945          0.999961495946          0.999961495945          0.999961495945          0.999961495945          0.999961495945          0.999961495945          0.999961495945          0.999961495945          0.999961495945          0.999961495945          0.999961495946          0.999961495945          0.999961495945          0.999961495945          0.999961495945          0.999961495945          0.999961495946          0.999961495945          0.999961495945          0.999961495946          0.999961495945          0.999961495945          0.999961495945          0.999961495945          0.999961495946          0.999961495945          0.999961495945          0.999961495945          0.999961495945          0.999961495945          0.999961495945          0.999961495945          0.999961495945          0.999961495946          0.999961495945          0.999961495937          0.999961495302          0.999961442097          0.999958138813          0.999949215897 
        0.999959086884          0.999951054106          0.999961210156          0.999961492323          0.999961495904          0.999961495945          0.999961495945          0.999961495945          0.999961495945          0.999961495946          0.999961495945          0.999961495945          0.999961495945          0.999961495945          0.999961495945          0.999961495945          0.999961495945          0.999961495945          0.999961495946          0.999961495945          0.999961495945          0.999961495945          0.999961495945          0.999961495945          0.999961495945          0.999961495945          0.999961495945          0.999961495946          0.999961495945          0.999961495945          0.999961495945          0.999961495945          0.999961495945          0.999961495946          0.999961495945          0.999961495945          0.999961495945          0.999961495945          0.999961495945          0.999961495946          0.999961495945          0.999961495945          0.999961495946          0.999961495937          0.999961495302          0.999961442097          0.999958138813          0.999949215897  
        0.999959086884          0.999951054105          0.999961210156          0.999961492323          0.999961495904          0.999961495945          0.999961495945          0.999961495945          0.999961495945          0.999961495946          0.999961495945          0.999961495945          0.999961495945          0.999961495945          0.999961495945          0.999961495945          0.999961495945          0.999961495946          0.999961495945          0.999961495945          0.999961495945          0.999961495945          0.999961495945          0.999961495945          0.999961495945          0.999961495945          0.999961495945          0.999961495945          0.999961495945          0.999961495945          0.999961495946          0.999961495945          0.999961495945          0.999961495946          0.999961495945          0.999961495945          0.999961495945          0.999961495945          0.999961495945          0.999961495945          0.999961495945          0.999961495945          0.999961495938          0.999961495302          0.999961442097          0.999958138813          0.999949215896   
        0.999959086884          0.999951054105          0.999961210156          0.999961492323          0.999961495904          0.999961495945          0.999961495945          0.999961495945          0.999961495945          0.999961495946          0.999961495945          0.999961495945          0.999961495945          0.999961495945          0.999961495945          0.999961495945          0.999961495945          0.999961495945          0.999961495945          0.999961495945          0.999961495945          0.999961495945          0.999961495945          0.999961495945          0.999961495945          0.999961495946          0.999961495945          0.999961495945          0.999961495945          0.999961495946          0.999961495945          0.999961495945          0.999961495945          0.999961495946          0.999961495945          0.999961495945          0.999961495945          0.999961495946          0.999961495945          0.999961495945          0.999961495945          0.999961495937          0.999961495303          0.999961442097          0.999958138813          0.999949215897    
        0.999959086884          0.999951054105          0.999961210156          0.999961492323          0.999961495904          0.999961495945          0.999961495945          0.999961495945          0.999961495945          0.999961495946          0.999961495945          0.999961495945          0.999961495945          0.999961495945          0.999961495945          0.999961495945          0.999961495945          0.999961495945          0.999961495945          0.999961495945          0.999961495945          0.999961495946          0.999961495945          0.999961495945          0.999961495945          0.999961495945          0.999961495945          0.999961495945          0.999961495945          0.999961495945          0.999961495945          0.999961495945          0.999961495945          0.999961495946          0.999961495945          0.999961495945          0.999961495945          0.999961495945          0.999961495945          0.999961495945          0.999961495937          0.999961495302          0.999961442097          0.999958138813          0.999949215896     
        0.999959086884          0.999951054106          0.999961210156          0.999961492323          0.999961495904          0.999961495945          0.999961495945          0.999961495945          0.999961495945          0.999961495946          0.999961495945          0.999961495945          0.999961495945          0.999961495945          0.999961495945          0.999961495945          0.999961495945          0.999961495945          0.999961495945          0.999961495945          0.999961495945          0.999961495945          0.999961495945          0.999961495946          0.999961495945          0.999961495945          0.999961495945          0.999961495946          0.999961495945          0.999961495945          0.999961495946          0.999961495945          0.999961495945          0.999961495946          0.999961495945          0.999961495945          0.999961495945          0.999961495945          0.999961495945          0.999961495938          0.999961495302          0.999961442097          0.999958138813          0.999949215896      
        0.999959086884          0.999951054105          0.999961210156          0.999961492323          0.999961495904          0.999961495945          0.999961495945          0.999961495945          0.999961495945          0.999961495946          0.999961495945          0.999961495945          0.999961495945          0.999961495945          0.999961495945          0.999961495945          0.999961495945          0.999961495945          0.999961495945          0.999961495946          0.999961495945          0.999961495945          0.999961495946          0.999961495945          0.999961495945          0.999961495945          0.999961495945          0.999961495945          0.999961495945          0.999961495946          0.999961495945          0.999961495945          0.999961495945          0.999961495946          0.999961495945          0.999961495945          0.999961495945          0.999961495945          0.999961495938          0.999961495302          0.999961442097          0.999958138812          0.999949215897       
        0.999959086884          0.999951054105          0.999961210156          0.999961492323          0.999961495904          0.999961495945          0.999961495945          0.999961495945          0.999961495945          0.999961495946          0.999961495945          0.999961495945          0.999961495945          0.999961495945          0.999961495945          0.999961495945          0.999961495945          0.999961495945          0.999961495946          0.999961495945          0.999961495945          0.999961495946          0.999961495945          0.999961495945          0.999961495945          0.999961495945          0.999961495945          0.999961495945          0.999961495945          0.999961495945          0.999961495946          0.999961495945          0.999961495945          0.999961495946          0.999961495945          0.999961495945          0.999961495945          0.999961495938          0.999961495302          0.999961442097          0.999958138812          0.999949215896        
        0.999959086884          0.999951054105          0.999961210156          0.999961492323          0.999961495904          0.999961495945          0.999961495945          0.999961495945          0.999961495945          0.999961495946          0.999961495945          0.999961495945          0.999961495945          0.999961495945          0.999961495945          0.999961495945          0.999961495945          0.999961495946          0.999961495945          0.999961495945          0.999961495946          0.999961495945          0.999961495945          0.999961495945          0.999961495945          0.999961495945          0.999961495945          0.999961495945          0.999961495945          0.999961495946          0.999961495945          0.999961495945          0.999961495945          0.999961495946          0.999961495945          0.999961495945          0.999961495938          0.999961495302          0.999961442097          0.999958138813          0.999949215896         
        0.999959086884          0.999951054105          0.999961210156          0.999961492323          0.999961495904          0.999961495945          0.999961495945          0.999961495945          0.999961495945          0.999961495946          0.999961495945          0.999961495945          0.999961495945          0.999961495945          0.999961495945          0.999961495945          0.999961495945          0.999961495945          0.999961495945          0.999961495946          0.999961495945          0.999961495945          0.999961495945          0.999961495945          0.999961495945          0.999961495945          0.999961495945          0.999961495945          0.999961495945          0.999961495945          0.999961495945          0.999961495945          0.999961495945          0.999961495946          0.999961495945          0.999961495937          0.999961495302          0.999961442097          0.999958138813          0.999949215897          
        0.999959086884          0.999951054105          0.999961210156          0.999961492323          0.999961495904          0.999961495945          0.999961495946          0.999961495945          0.999961495945          0.999961495946          0.999961495945          0.999961495945          0.999961495945          0.999961495945          0.999961495945          0.999961495945          0.999961495945          0.999961495945          0.999961495946          0.999961495945          0.999961495945          0.999961495945          0.999961495945          0.999961495945          0.999961495945          0.999961495945          0.999961495945          0.999961495945          0.999961495945          0.999961495945          0.999961495946          0.999961495945          0.999961495945          0.999961495946          0.999961495937          0.999961495302          0.999961442097          0.999958138813          0.999949215897           
        0.999959086884          0.999951054105          0.999961210156          0.999961492323          0.999961495904          0.999961495945          0.999961495945          0.999961495945          0.999961495945          0.999961495946          0.999961495945          0.999961495945          0.999961495945          0.999961495945          0.999961495945          0.999961495945          0.999961495945          0.999961495946          0.999961495945          0.999961495945          0.999961495945          0.999961495946          0.999961495945          0.999961495945          0.999961495945          0.999961495945          0.999961495945          0.999961495945          0.999961495945          0.999961495946          0.999961495945          0.999961495945          0.999961495945          0.999961495938          0.999961495302          0.999961442097          0.999958138813          0.999949215897            
        0.999959086884          0.999951054105          0.999961210156          0.999961492323          0.999961495904          0.999961495945          0.999961495945          0.999961495945          0.999961495945          0.999961495946          0.999961495945          0.999961495945          0.999961495945          0.999961495945          0.999961495945          0.999961495945          0.999961495945          0.999961495945          0.999961495945          0.999961495945          0.999961495945          0.999961495945          0.999961495945          0.999961495945          0.999961495945          0.999961495945          0.999961495945          0.999961495945          0.999961495946          0.999961495945          0.999961495945          0.999961495945          0.999961495937          0.999961495303          0.999961442097          0.999958138813          0.999949215897             
        0.999959086884          0.999951054105          0.999961210156          0.999961492323          0.999961495904          0.999961495945          0.999961495946          0.999961495945          0.999961495945          0.999961495946          0.999961495945          0.999961495945          0.999961495945          0.999961495945          0.999961495945          0.999961495945          0.999961495945          0.999961495945          0.999961495945          0.999961495945          0.999961495945          0.999961495945          0.999961495945          0.999961495945          0.999961495945          0.999961495945          0.999961495945          0.999961495946          0.999961495945          0.999961495945          0.999961495945          0.999961495937          0.999961495302          0.999961442097          0.999958138813          0.999949215896              
        0.999959086884          0.999951054105          0.999961210156          0.999961492323          0.999961495904          0.999961495945          0.999961495945          0.999961495945          0.999961495945          0.999961495946          0.999961495945          0.999961495945          0.999961495945          0.999961495945          0.999961495945          0.999961495945          0.999961495945          0.999961495945          0.999961495945          0.999961495945          0.999961495945          0.999961495945          0.999961495945          0.999961495945          0.999961495945          0.999961495945          0.999961495945          0.999961495945          0.999961495945          0.999961495945          0.999961495938          0.999961495302          0.999961442097          0.999958138813          0.999949215896               
        0.999959086884          0.999951054106          0.999961210156          0.999961492323          0.999961495904          0.999961495945          0.999961495945          0.999961495945          0.999961495945          0.999961495946          0.999961495945          0.999961495945          0.999961495945          0.999961495945          0.999961495945          0.999961495945          0.999961495945          0.999961495946          0.999961495945          0.999961495945          0.999961495945          0.999961495945          0.999961495945          0.999961495945          0.999961495945          0.999961495946          0.999961495945          0.999961495945          0.999961495945          0.999961495938          0.999961495302          0.999961442097          0.999958138812          0.999949215897                
        0.999959086884          0.999951054105          0.999961210156          0.999961492323          0.999961495904          0.999961495945          0.999961495945          0.999961495945          0.999961495945          0.999961495946          0.999961495945          0.999961495945          0.999961495945          0.999961495945          0.999961495945          0.999961495945          0.999961495945          0.999961495945          0.999961495945          0.999961495945          0.999961495945          0.999961495945          0.999961495945          0.999961495945          0.999961495945          0.999961495945          0.999961495945          0.999961495945          0.999961495938          0.999961495302          0.999961442097          0.999958138813          0.999949215896                 
        0.999959086884          0.999951054105          0.999961210156          0.999961492323          0.999961495904          0.999961495945          0.999961495945          0.999961495945          0.999961495945          0.999961495946          0.999961495945          0.999961495945          0.999961495945          0.999961495945          0.999961495945          0.999961495945          0.999961495945          0.999961495945          0.999961495945          0.999961495945          0.999961495945          0.999961495945          0.999961495945          0.999961495945          0.999961495945          0.999961495945          0.999961495945          0.999961495938          0.999961495302          0.999961442097          0.999958138813          0.999949215896                  
        0.999959086884          0.999951054106          0.999961210156          0.999961492323          0.999961495904          0.999961495945          0.999961495945          0.999961495945          0.999961495945          0.999961495946          0.999961495945          0.999961495945          0.999961495945          0.999961495945          0.999961495945          0.999961495945          0.999961495945          0.999961495945          0.999961495945          0.999961495945          0.999961495945          0.999961495945          0.999961495946          0.999961495945          0.999961495945          0.999961495945          0.999961495938          0.999961495302          0.999961442097          0.999958138813          0.999949215897                   
        0.999959086884          0.999951054105          0.999961210156          0.999961492323          0.999961495904          0.999961495945          0.999961495945          0.999961495945          0.999961495945          0.999961495946          0.999961495945          0.999961495945          0.999961495945          0.999961495945          0.999961495945          0.999961495945          0.999961495945          0.999961495945          0.999961495945          0.999961495945          0.999961495945          0.999961495946          0.999961495945          0.999961495945          0.999961495945          0.999961495938          0.999961495302          0.999961442097          0.999958138813          0.999949215897                    
        0.999959086884          0.999951054105          0.999961210156          0.999961492323          0.999961495904          0.999961495945          0.999961495945          0.999961495945          0.999961495945          0.999961495946          0.999961495945          0.999961495945          0.999961495945          0.999961495945          0.999961495945          0.999961495945          0.999961495945          0.999961495945          0.999961495945          0.999961495945          0.999961495945          0.999961495945          0.999961495945          0.999961495945          0.999961495938          0.999961495302          0.999961442097          0.999958138813          0.999949215897                     
        0.999959086884          0.999951054105          0.999961210156          0.999961492323          0.999961495904          0.999961495945          0.999961495945          0.999961495945          0.999961495945          0.999961495946          0.999961495945          0.999961495945          0.999961495945          0.999961495945          0.999961495945          0.999961495945          0.999961495945          0.999961495945          0.999961495945          0.999961495946          0.999961495945          0.999961495945          0.999961495945          0.999961495938          0.999961495302          0.999961442097          0.999958138813          0.999949215897                      
        0.999959086884          0.999951054105          0.999961210156          0.999961492323          0.999961495904          0.999961495945          0.999961495946          0.999961495945          0.999961495945          0.999961495946          0.999961495945          0.999961495945          0.999961495945          0.999961495945          0.999961495945          0.999961495945          0.999961495945          0.999961495945          0.999961495946          0.999961495945          0.999961495945          0.999961495945          0.999961495938          0.999961495302          0.999961442097          0.999958138813          0.999949215897                       
        0.999959086884          0.999951054105          0.999961210156          0.999961492323          0.999961495904          0.999961495945          0.999961495945          0.999961495945          0.999961495945          0.999961495946          0.999961495945          0.999961495945          0.999961495945          0.999961495945          0.999961495945          0.999961495945          0.999961495945          0.999961495946          0.999961495945          0.999961495945          0.999961495945          0.999961495938          0.999961495302          0.999961442097          0.999958138813          0.999949215897                        
        0.999959086884          0.999951054105          0.999961210156          0.999961492323          0.999961495904          0.999961495945          0.999961495945          0.999961495945          0.999961495945          0.999961495946          0.999961495945          0.999961495945          0.999961495945          0.999961495945          0.999961495945          0.999961495945          0.999961495945          0.999961495945          0.999961495945          0.999961495945          0.999961495938          0.999961495302          0.999961442097          0.999958138813          0.999949215896                         
        0.999959086884          0.999951054105          0.999961210156          0.999961492323          0.999961495904          0.999961495945          0.999961495945          0.999961495945          0.999961495945          0.999961495946          0.999961495945          0.999961495945          0.999961495945          0.999961495945          0.999961495945          0.999961495945          0.999961495945          0.999961495945          0.999961495945          0.999961495938          0.999961495302          0.999961442097          0.999958138813          0.999949215897                          
        0.999959086884          0.999951054105          0.999961210156          0.999961492323          0.999961495904          0.999961495945          0.999961495945          0.999961495945          0.999961495945          0.999961495946          0.999961495945          0.999961495945          0.999961495945          0.999961495945          0.999961495945          0.999961495945          0.999961495945          0.999961495945          0.999961495938          0.999961495302          0.999961442097          0.999958138813          0.999949215897                           
        0.999959086884          0.999951054106          0.999961210156          0.999961492323          0.999961495904          0.999961495945          0.999961495945          0.999961495945          0.999961495945          0.999961495946          0.999961495945          0.999961495945          0.999961495945          0.999961495945          0.999961495945          0.999961495945          0.999961495945          0.999961495938          0.999961495302          0.999961442097          0.999958138813          0.999949215897                            
        0.999959086884          0.999951054105          0.999961210156          0.999961492323          0.999961495904          0.999961495945          0.999961495945          0.999961495945          0.999961495945          0.999961495946          0.999961495945          0.999961495945          0.999961495945          0.999961495945          0.999961495945          0.999961495945          0.999961495938          0.999961495302          0.999961442097          0.999958138813          0.999949215897                             
        0.999959086884          0.999951054105          0.999961210156          0.999961492323          0.999961495904          0.999961495945          0.999961495945          0.999961495945          0.999961495945          0.999961495946          0.999961495945          0.999961495945          0.999961495945          0.999961495945          0.999961495945          0.999961495938          0.999961495302          0.999961442097          0.999958138813          0.999949215897                              
        0.999959086884          0.999951054105          0.999961210156          0.999961492323          0.999961495904          0.999961495945          0.999961495945          0.999961495945          0.999961495945          0.999961495946          0.999961495945          0.999961495945          0.999961495945          0.999961495945          0.999961495938          0.999961495302          0.999961442097          0.999958138813          0.999949215897                               
        0.999959086884          0.999951054105          0.999961210156          0.999961492323          0.999961495904          0.999961495945          0.999961495945          0.999961495945          0.999961495945          0.999961495946          0.999961495945          0.999961495945          0.999961495945          0.999961495938          0.999961495302          0.999961442097          0.999958138813          0.999949215897                                
        0.999959086884          0.999951054105          0.999961210156          0.999961492323          0.999961495904          0.999961495945          0.999961495945          0.999961495945          0.999961495945          0.999961495946          0.999961495945          0.999961495945          0.999961495938          0.999961495302          0.999961442097          0.999958138813          0.999949215896                                 
        0.999959086884          0.999951054105          0.999961210156          0.999961492323          0.999961495904          0.999961495945          0.999961495945          0.999961495945          0.999961495945          0.999961495946          0.999961495945          0.999961495937          0.999961495302          0.999961442097          0.999958138813          0.999949215897                                  
        0.999959086884          0.999951054105          0.999961210156          0.999961492323          0.999961495904          0.999961495945          0.999961495946          0.999961495945          0.999961495945          0.999961495946          0.999961495937          0.999961495302          0.999961442097          0.999958138813          0.999949215897                                   
        0.999959086884          0.999951054105          0.999961210156          0.999961492323          0.999961495904          0.999961495945          0.999961495945          0.999961495945          0.999961495945          0.999961495938          0.999961495302          0.999961442097          0.999958138813          0.999949215896                                    
        0.999959086884          0.999951054105          0.999961210156          0.999961492323          0.999961495904          0.999961495945          0.999961495945          0.999961495945          0.999961495937          0.999961495303          0.999961442097          0.999958138813          0.999949215897                                     
        0.999959086884          0.999951054105          0.999961210156          0.999961492323          0.999961495904          0.999961495945          0.999961495945          0.999961495937          0.999961495302          0.999961442097          0.999958138813          0.999949215896                                      
        0.999959086884          0.999951054105          0.999961210156          0.999961492323          0.999961495904          0.999961495945          0.999961495938          0.999961495302          0.999961442097          0.999958138813          0.999949215896                                       
        0.999959086884          0.999951054106          0.999961210156          0.999961492323          0.999961495904          0.999961495937          0.999961495302          0.999961442097          0.999958138812          0.999949215897                                        
        0.999959086884          0.999951054105          0.999961210156          0.999961492323          0.999961495896          0.999961495302          0.999961442097          0.999958138813          0.999949215896                                         
        0.999959086884          0.999951054105          0.999961210156          0.999961492315          0.999961495261          0.999961442097          0.999958138813          0.999949215896                                          
        0.999959086884          0.999951054105          0.999961210148          0.999961491680          0.999961442055          0.999958138812          0.999949215897                                           
        0.999959086884          0.999951054098          0.999961209513          0.999961438475          0.999958138771          0.999949215896                                            
        0.999959086876          0.999951053462          0.999961156308          0.999958135190          0.999949215855                                             
        0.999959086241          0.999951000258          0.999957853024          0.999949212274                                              
        0.999959033036          0.999947697008          0.999948930111                                               
        0.999955729759          0.999938774185                                                
        0.999946806865                                                 
