        0.259937551214          0.207458925333          0.188256664678          0.183036495566          0.180635102093          0.178075356246          0.177358370281          0.177077170804          0.176973850572          0.176795101945          0.176773248679          0.176755596571          0.176752189303          0.176737982248          0.176738380403          0.176737160360          0.176737037678          0.176735893246          0.176736029097          0.176735967303          0.176735932061          0.176735853912          0.176735860935          0.176735865303          0.176735854472          0.176735852287          0.176735850537          0.176735852724          0.176735850391          0.176735850971          0.176735850377          0.176735850836          0.176735850440          0.176735850591          0.176735850482          0.176735850552          0.176735850497          0.176735850519          0.176735850505          0.176735850513          0.176735850507          0.176735850509          0.176735850508          0.176735850508          0.176735850508          0.176735850508          0.176735850508          0.176735850508          0.176735850508          0.176735850508
        0.243803276647          0.207885700600          0.191940258132          0.186567936042          0.185212977073          0.183331653033          0.182813605864          0.182426073672          0.182444350537          0.182277752274          0.182281598385          0.182242809688          0.182255955474          0.182238323772          0.182242438586          0.182238161963          0.182240170825          0.182238319102          0.182238919222          0.182238500370          0.182238702016          0.182238538382          0.182238588823          0.182238562072          0.182238571219          0.182238563140          0.182238562969          0.182238564147          0.182238562426          0.182238563305          0.182238562239          0.182238563020          0.182238562424          0.182238562762          0.182238562508          0.182238562670          0.182238562560          0.182238562622          0.182238562581          0.182238562605          0.182238562590          0.182238562598          0.182238562593          0.182238562596          0.182238562594          0.182238562595          0.182238562594          0.182238562594          0.182238562594          0.182238562594
        0.239671068260          0.207621442190          0.191222447458          0.187320591119          0.186353220955          0.184783255000          0.184119424307          0.183886919810          0.183895378610          0.183763020675          0.183743907603          0.183723133459          0.183731921313          0.183718159684          0.183719514212          0.183717183329          0.183718604253          0.183717110073          0.183717460610          0.183717210815          0.183717369124          0.183717221354          0.183717261559          0.183717242027          0.183717252968          0.183717241902          0.183717243823          0.183717243811          0.183717243435          0.183717243267          0.183717242884          0.183717243270          0.183717242968          0.183717243109          0.183717242977          0.183717243071          0.183717243005          0.183717243039          0.183717243015          0.183717243030          0.183717243020          0.183717243025          0.183717243022          0.183717243024          0.183717243023          0.183717243023          0.183717243023          0.183717243023          0.183717243023          0.183717243023
        0.238768618246          0.205863361477          0.190846094418          0.187268607245          0.186608317432          0.184842572371          0.184346126403          0.184090053053          0.184138359226          0.183976234077          0.183978126048          0.183950898120          0.183964596028          0.183947204012          0.183950936936          0.183947753096          0.183949662591          0.183947823700          0.183948390053          0.183948070708          0.183948256242          0.183948090549          0.183948141146          0.183948121959          0.183948130141          0.183948121015          0.183948121631          0.183948123090          0.183948121495          0.183948122111          0.183948121245          0.183948121981          0.183948121437          0.183948121728          0.183948121508          0.183948121659          0.183948121558          0.183948121612          0.183948121577          0.183948121599          0.183948121585          0.183948121592          0.183948121588          0.183948121590          0.183948121589          0.183948121589          0.183948121589          0.183948121589          0.183948121589          0.183948121589
        0.236769781129          0.205325999299          0.190728912680          0.187430671409          0.186586379421          0.184980968772          0.184469047561          0.184250068445          0.184269267083          0.184128063721          0.184123800972          0.184101485665          0.184111441776          0.184096548944          0.184099375223          0.184096729243          0.184098254033          0.184096662097          0.184097142078          0.184096861571          0.184097021596          0.184096871690          0.184096919669          0.184096899544          0.184096908562          0.184096898862          0.184096900559          0.184096901027          0.184096900097          0.184096900314          0.184096899761          0.184096900276          0.184096899872          0.184096900080          0.184096899915          0.184096900030          0.184096899950          0.184096899993          0.184096899965          0.184096899982          0.184096899971          0.184096899977          0.184096899973          0.184096899975          0.184096899974          0.184096899975          0.184096899974          0.184096899975          0.184096899974          0.184096899975
        0.236148016686          0.205167967891          0.190867272591          0.187426144311          0.186722819846          0.185115595326          0.184635077479          0.184392667912          0.184429557375          0.184284071359          0.184283777638          0.184258386117          0.184270439667          0.184254851247          0.184258107223          0.184255140499          0.184256873662          0.184255212967          0.184255723618          0.184255421189          0.184255594854          0.184255442773          0.184255489894          0.184255470324          0.184255478964          0.184255470119          0.184255471000          0.184255472001          0.184255470755          0.184255471220          0.184255470487          0.184255471114          0.184255470644          0.184255470896          0.184255470702          0.184255470835          0.184255470745          0.184255470794          0.184255470762          0.184255470782          0.184255470769          0.184255470776          0.184255470772          0.184255470774          0.184255470773          0.184255470773          0.184255470773          0.184255470773          0.184255470773          0.184255470772
        0.235856495637          0.205214035285          0.190746648388          0.187467679722          0.186747722484          0.185177230255          0.184671623880          0.184448271236          0.184479970583          0.184338754079          0.184335408624          0.184312113306          0.184323475461          0.184308296102          0.184311268519          0.184308487766          0.184310166969          0.184308527012          0.184309024501          0.184308730512          0.184308905275          0.184308750361          0.184308799489          0.184308778694          0.184308788708          0.184308778777          0.184308780370          0.184308780940          0.184308780005          0.184308780258          0.184308779657          0.184308780209          0.184308779787          0.184308780009          0.184308779833          0.184308779956          0.184308779872          0.184308779918          0.184308779887          0.184308779906          0.184308779894          0.184308779901          0.184308779897          0.184308779899          0.184308779898          0.184308779898          0.184308779898          0.184308779899          0.184308779897          0.184308779899
        0.235900340077          0.205052375853          0.190748816025          0.187448356086          0.186766737539          0.185167360332          0.184682053524          0.184452510492          0.184488993586          0.184344223689          0.184343206497          0.184319074718          0.184330923697          0.184315400643          0.184318588911          0.184315737458          0.184317445827          0.184315786815          0.184316295564          0.184316001286          0.184316173822          0.184316020570          0.184316068602          0.184316049164          0.184316058052          0.184316048856          0.184316050008          0.184316050915          0.184316049752          0.184316050147          0.184316049463          0.184316050068          0.184316049613          0.184316049855          0.184316049668          0.184316049797          0.184316049710          0.184316049757          0.184316049726          0.184316049745          0.184316049733          0.184316049739          0.184316049735          0.184316049738          0.184316049736          0.184316049737          0.184316049737          0.184316049736          0.184316049738          0.184316049735
        0.235719209102          0.205051642306          0.190730816075          0.187467211836          0.186757350258          0.185178211198          0.184687074217          0.184462204931          0.184495125945          0.184352735948          0.184350867110          0.184327238840          0.184338725671          0.184323435022          0.184326543427          0.184323727179          0.184325412122          0.184323767553          0.184324274186          0.184323978788          0.184324152279          0.184323998397          0.184324047520          0.184324027117          0.184324036653          0.184324027067          0.184324028519          0.184324029213          0.184324028184          0.184324028500          0.184324027868          0.184324028440          0.184324028005          0.184324028236          0.184324028055          0.184324028181          0.184324028095          0.184324028142          0.184324028111          0.184324028130          0.184324028118          0.184324028124          0.184324028120          0.184324028123          0.184324028121          0.184324028122          0.184324028121          0.184324028123          0.184324028120          0.184324028126
        0.235717334739          0.205030038200          0.190747541155          0.187458734078          0.186767519338          0.185183469527          0.184696557807          0.184468564582          0.184503611706          0.184360500029          0.184359066782          0.184335124918          0.184346814623          0.184331457913          0.184334594522          0.184331758967          0.184333455811          0.184331810030          0.184332315136          0.184332020780          0.184332193541          0.184332040699          0.184332088888          0.184332069083          0.184332078245          0.184332068933          0.184332070187          0.184332071002          0.184332069901          0.184332070264          0.184332069601          0.184332070191          0.184332069746          0.184332069983          0.184332069799          0.184332069926          0.184332069840          0.184332069887          0.184332069856          0.184332069875          0.184332069863          0.184332069869          0.184332069866          0.184332069867          0.184332069867          0.184332069866          0.184332069868          0.184332069865          0.184332069871          0.184332069861
        0.235686688693          0.205042743337          0.190732532488          0.187463567743          0.186766646730          0.185187100311          0.184696987683          0.184471164322          0.184505463229          0.184362791726          0.184361054972          0.184337309255          0.184348938062          0.184333605894          0.184336727026          0.184333901034          0.184335598311          0.184333950100          0.184334457031          0.184334161557          0.184334335666          0.184334181752          0.184334230655          0.184334210426          0.184334219906          0.184334210377          0.184334211768          0.184334212505          0.184334211455          0.184334211786          0.184334211142          0.184334211722          0.184334211283          0.184334211516          0.184334211334          0.184334211461          0.184334211375          0.184334211422          0.184334211391          0.184334211410          0.184334211397          0.184334211404          0.184334211400          0.184334211403          0.184334211400          0.184334211403          0.184334211399          0.184334211406          0.184334211395          0.184334211413
        0.235701620829          0.205025338901          0.190735801207          0.187460668804          0.186768484389          0.185185414754          0.184697592629          0.184470944035          0.184505726921          0.184362713065          0.184361190922          0.184337374253          0.184349033144          0.184333681363          0.184336814086          0.184333987552          0.184335682845          0.184334036121          0.184334542051          0.184334247864          0.184334420896          0.184334267688          0.184334316158          0.184334296252          0.184334305510          0.184334296120          0.184334297429          0.184334298220          0.184334297136          0.184334297487          0.184334296832          0.184334297418          0.184334296976          0.184334297211          0.184334297028          0.184334297155          0.184334297069          0.184334297116          0.184334297085          0.184334297104          0.184334297092          0.184334297098          0.184334297095          0.184334297096          0.184334297096          0.184334297094          0.184334297100          0.184334297089          0.184334297107          0.184334297080
        0.235682115089          0.205028997956          0.190733300141          0.187462829673          0.186767148072          0.185186402452          0.184697757525          0.184471591323          0.184506026025          0.184363235272          0.184361637385          0.184337853253          0.184349490289          0.184334151893          0.184337282921          0.184334455001          0.184336151348          0.184334503902          0.184335010914          0.184334715746          0.184334889416          0.184334735810          0.184334784577          0.184334764459          0.184334773848          0.184334764381          0.184334765740          0.184334766498          0.184334765433          0.184334765774          0.184334765125          0.184334765708          0.184334765267          0.184334765502          0.184334765319          0.184334765446          0.184334765360          0.184334765406          0.184334765375          0.184334765395          0.184334765382          0.184334765389          0.184334765384          0.184334765389          0.184334765384          0.184334765391          0.184334765380          0.184334765398          0.184334765370          0.184334765418
        0.235686127762          0.205026092361          0.190735264336          0.187461540220          0.186768047693          0.185186546675          0.184698351978          0.184471873193          0.184506510617          0.184363653699          0.184362083878          0.184338281479          0.184349929787          0.184334590601          0.184337719883          0.184334893259          0.184336588758          0.184334942449          0.184335448490          0.184335153960          0.184335327241          0.184335173927          0.184335222491          0.184335202499          0.184335211815          0.184335202395          0.184335203724          0.184335204500          0.184335203425          0.184335203771          0.184335203119          0.184335203704          0.184335203262          0.184335203497          0.184335203314          0.184335203441          0.184335203355          0.184335203402          0.184335203371          0.184335203390          0.184335203378          0.184335203383          0.184335203382          0.184335203380          0.184335203386          0.184335203376          0.184335203393          0.184335203366          0.184335203413          0.184335203343
        0.235682488140          0.205027942245          0.190733577940          0.187462109269          0.186767823101          0.185186784485          0.184698272908          0.184471995798          0.184506568186          0.184363738213          0.184362151341          0.184338359198          0.184350007466          0.184334666068          0.184337797006          0.184334969300          0.184336666104          0.184335018727          0.184335525476          0.184335230521          0.184335404119          0.184335250590          0.184335299288          0.184335279219          0.184335288585          0.184335279134          0.184335280482          0.184335281248          0.184335280179          0.184335280522          0.184335279871          0.184335280455          0.184335280014          0.184335280248          0.184335280066          0.184335280193          0.184335280107          0.184335280153          0.184335280122          0.184335280142          0.184335280129          0.184335280137          0.184335280130          0.184335280139          0.184335280127          0.184335280145          0.184335280117          0.184335280165          0.184335280094          0.184335280206
        0.235684666975          0.205026070379          0.190734094527          0.187461789826          0.186767989376          0.185186607777          0.184698309723          0.184471961709          0.184506564498          0.184363714618          0.184362139531          0.184338346660          0.184349993098          0.184334653089          0.184337783090          0.184334956631          0.184336652385          0.184335005702          0.184335512028          0.184335217389          0.184335390768          0.184335237376          0.184335285994          0.184335265977          0.184335275310          0.184335265879          0.184335267216          0.184335267988          0.184335266915          0.184335267260          0.184335266609          0.184335267193          0.184335266752          0.184335266986          0.184335266804          0.184335266930          0.184335266845          0.184335266891          0.184335266861          0.184335266879          0.184335266869          0.184335266872          0.184335266874          0.184335266866          0.184335266882          0.184335266856          0.184335266902          0.184335266833          0.184335266944          0.184335266787
        0.235682567922          0.205026662947          0.190733820199          0.187461998326          0.186767854850          0.185186691881          0.184698320526          0.184472003350          0.184506585311          0.184363748176          0.184362171631          0.184338377234          0.184350024793          0.184334684034          0.184337815132          0.184334987694          0.184336684086          0.184335037009          0.184335543626          0.184335248779          0.184335422286          0.184335268817          0.184335317485          0.184335297436          0.184335306788          0.184335297346          0.184335298689          0.184335299457          0.184335298387          0.184335298731          0.184335298080          0.184335298664          0.184335298222          0.184335298457          0.184335298274          0.184335298401          0.184335298315          0.184335298362          0.184335298330          0.184335298352          0.184335298336          0.184335298349          0.184335298335          0.184335298355          0.184335298326          0.184335298373          0.184335298303          0.184335298415          0.184335298258          0.184335298510
        0.235683216597          0.205026340788          0.190734007040          0.187461862886          0.186767926099          0.185186695363          0.184698352884          0.184472017852          0.184506610887          0.184363773081          0.184362194748          0.184338401763          0.184350048405          0.184334708824          0.184337838929          0.184335012148          0.184336708140          0.184335061360          0.184335567773          0.184335273054          0.184335446488          0.184335293067          0.184335341704          0.184335321673          0.184335331015          0.184335321579          0.184335322919          0.184335323689          0.184335322617          0.184335322962          0.184335322311          0.184335322895          0.184335322454          0.184335322688          0.184335322506          0.184335322632          0.184335322547          0.184335322592          0.184335322564          0.184335322579          0.184335322573          0.184335322570          0.184335322583          0.184335322558          0.184335322604          0.184335322535          0.184335322646          0.184335322489          0.184335322741          0.184335322412
        0.235682836940          0.205026533204          0.190733847788          0.187461913263          0.186767907781          0.185186705835          0.184698345110          0.184472020729          0.184506613436          0.184363773592          0.184362196788          0.184338402762          0.184350050676          0.184334710040          0.184337840839          0.184335013635          0.184336709940          0.184335062945          0.184335569493          0.184335274696          0.184335448180          0.184335294727          0.184335343383          0.184335323342          0.184335332690          0.184335323250          0.184335324592          0.184335325361          0.184335324290          0.184335324635          0.184335323984          0.184335324568          0.184335324126          0.184335324361          0.184335324178          0.184335324305          0.184335324218          0.184335324267          0.184335324233          0.184335324259          0.184335324236          0.184335324260          0.184335324229          0.184335324278          0.184335324207          0.184335324319          0.184335324162          0.184335324414          0.184335324085          0.184335324544
        0.235683060216          0.205026357402          0.190733897301          0.187461890555          0.186767915709          0.185186693715          0.184698344800          0.184472019658          0.184506610584          0.184363772089          0.184362194376          0.184338401577          0.184350048463          0.184334708509          0.184337838895          0.184335012002          0.184336708093          0.184335061233          0.184335567703          0.184335272957          0.184335446408          0.184335292975          0.184335341621          0.184335321585          0.184335330930          0.184335321492          0.184335322833          0.184335323603          0.184335322532          0.184335322876          0.184335322225          0.184335322809          0.184335322368          0.184335322602          0.184335322420          0.184335322546          0.184335322462          0.184335322505          0.184335322481          0.184335322490          0.184335322495          0.184335322474          0.184335322517          0.184335322449          0.184335322559          0.184335322404          0.184335322655          0.184335322326          0.184335322785          0.184335322303
        0.235682864295          0.205026415750          0.190733878908          0.187461902729          0.186767907716          0.185186697985          0.184698347879          0.184472021043          0.184506613203          0.184363773881          0.184362197307          0.184338403509          0.184350051047          0.184334710693          0.184337841375          0.184335014273          0.184336710494          0.184335063557          0.184335570075          0.184335275298          0.184335448768          0.184335295324          0.184335343976          0.184335323937          0.184335333284          0.184335323845          0.184335325186          0.184335325956          0.184335324885          0.184335325229          0.184335324578          0.184335325162          0.184335324720          0.184335324956          0.184335324772          0.184335324901          0.184335324811          0.184335324865          0.184335324823          0.184335324860          0.184335324820          0.184335324874          0.184335324800          0.184335324914          0.184335324756          0.184335325008          0.184335324679          0.184335325138          0.184335324656          0.184335325329
        0.235682926657          0.205026392525          0.190733888599          0.187461894113          0.186767910275          0.185186699889          0.184698348006          0.184472022643          0.184506613845          0.184363775733          0.184362198152          0.184338405028          0.184350052155          0.184334712105          0.184337842579          0.184335015608          0.184336711752          0.184335064865          0.184335571352          0.184335276593          0.184335450053          0.184335296616          0.184335345264          0.184335325227          0.184335334573          0.184335325134          0.184335326475          0.184335327245          0.184335326174          0.184335326518          0.184335325867          0.184335326451          0.184335326010          0.184335326244          0.184335326063          0.184335326186          0.184335326107          0.184335326143          0.184335326130          0.184335326122          0.184335326157          0.184335326093          0.184335326201          0.184335326046          0.184335326297          0.184335325969          0.184335326427          0.184335325945          0.184335326618          0.184335326217
        0.235682900737          0.205026403385          0.190733878736          0.187461895421          0.186767911049          0.185186698747          0.184698348289          0.184472021916          0.184506614369          0.184363775217          0.184362198316          0.184338404771          0.184350052211          0.184334711945          0.184337842553          0.184335015504          0.184336711698          0.184335064779          0.184335571286          0.184335276516          0.184335449982          0.184335296541          0.184335345191          0.184335325154          0.184335334500          0.184335325061          0.184335326402          0.184335327172          0.184335326101          0.184335326445          0.184335325794          0.184335326379          0.184335325936          0.184335326173          0.184335325987          0.184335326120          0.184335326024          0.184335326088          0.184335326030          0.184335326096          0.184335326014          0.184335326132          0.184335325971          0.184335326225          0.184335325895          0.184335326354          0.184335325872          0.184335326546          0.184335326144          0.184335325988
        0.235682912866          0.205026392228          0.190733880072          0.187461895988          0.186767909804          0.185186698852          0.184698347490          0.184472022338          0.184506613768          0.184363775290          0.184362197979          0.184338404744          0.184350051970          0.184334711839          0.184337842369          0.184335015370          0.184336711533          0.184335064633          0.184335571129          0.184335276366          0.184335449828          0.184335296389          0.184335345038          0.184335325001          0.184335334347          0.184335324909          0.184335326250          0.184335327019          0.184335325948          0.184335326292          0.184335325642          0.184335326225          0.184335325786          0.184335326017          0.184335325841          0.184335325957          0.184335325889          0.184335325908          0.184335325924          0.184335325873          0.184335325973          0.184335325822          0.184335326070          0.184335325744          0.184335326201          0.184335325720          0.184335326393          0.184335325992          0.184335325836          0.184335328274
        0.235682900794          0.205026394254          0.190733881041          0.187461895129          0.186767910288          0.185186698448          0.184698348257          0.184472022092          0.184506614185          0.184363775301          0.184362198291          0.184338404845          0.184350052202          0.184334711994          0.184337842573          0.184335015543          0.184336711724          0.184335064814          0.184335571316          0.184335276549          0.184335450014          0.184335296574          0.184335345223          0.184335325186          0.184335334532          0.184335325093          0.184335326434          0.184335327204          0.184335326133          0.184335326478          0.184335325825          0.184335326412          0.184335325967          0.184335326208          0.184335326015          0.184335326159          0.184335326046          0.184335326140          0.184335326039          0.184335326170          0.184335326001          0.184335326259          0.184335325926          0.184335326387          0.184335325904          0.184335326578          0.184335326176          0.184335326020          0.184335328458          0.184335323617
        0.235682902529          0.205026394903          0.190733879904          0.187461895512          0.186767909683          0.185186699074          0.184698347869          0.184472022385          0.184506614062          0.184363775486          0.184362198265          0.184338404952          0.184350052232          0.184334712074          0.184337842621          0.184335015610          0.184336711781          0.184335064877          0.184335571376          0.184335276611          0.184335450074          0.184335296635          0.184335345284          0.184335325247          0.184335334593          0.184335325154          0.184335326496          0.184335327265          0.184335326194          0.184335326538          0.184335325889          0.184335326469          0.184335326034          0.184335326259          0.184335326094          0.184335326193          0.184335326154          0.184335326131          0.184335326211          0.184335326074          0.184335326313          0.184335325991          0.184335326446          0.184335325966          0.184335326638          0.184335326238          0.184335326081          0.184335328520          0.184335323678          0.184335336036
        0.235682903483          0.205026393807          0.190733880250          0.187461894842          0.186767910270          0.185186698621          0.184698348091          0.184472022188          0.184506614176          0.184363775386          0.184362198298          0.184338404907          0.184350052237          0.184334712047          0.184337842613          0.184335015592          0.184336711769          0.184335064862          0.184335571362          0.184335276596          0.184335450060          0.184335296620          0.184335345270          0.184335325232          0.184335334578          0.184335325140          0.184335326481          0.184335327251          0.184335326179          0.184335326525          0.184335325871          0.184335326461          0.184335326009          0.184335326262          0.184335326052          0.184335326225          0.184335326070          0.184335326228          0.184335326040          0.184335326311          0.184335325970          0.184335326435          0.184335325949          0.184335326625          0.184335326222          0.184335326067          0.184335328505          0.184335323663          0.184335336021          0.184335309503
        0.235682902132          0.205026394115          0.190733879576          0.187461895419          0.186767909808          0.185186698838          0.184698347898          0.184472022303          0.184506614078          0.184363775421          0.184362198256          0.184338404915          0.184350052213          0.184334712042          0.184337842599          0.184335015583          0.184336711757          0.184335064851          0.184335571351          0.184335276585          0.184335450049          0.184335296609          0.184335345259          0.184335325221          0.184335334568          0.184335325129          0.184335326471          0.184335327239          0.184335326170          0.184335326511          0.184335325866          0.184335326440          0.184335326016          0.184335326223          0.184335326088          0.184335326145          0.184335326170          0.184335326060          0.184335326281          0.184335325972          0.184335326418          0.184335325942          0.184335326612          0.184335326213          0.184335326056          0.184335328494          0.184335323652          0.184335336010          0.184335309492          0.184335367800
        0.235682902570          0.205026393447          0.190733880191          0.187461894989          0.186767910058          0.185186698675          0.184698348039          0.184472022232          0.184506614140          0.184363775405          0.184362198289          0.184338404917          0.184350052234          0.184334712053          0.184337842615          0.184335015596          0.184336711772          0.184335064865          0.184335571365          0.184335276599          0.184335450063          0.184335296624          0.184335345273          0.184335325236          0.184335334582          0.184335325144          0.184335326484          0.184335327256          0.184335326181          0.184335326532          0.184335325870          0.184335326472          0.184335326003          0.184335326285          0.184335326032          0.184335326270          0.184335326028          0.184335326326          0.184335325967          0.184335326445          0.184335325950          0.184335326630          0.184335326225          0.184335326071          0.184335328508          0.184335323667          0.184335336024          0.184335309507          0.184335367815          0.184335269030
        0.235682901740          0.205026394072          0.190733879732          0.187461895228          0.186767909874          0.185186698802          0.184698347955          0.184472022281          0.184506614111          0.184363775426          0.184362198279          0.184338404926          0.184350052233          0.184334712057          0.184337842616          0.184335015599          0.184336711774          0.184335064868          0.184335571367          0.184335276602          0.184335450066          0.184335296626          0.184335345275          0.184335325238          0.184335334584          0.184335325145          0.184335326488          0.184335327254          0.184335326189          0.184335326523          0.184335325890          0.184335326447          0.184335326052          0.184335326217          0.184335326146          0.184335326116          0.184335326282          0.184335326000          0.184335326427          0.184335325965          0.184335326626          0.184335326231          0.184335326071          0.184335328512          0.184335323669          0.184335336027          0.184335309509          0.184335367817          0.184335269032          0.184335447569
        0.235682902484          0.205026393592          0.190733879973          0.187461895041          0.186767910003          0.185186698715          0.184698348000          0.184472022248          0.184506614129          0.184363775413          0.184362198284          0.184338404920          0.184350052233          0.184334712054          0.184337842615          0.184335015597          0.184336711772          0.184335064866          0.184335571366          0.184335276600          0.184335450064          0.184335296625          0.184335345274          0.184335325237          0.184335334582          0.184335325146          0.184335326483          0.184335327259          0.184335326178          0.184335326540          0.184335325861          0.184335326492          0.184335325981          0.184335326327          0.184335325988          0.184335326366          0.184335325952          0.184335326457          0.184335325944          0.184335326637          0.184335326223          0.184335326074          0.184335328508          0.184335323669          0.184335336025          0.184335309507          0.184335367815          0.184335269030          0.184335447567          0.184335110878
        0.235682901921          0.205026393847          0.190733879785          0.187461895169          0.186767909914          0.185186698761          0.184698347968          0.184472022267          0.184506614115          0.184363775419          0.184362198280          0.184338404922          0.184350052231          0.184334712054          0.184337842614          0.184335015597          0.184336711772          0.184335064865          0.184335571365          0.184335276600          0.184335450064          0.184335296624          0.184335345274          0.184335325235          0.184335334583          0.184335325141          0.184335326489          0.184335327248          0.184335326195          0.184335326512          0.184335325908          0.184335326422          0.184335326092          0.184335326170          0.184335326239          0.184335326037          0.184335326410          0.184335325974          0.184335326617          0.184335326235          0.184335326067          0.184335328511          0.184335323666          0.184335336026          0.184335309506          0.184335367815          0.184335269030          0.184335447567          0.184335110877          0.184335744475
        0.235682902221          0.205026393648          0.190733879917          0.187461895083          0.186767909963          0.185186698731          0.184698347989          0.184472022256          0.184506614123          0.184363775416          0.184362198283          0.184338404922          0.184350052233          0.184334712055          0.184337842615          0.184335015598          0.184336711773          0.184335064867          0.184335571366          0.184335276601          0.184335450064          0.184335296625          0.184335345274          0.184335325238          0.184335334581          0.184335325149          0.184335326480          0.184335327267          0.184335326168          0.184335326560          0.184335325839          0.184335326534          0.184335325936          0.184335326423          0.184335325911          0.184335326497          0.184335325929          0.184335326649          0.184335326217          0.184335326080          0.184335328506          0.184335323671          0.184335336024          0.184335309509          0.184335367815          0.184335269031          0.184335447568          0.184335110879          0.184335744476          0.184334701516
        0.235682901988          0.205026393787          0.190733879828          0.187461895130          0.186767909931          0.185186698751          0.184698347976          0.184472022262          0.184506614119          0.184363775418          0.184362198282          0.184338404922          0.184350052233          0.184334712055          0.184337842615          0.184335015598          0.184336711773          0.184335064867          0.184335571366          0.184335276601          0.184335450065          0.184335296624          0.184335345276          0.184335325235          0.184335334587          0.184335325139          0.184335326497          0.184335327240          0.184335326215          0.184335326490          0.184335325950          0.184335326378          0.184335326188          0.184335326094          0.184335326370          0.184335326015          0.184335326602          0.184335326248          0.184335326061          0.184335328518          0.184335323664          0.184335336028          0.184335309506          0.184335367817          0.184335269030          0.184335447568          0.184335110878          0.184335744476          0.184334701516          0.184336318018
        0.235682902150          0.205026393692          0.190733879876          0.187461895099          0.186767909951          0.185186698738          0.184698347983          0.184472022258          0.184506614121          0.184363775416          0.184362198282          0.184338404922          0.184350052233          0.184334712055          0.184337842615          0.184335015598          0.184336711773          0.184335064867          0.184335571366          0.184335276601          0.184335450064          0.184335296626          0.184335345272          0.184335325241          0.184335334577          0.184335325156          0.184335326470          0.184335327286          0.184335326145          0.184335326601          0.184335325793          0.184335326629          0.184335325859          0.184335326552          0.184335325888          0.184335326688          0.184335326201          0.184335326092          0.184335328499          0.184335323676          0.184335336022          0.184335309510          0.184335367814          0.184335269032          0.184335447567          0.184335110879          0.184335744476          0.184334701516          0.184336318018          0.184333302754
        0.235682902040          0.205026393744          0.190733879844          0.187461895118          0.186767909938          0.185186698744          0.184698347979          0.184472022260          0.184506614120          0.184363775417          0.184362198282          0.184338404922          0.184350052233          0.184334712055          0.184337842615          0.184335015598          0.184336711773          0.184335064866          0.184335571366          0.184335276600          0.184335450066          0.184335296623          0.184335345278          0.184335325231          0.184335334595          0.184335325129          0.184335326517          0.184335327216          0.184335326257          0.184335326444          0.184335326045          0.184335326300          0.184335326318          0.184335326070          0.184335326561          0.184335326287          0.184335326045          0.184335328530          0.184335323657          0.184335336034          0.184335309504          0.184335367818          0.184335269029          0.184335447569          0.184335110878          0.184335744477          0.184334701515          0.184336318018          0.184333302754          0.184338436470
        0.235682902100          0.205026393710          0.190733879864          0.187461895106          0.186767909945          0.185186698741          0.184698347981          0.184472022259          0.184506614121          0.184363775417          0.184362198282          0.184338404922          0.184350052233          0.184334712055          0.184337842615          0.184335015598          0.184336711773          0.184335064867          0.184335571365          0.184335276602          0.184335450062          0.184335296629          0.184335345268          0.184335325249          0.184335334567          0.184335325176          0.184335326447          0.184335327328          0.184335326100          0.184335326696          0.184335325717          0.184335326759          0.184335325836          0.184335326744          0.184335326160          0.184335326131          0.184335328483          0.184335323688          0.184335336015          0.184335309516          0.184335367812          0.184335269033          0.184335447567          0.184335110879          0.184335744476          0.184334701516          0.184336318018          0.184333302754          0.184338436470          0.184329729833
        0.235682902060          0.205026393731          0.190733879851          0.187461895112          0.186767909941          0.185186698743          0.184698347980          0.184472022260          0.184506614120          0.184363775417          0.184362198282          0.184338404922          0.184350052233          0.184334712055          0.184337842615          0.184335015598          0.184336711773          0.184335064866          0.184335571368          0.184335276599          0.184335450069          0.184335296619          0.184335345286          0.184335325221          0.184335334614          0.184335325106          0.184335326558          0.184335327171          0.184335326352          0.184335326368          0.184335326175          0.184335326277          0.184335326509          0.184335326343          0.184335326004          0.184335328569          0.184335323641          0.184335336046          0.184335309497          0.184335367824          0.184335269027          0.184335447570          0.184335110877          0.184335744477          0.184334701515          0.184336318018          0.184333302754          0.184338436470          0.184329729833          0.184340380875
        0.235682902085          0.205026393717          0.190733879858          0.187461895108          0.186767909943          0.185186698742          0.184698347980          0.184472022259          0.184506614120          0.184363775417          0.184362198282          0.184338404922          0.184350052233          0.184334712055          0.184337842615          0.184335015598          0.184336711772          0.184335064868          0.184335571364          0.184335276605          0.184335450059          0.184335296637          0.184335345258          0.184335325268          0.184335334544          0.184335325217          0.184335326402          0.184335327423          0.184335326023          0.184335326826          0.184335325693          0.184335326950          0.184335326108          0.184335326187          0.184335328442          0.184335323727          0.184335335999          0.184335309528          0.184335367805          0.184335269039          0.184335447564          0.184335110881          0.184335744475          0.184334701517          0.184336318018          0.184333302754          0.184338436470          0.184329729833          0.184340380875          0.184318047114
        0.235682902069          0.205026393724          0.190733879854          0.187461895111          0.186767909942          0.185186698742          0.184698347980          0.184472022259          0.184506614120          0.184363775417          0.184362198282          0.184338404922          0.184350052233          0.184334712055          0.184337842616          0.184335015597          0.184336711774          0.184335064864          0.184335571370          0.184335276595          0.184335450076          0.184335296609          0.184335345305          0.184335325198          0.184335334656          0.184335325061          0.184335326654          0.184335327094          0.184335326482          0.184335326344          0.184335326366          0.184335326549          0.184335325952          0.184335328625          0.184335323601          0.184335336085          0.184335309481          0.184335367836          0.184335269020          0.184335447576          0.184335110875          0.184335744479          0.184334701514          0.184336318019          0.184333302753          0.184338436470          0.184329729833          0.184340380875          0.184318047114          0.184349289348
        0.235682902077          0.205026393720          0.190733879856          0.187461895109          0.186767909942          0.185186698742          0.184698347980          0.184472022259          0.184506614120          0.184363775417          0.184362198282          0.184338404922          0.184350052233          0.184334712056          0.184337842615          0.184335015599          0.184336711771          0.184335064871          0.184335571360          0.184335276612          0.184335450049          0.184335296656          0.184335345236          0.184335325310          0.184335334499          0.184335325312          0.184335326325          0.184335327553          0.184335326000          0.184335327018          0.184335325965          0.184335326393          0.184335328390          0.184335323783          0.184335335958          0.184335309567          0.184335367789          0.184335269051          0.184335447557          0.184335110887          0.184335744472          0.184334701518          0.184336318017          0.184333302755          0.184338436469          0.184329729833          0.184340380875          0.184318047114          0.184349289348          0.184284144738
        0.235682902072          0.205026393723          0.190733879855          0.187461895110          0.186767909942          0.185186698742          0.184698347980          0.184472022259          0.184506614120          0.184363775417          0.184362198282          0.184338404922          0.184350052233          0.184334712054          0.184337842617          0.184335015596          0.184336711777          0.184335064861          0.184335571378          0.184335276585          0.184335450096          0.184335296586          0.184335345347          0.184335325153          0.184335334751          0.184335324984          0.184335326783          0.184335327071          0.184335326673          0.184335326616          0.184335325809          0.184335328831          0.184335323549          0.184335336141          0.184335309440          0.184335367875          0.184335269004          0.184335447588          0.184335110868          0.184335744485          0.184334701512          0.184336318021          0.184333302752          0.184338436471          0.184329729833          0.184340380875          0.184318047114          0.184349289348          0.184284144738          0.184317729047
        0.235682902075          0.205026393721          0.190733879855          0.187461895110          0.186767909942          0.185186698742          0.184698347980          0.184472022259          0.184506614120          0.184363775417          0.184362198282          0.184338404922          0.184350052232          0.184334712057          0.184337842613          0.184335015602          0.184336711767          0.184335064878          0.184335571350          0.184335276632          0.184335450026          0.184335296698          0.184335345190          0.184335325405          0.184335334422          0.184335325442          0.184335326301          0.184335327744          0.184335326272          0.184335326460          0.184335328247          0.184335323990          0.184335335906          0.184335309623          0.184335367748          0.184335269090          0.184335447541          0.184335110899          0.184335744466          0.184334701524          0.184336318014          0.184333302756          0.184338436468          0.184329729834          0.184340380875          0.184318047115          0.184349289348          0.184284144738          0.184317729047          0.184168434643
        0.235682902073          0.205026393722          0.190733879855          0.187461895110          0.186767909942          0.185186698742          0.184698347980          0.184472022259          0.184506614120          0.184363775417          0.184362198282          0.184338404921          0.184350052234          0.184334712053          0.184337842620          0.184335015592          0.184336711785          0.184335064851          0.184335571397          0.184335276562          0.184335450137          0.184335296541          0.184335345442          0.184335325076          0.184335334881          0.184335324960          0.184335326975          0.184335327343          0.184335326116          0.184335328898          0.184335323406          0.184335336347          0.184335309388          0.184335367931          0.184335268963          0.184335447627          0.184335110852          0.184335744496          0.184334701505          0.184336318027          0.184333302750          0.184338436472          0.184329729832          0.184340380876          0.184318047114          0.184349289348          0.184284144738          0.184317729047          0.184168434643          0.184239026694
        0.235682902074          0.205026393721          0.190733879855          0.187461895110          0.186767909942          0.185186698742          0.184698347980          0.184472022260          0.184506614120          0.184363775417          0.184362198281          0.184338404923          0.184350052231          0.184334712059          0.184337842609          0.184335015610          0.184336711757          0.184335064898          0.184335571327          0.184335276673          0.184335449981          0.184335296793          0.184335345114          0.184335325535          0.184335334399          0.184335325634          0.184335326574          0.184335327187          0.184335328554          0.184335324057          0.184335335763          0.184335309829          0.184335367696          0.184335269146          0.184335447500          0.184335110938          0.184335744450          0.184334701536          0.184336318007          0.184333302762          0.184338436466          0.184329729836          0.184340380874          0.184318047115          0.184349289347          0.184284144739          0.184317729047          0.184168434643          0.184239026694          0.183715574939
        0.235682902074          0.205026393722          0.190733879855          0.187461895110          0.186767909942          0.185186698742          0.184698347980          0.184472022259          0.184506614121          0.184363775416          0.184362198283          0.184338404920          0.184350052237          0.184334712049          0.184337842627          0.184335015582          0.184336711804          0.184335064828          0.184335571439          0.184335276517          0.184335450233          0.184335296464          0.184335345572          0.184335325053          0.184335335072          0.184335325233          0.184335326418          0.184335329625          0.184335323713          0.184335336415          0.184335309245          0.184335368138          0.184335268911          0.184335447683          0.184335110811          0.184335744536          0.184334701489          0.184336318038          0.184333302743          0.184338436478          0.184329729829          0.184340380878          0.184318047113          0.184349289349          0.184284144738          0.184317729047          0.184168434643          0.184239026695          0.183715574939          0.183124913883
        0.235682902074          0.205026393722          0.190733879855          0.187461895110          0.186767909942          0.185186698742          0.184698347980          0.184472022260          0.184506614120          0.184363775418          0.184362198280          0.184338404926          0.184350052227          0.184334712067          0.184337842600          0.184335015629          0.184336711734          0.184335064939          0.184335571282          0.184335276769          0.184335449904          0.184335296923          0.184335345090          0.184335325726          0.184335334671          0.184335325077          0.184335328856          0.184335324784          0.184335336070          0.184335309897          0.184335367554          0.184335269353          0.184335447448          0.184335110994          0.184335744409          0.184334701575          0.184336317992          0.184333302774          0.184338436459          0.184329729842          0.184340380871          0.184318047117          0.184349289347          0.184284144739          0.184317729047          0.184168434644          0.184239026694          0.183715574939          0.183124913882          0.182065275283
        0.235682902074          0.205026393722          0.190733879855          0.187461895110          0.186767909942          0.185186698742          0.184698347981          0.184472022259          0.184506614122          0.184363775415          0.184362198286          0.184338404916          0.184350052245          0.184334712039          0.184337842647          0.184335015559          0.184336711846          0.184335064783          0.184335571534          0.184335276440          0.184335450362          0.184335296441          0.184335345763          0.184335325325          0.184335334515          0.184335327515          0.184335324014          0.184335337141          0.184335309552          0.184335368205          0.184335268769          0.184335447890          0.184335110759          0.184335744592          0.184334701448          0.184336318077          0.184333302727          0.184338436490          0.184329729822          0.184340380884          0.184318047110          0.184349289350          0.184284144737          0.184317729048          0.184168434643          0.184239026695          0.183715574939          0.183124913883          0.182065275283          0.179422653845
        0.235682902074          0.205026393722          0.190733879855          0.187461895110          0.186767909942          0.185186698742          0.184698347979          0.184472022261          0.184506614118          0.184363775421          0.184362198276          0.184338404934          0.184350052217          0.184334712086          0.184337842577          0.184335015671          0.184336711689          0.184335065034          0.184335571205          0.184335276898          0.184335449880          0.184335297114          0.184335345362          0.184335325169          0.184335336953          0.184335322673          0.184335336372          0.184335310623          0.184335367860          0.184335269420          0.184335447306          0.184335111200          0.184335744357          0.184334701631          0.184336317951          0.184333302813          0.184338436443          0.184329729853          0.184340380864          0.184318047123          0.184349289344          0.184284144741          0.184317729046          0.184168434644          0.184239026694          0.183715574939          0.183124913882          0.182065275283          0.179422653845          0.173409365459
        0.235682902074          0.205026393722          0.190733879855          0.187461895109          0.186767909943          0.185186698741          0.184698347982          0.184472022257          0.184506614125          0.184363775411          0.184362198294          0.184338404906          0.184350052264          0.184334712016          0.184337842688          0.184335015514          0.184336711941          0.184335064706          0.184335571664          0.184335276416          0.184335450554          0.184335296713          0.184335345206          0.184335327607          0.184335332112          0.184335335031          0.184335309854          0.184335368932          0.184335269075          0.184335447957          0.184335110616          0.184335744798          0.184334701396          0.184336318133          0.184333302686          0.184338436529          0.184329729807          0.184340380895          0.184318047104          0.184349289356          0.184284144735          0.184317729050          0.184168434642          0.184239026695          0.183715574939          0.183124913883          0.182065275283          0.179422653845          0.173409365459 
        0.235682902074          0.205026393722          0.190733879855          0.187461895110          0.186767909941          0.185186698743          0.184698347978          0.184472022264          0.184506614114          0.184363775429          0.184362198266          0.184338404953          0.184350052194          0.184334712128          0.184337842532          0.184335015766          0.184336711612          0.184335065164          0.184335571182          0.184335277090          0.184335450153          0.184335296557          0.184335347644          0.184335322765          0.184335344469          0.184335308513          0.184335368162          0.184335270147          0.184335447612          0.184335111267          0.184335744214          0.184334701837          0.184336317899          0.184333302869          0.184338436402          0.184329729893          0.184340380849          0.184318047134          0.184349289337          0.184284144747          0.184317729043          0.184168434646          0.184239026693          0.183715574940          0.183124913882          0.182065275283          0.179422653845          0.173409365459  
        0.235682902074          0.205026393721          0.190733879855          0.187461895109          0.186767909944          0.185186698740          0.184698347984          0.184472022253          0.184506614132          0.184363775401          0.184362198313          0.184338404883          0.184350052306          0.184334711971          0.184337842783          0.184335015437          0.184336712071          0.184335064682          0.184335571855          0.184335276689          0.184335449997          0.184335298995          0.184335342803          0.184335335123          0.184335317951          0.184335366821          0.184335269377          0.184335448684          0.184335110923          0.184335744865          0.184334701253          0.184336318340          0.184333302634          0.184338436585          0.184329729766          0.184340380935          0.184318047088          0.184349289368          0.184284144728          0.184317729055          0.184168434640          0.184239026697          0.183715574938          0.183124913883          0.182065275282          0.179422653846          0.173409365459   
        0.235682902073          0.205026393722          0.190733879854          0.187461895111          0.186767909940          0.185186698746          0.184698347974          0.184472022271          0.184506614105          0.184363775448          0.184362198243          0.184338404995          0.184350052149          0.184334712223          0.184337842455          0.184335015896          0.184336711588          0.184335065356          0.184335571454          0.184335276533          0.184335452435          0.184335294153          0.184335355160          0.184335308605          0.184335376259          0.184335268036          0.184335447914          0.184335111994          0.184335744521          0.184334701905          0.184336317756          0.184333303076          0.184338436350          0.184329729949          0.184340380808          0.184318047174          0.184349289321          0.184284144759          0.184317729036          0.184168434652          0.184239026691          0.183715574942          0.183124913881          0.182065275284          0.179422653845          0.173409365459    
        0.235682902074          0.205026393721          0.190733879856          0.187461895108          0.186767909947          0.185186698736          0.184698347992          0.184472022244          0.184506614152          0.184363775378          0.184362198355          0.184338404838          0.184350052401          0.184334711894          0.184337842913          0.184335015413          0.184336712262          0.184335064955          0.184335571298          0.184335278971          0.184335447593          0.184335306511          0.184335328642          0.184335366913          0.184335277474          0.184335446573          0.184335111225          0.184335745592          0.184334701560          0.184336318407          0.184333302492          0.184338436792          0.184329729714          0.184340380991          0.184318047047          0.184349289407          0.184284144712          0.184317729067          0.184168434633          0.184239026703          0.183715574935          0.183124913885          0.182065275281          0.179422653846          0.173409365459     
        0.235682902073          0.205026393723          0.190733879853          0.187461895114          0.186767909936          0.185186698754          0.184698347964          0.184472022291          0.184506614082          0.184363775490          0.184362198198          0.184338405090          0.184350052072          0.184334712353          0.184337842431          0.184335016087          0.184336711861          0.184335064799          0.184335573736          0.184335274129          0.184335459951          0.184335279993          0.184335386951          0.184335268128          0.184335456011          0.184335109884          0.184335744823          0.184334702631          0.184336318063          0.184333303143          0.184338436208          0.184329730155          0.184340380756          0.184318047230          0.184349289281          0.184284144798          0.184317729020          0.184168434664          0.184239026684          0.183715574948          0.183124913879          0.182065275285          0.179422653844          0.173409365460      
        0.235682902076          0.205026393719          0.190733879859          0.187461895104          0.186767909954          0.185186698726          0.184698348011          0.184472022221          0.184506614193          0.184363775333          0.184362198450          0.184338404761          0.184350052531          0.184334711871          0.184337843105          0.184335015686          0.184336711705          0.184335067237          0.184335568895          0.184335286487          0.184335433433          0.184335338301          0.184335288166          0.184335446665          0.184335119322          0.184335743482          0.184334701862          0.184336319134          0.184333302798          0.184338436859          0.184329729571          0.184340381197          0.184318046995          0.184349289463          0.184284144671          0.184317729106          0.184168434617          0.184239026715          0.183715574928          0.183124913891          0.182065275279          0.179422653848          0.173409365458       
        0.235682902071          0.205026393726          0.190733879849          0.187461895122          0.186767909926          0.185186698773          0.184698347941          0.184472022332          0.184506614037          0.184363775585          0.184362198121          0.184338405220          0.184350052049          0.184334712544          0.184337842703          0.184335015530          0.184336714143          0.184335062395          0.184335581252          0.184335259969          0.184335491741          0.184335239516          0.184335466703          0.184335109976          0.184335752920          0.184334700521          0.184336318364          0.184333303870          0.184338436514          0.184329730222          0.184340380613          0.184318047436          0.184349289228          0.184284144854          0.184317728980          0.184168434703          0.184239026668          0.183715574959          0.183124913872          0.182065275291          0.179422653842          0.173409365461        
        0.235682902079          0.205026393715          0.190733879867          0.187461895094          0.186767909974          0.185186698703          0.184698348053          0.184472022176          0.184506614289          0.184363775256          0.184362198580          0.184338404738          0.184350052722          0.184334712143          0.184337842547          0.184335017968          0.184336709301          0.184335074753          0.184335554734          0.184335318277          0.184335392956          0.184335418053          0.184335130013          0.184335743574          0.184334709959          0.184336317023          0.184333303100          0.184338437586          0.184329729878          0.184340381264          0.184318046852          0.184349289670          0.184284144619          0.184317729162          0.184168434576          0.184239026754          0.183715574913          0.183124913903          0.182065275272          0.179422653854          0.173409365455         
        0.235682902066          0.205026393735          0.190733879839          0.187461895142          0.186767909903          0.185186698815          0.184698347896          0.184472022428          0.184506613960          0.184363775715          0.184362198098          0.184338405411          0.184350052321          0.184334711987          0.184337844985          0.184335013126          0.184336721659          0.184335048235          0.184335613043          0.184335219492          0.184335571493          0.184335081364          0.184335763611          0.184334700613          0.184336326462          0.184333301759          0.184338436816          0.184329730949          0.184340380920          0.184318047503          0.184349289086          0.184284145060          0.184317728928          0.184168434759          0.184239026627          0.183715574998          0.183124913856          0.182065275303          0.179422653835          0.173409365467          
        0.235682902089          0.205026393704          0.190733879887          0.187461895070          0.186767910016          0.185186698658          0.184698348148          0.184472022099          0.184506614418          0.184363775233          0.184362198771          0.184338405010          0.184350052165          0.184334714425          0.184337840144          0.184335025484          0.184336695141          0.184335106543          0.184335514257          0.184335398029          0.184335234803          0.184335714962          0.184334720650          0.184336317116          0.184333311197          0.184338435475          0.184329730179          0.184340381991          0.184318047159          0.184349289737          0.184284144476          0.184317729369          0.184168434524          0.184239026810          0.183715574872          0.183124913941          0.182065275256          0.179422653865          0.173409365449           
        0.235682902054          0.205026393756          0.190733879815          0.187461895184          0.186767909857          0.185186698911          0.184698347819          0.184472022558          0.184506613936          0.184363775906          0.184362198370          0.184338404854          0.184350054603          0.184334709584          0.184337852502          0.184334998966          0.184336753449          0.184335007758          0.184335692795          0.184335061340          0.184335868402          0.184334672001          0.184336337153          0.184333301851          0.184338444913          0.184329728838          0.184340381222          0.184318048230          0.184349289392          0.184284145127          0.184317728785          0.184168434965          0.184239026575          0.183715575054          0.183124913816          0.182065275341          0.179422653820          0.173409365478            
        0.235682902114          0.205026393679          0.190733879930          0.187461895025          0.186767910112          0.185186698581          0.184698348279          0.184472022075          0.184506614610          0.184363775505          0.184362198214          0.184338407292          0.184350049761          0.184334721941          0.184337825983          0.184335057274          0.184336654664          0.184335186295          0.184335356105          0.184335694938          0.184334825440          0.184336288504          0.184333321888          0.184338435567          0.184329738277          0.184340379880          0.184318047461          0.184349290464          0.184284144783          0.184317729436          0.184168434382          0.184239027016          0.183715574820          0.183124913997          0.182065275216          0.179422653903          0.173409365434             
        0.235682902024          0.205026393803          0.190733879768          0.187461895281          0.186767909779          0.185186699041          0.184698347795          0.184472022749          0.184506614208          0.184363775349          0.184362200653          0.184338402450          0.184350062120          0.184334695423          0.184337884292          0.184334958489          0.184336833202          0.184334849606          0.184335989704          0.184334651977          0.184336441944          0.184333273240          0.184338455605          0.184329728931          0.184340389319          0.184318046120          0.184349289694          0.184284145854          0.184317729092          0.184168435032          0.184239026433          0.183715575260          0.183124913764          0.182065275396          0.179422653780          0.173409365515              
        0.235682902167          0.205026393628          0.190733880029          0.187461894946          0.186767910244          0.185186698557          0.184698348470          0.184472022348          0.184506614052          0.184363777787          0.184362195810          0.184338414808          0.184350035600          0.184334753731          0.184337785506          0.184335137026          0.184336496510          0.184335483203          0.184334946742          0.184336268479          0.184333426678          0.184338406955          0.184329748968          0.184340379973          0.184318055557          0.184349288353          0.184284145085          0.184317730163          0.184168434688          0.184239027083          0.183715574678          0.183124914202          0.182065275165          0.179422653958          0.173409365396               
        0.235682901967          0.205026393908          0.190733879689          0.187461895413          0.186767909756          0.185186699233          0.184698348068          0.184472022192          0.184506616493          0.184363772945          0.184362208170          0.184338388290          0.184350093913          0.184334654947          0.184337964045          0.184334800337          0.184337130113          0.184334440244          0.184336563246          0.184333253216          0.184338560397          0.184329700320          0.184340400011          0.184318046212          0.184349297792          0.184284143744          0.184317729393          0.184168435758          0.184239026739          0.183715575327          0.183124913622          0.182065275601          0.179422653729          0.173409365567                
        0.235682902289          0.205026393543          0.190733880163          0.187461894922          0.186767910438          0.185186698830          0.184698347912          0.184472024631          0.184506611647          0.184363785305          0.184362181648          0.184338446599          0.184349995120          0.184334833483          0.184337627351          0.184335433934          0.184336087144          0.184336056744          0.184333547978          0.184338386930          0.184329853755          0.184340351360          0.184318066247          0.184349288445          0.184284153180          0.184317728052          0.184168434989          0.184239027810          0.183715574984          0.183124914269          0.182065275024          0.179422654159          0.173409365347                 
        0.235682901868          0.205026394053          0.190733879664          0.187461895607          0.186767910031          0.185186698674          0.184698350355          0.184472019786          0.184506624016          0.184363758783          0.184362239964          0.184338347812          0.184350173671          0.184334496795          0.184338260958          0.184334390975          0.184337703659          0.184333041484          0.184338681701          0.184329680296          0.184340504804          0.184318017603          0.184349308484          0.184284143836          0.184317737490          0.184168433649          0.184239027041          0.183715576051          0.183124913927          0.182065275667          0.179422653590          0.173409365762                  
        0.235682902455          0.205026393517          0.190733880361          0.187461895199          0.186767909873          0.185186701123          0.184698345504          0.184472032153          0.184506597473          0.184363817100          0.184362141165          0.184338526352          0.184349836955          0.184335130391          0.184337217983          0.184336007475          0.184334688372          0.184338175192          0.184329975053          0.184340331335          0.184318171028          0.184349259831          0.184284163868          0.184317728144          0.184168443079          0.184239025700          0.183715575284          0.183124914991          0.182065275327          0.179422654224          0.173409365212                   
        0.235682901838          0.205026394266          0.190733879946          0.187461895041          0.186767912344          0.185186696259          0.184698357886          0.184472005615          0.184506655835          0.184363718300          0.184362319728          0.184338189657          0.184350470603          0.184334087433          0.184338834508          0.184332992216          0.184339822126          0.184329468568          0.184340626109          0.184317997580          0.184349413282          0.184284115232          0.184317748180          0.184168433742          0.184239035134          0.183715573948          0.183124914227          0.182065276385          0.179422653889          0.173409365825                    
        0.235682902699          0.205026393820          0.190733879785          0.187461897520          0.186767907438          0.185186708674          0.184698331316          0.184472063967          0.184506556959          0.184363896864          0.184361982990          0.184338823266          0.184349427559          0.184335703931          0.184335819202          0.184338125923          0.184331115425          0.184340119595          0.184318292318          0.184349239805          0.184284268629          0.184317699535          0.184168453761          0.184239025792          0.183715583354          0.183124912894          0.182065275625          0.179422654931          0.173409365501                     
        0.235682902186          0.205026393646          0.190733882307          0.187461892596          0.186767919959          0.185186682033          0.184698389739          0.184471965109          0.184506735662          0.184363560123          0.184362616680          0.184337780288          0.184351044191          0.184332688676          0.184340952988          0.184329419301          0.184341766547          0.184317785866          0.184349534593          0.184284095213          0.184317852960          0.184168405156          0.184239045819          0.183715574040          0.183124922271          0.182065274300          0.179422654182          0.173409366509                      
        0.235682901987          0.205026396358          0.190733877298          0.187461905164          0.186767893091          0.185186740611          0.184698290759          0.184472143778          0.184506398659          0.184364193819          0.184361573567          0.184339396817          0.184348028686          0.184337822375          0.184332246233          0.184340070325          0.184319432618          0.184349028055          0.184284389897          0.184317679513          0.184168558456          0.184238997195          0.183715594010          0.183124912986          0.182065283622          0.179422652877          0.173409365785                       
        0.235682905104          0.205026390973          0.190733890084          0.187461878196          0.186767952169          0.185186641370          0.184698469648          0.184471806839          0.184507032846          0.184363150697          0.184363190305          0.184336381502          0.184353162812          0.184329115768          0.184342897420          0.184317736602          0.184350675086          0.184283883538          0.184317974250          0.184168385150          0.184239150555          0.183715545524          0.183124932892          0.182065274391          0.179422662064          0.173409364523                        
        0.235682898914          0.205026404718          0.190733862646          0.187461937493          0.186767852080          0.185186820731          0.184698132295          0.184472440907          0.184505988916          0.184364767449          0.184360174601          0.184341515304          0.184344455480          0.184339766774          0.184320563354          0.184348978783          0.184285529987          0.184317467799          0.184168679648          0.184238977182          0.183715698448          0.183124884562          0.182065294182          0.179422652967          0.173409373402                         
        0.235682914714          0.205026375223          0.190733922978          0.187461837032          0.186768032973          0.185186482487          0.184698767141          0.184471397172          0.184507606921          0.184361751719          0.184365309066          0.184332808522          0.184355107373          0.184317433088          0.184351806014          0.184283834283          0.184319114548          0.184168173607          0.184239271793          0.183715525567          0.183125036994          0.182065246132          0.179422672470          0.173409364610                          
        0.235682880809          0.205026440076          0.190733820764          0.187462018598          0.186767691841          0.185187119011          0.184697722126          0.184473014874          0.184504588855          0.184366886227          0.184356601160          0.184343459742          0.184332771827          0.184348675217          0.184286660516          0.184317418535          0.184169819022          0.184238765558          0.183715819342          0.183124864669          0.182065397682          0.179422625118          0.173409383460                           
        0.235682955359          0.205026330203          0.190734005498          0.187461676198          0.186768333800          0.185186071233          0.184699341812          0.184469997373          0.184509727341          0.184358178247          0.184367253755          0.184321125608          0.184364016557          0.184283530825          0.184320245283          0.184168124383          0.184240411604          0.183715314545          0.183125157499          0.182065226354          0.179422774468          0.173409337694                            
        0.235682829057          0.205026528780          0.190733657122          0.187462320542          0.186767277076          0.185187695202          0.184696320610          0.184475134896          0.184501012614          0.184368830933          0.184344916738          0.184352368364          0.184298866743          0.184317115021          0.184170948841          0.184238716315          0.183716955914          0.183124654325          0.182065517489          0.179422605627          0.173409482039                             
        0.235683057327          0.205026154298          0.190734312713          0.187461259892          0.186768914910          0.185184666011          0.184701464436          0.184466421803          0.184511673553          0.184346493725          0.184376163526          0.184287222666          0.184332453735          0.184167821115          0.184241541856          0.183715265442          0.183126290417          0.182065017227          0.179422892537          0.173409318857                              
        0.235682626851          0.205026859016          0.190733233550          0.187462903812          0.186765859855          0.185189823438          0.184692740653          0.184477080744          0.184489319039          0.184377740780          0.184311009420          0.184320807536          0.184183147404          0.184238412931          0.183718082955          0.183124605380          0.182066643852          0.179422399536          0.173409596151                               
        0.235683436941          0.205025698986          0.190734906163          0.187459837405          0.186771061318          0.185181076589          0.184703412671          0.184454730421          0.184520590304          0.184312586117          0.184344598624          0.184171510639          0.184253745095          0.183714962920          0.183127413834          0.182064968565          0.179424002551          0.173409119672                                
        0.235682103458          0.205027496936          0.190731786235          0.187465058195          0.186762239784          0.185191776824          0.184681034927          0.184485995823          0.184455385161          0.184346175609          0.184195282457          0.184242103869          0.183730251522          0.183124303831          0.182067760769          0.179422351580          0.173410668963                                 
        0.235684170246          0.205024143217          0.190737098150          0.187456203883          0.186773031383          0.185169339912          0.184712338687          0.184420802904          0.184489000676          0.184196858164          0.184265884799          0.183718643371          0.183139543279          0.182064668761          0.179425103255          0.173409073324                                  
        0.235680315063          0.205029853177          0.190728089293          0.187467035581          0.186750402894          0.185200726441          0.184647065785          0.184454412118          0.184339567546          0.184267461110          0.183742356736          0.183127972449          0.182079820027          0.179422056127          0.173411732778                                   
        0.235686878803          0.205020169248          0.190739110048          0.187444323010          0.186782057416          0.185135280954          0.184680716233          0.184305007003          0.184410225192          0.183743928568          0.183151609573          0.182068316151          0.179436987478          0.173408787773                                    
        0.235675746887          0.205032015836          0.190716001049          0.187476095153          0.186716053125          0.185169020375          0.184531127815          0.184375651403          0.183886287035          0.183153176352          0.182091816501          0.179425650576          0.173423218704                                     
        0.235689364833          0.205007175180          0.190748327747          0.187409845605          0.186750080630          0.185019036440          0.184601858887          0.183851811475          0.183295077125          0.182093374213          0.179448809826          0.173412261755                                      
        0.235660809885          0.205041924257          0.190680921871          0.187443999548          0.186598816060          0.185089954528          0.184077376269          0.183260712407          0.182234453888          0.179450344929          0.173434644831                                       
        0.235700754808          0.204969467367          0.190715671941          0.187292172915          0.186670339680          0.184564085154          0.183485551991          0.182200288019          0.179589376876          0.173436128485                                        
        0.235617463824          0.205006821410          0.190561195307          0.187363962300          0.186139980186          0.183970696066          0.182423826586          0.179555706913          0.173570500824                                         
        0.235660403219          0.204840769174          0.190634237713          0.186831632116          0.185541524463          0.182906163410          0.179776000887          0.173537959299                                          
        0.235469522073          0.204919284963          0.190092616168          0.186230952673          0.184467902326          0.180251336741          0.173750870196                                           
        0.235559777911          0.204337077375          0.189481452386          0.185153341212          0.181790407497          0.174210275333                                            
        0.234890515913          0.203680116450          0.188385032152          0.182465897448          0.175697764663                                             
        0.234135323108          0.202501536710          0.185650681389          0.176350615802                                              
        0.232780516595          0.199562289228          0.179428662806                                               
        0.229401779039          0.192874027905                                                
        0.221713457502                                                 
