       -0.001564494855        -0.001564005595        -0.001571064714        -0.001562960872        -0.001567213908        -0.001570334728        -0.001562456784        -0.001570149404        -0.001568332297        -0.001563315635        -0.001572024283        -0.001565835389        -0.001565379307        -0.001572334030        -0.001563711816        -0.001568065527        -0.001571008660        -0.001562666379        -0.001570551718        -0.001568434375        -0.001563034571        -0.001572023592        -0.001565342339        -0.001564681444        -0.001571918639        -0.001562596231
        0.000581547755         0.000602636419         0.000598190414         0.000584904803         0.000608799607         0.000592331508         0.000591436751         0.000610481723         0.000587392323         0.000599538301         0.000607566583         0.000585357159         0.000606943111         0.000601211454         0.000587127266         0.000611445893         0.000593499844         0.000592277921         0.000611583899         0.000586821156         0.000599195505         0.000607090147         0.000583157814         0.000605555444         0.000598992211         0.000583483508
        0.000142757143         0.000122795950         0.000147789676         0.000135261403         0.000126905174         0.000150715411         0.000128035662         0.000134088122         0.000149088337         0.000123434967         0.000142137196         0.000143468443         0.000122955802         0.000148574823         0.000135606977         0.000126809193         0.000151392088         0.000127921407         0.000133865681         0.000149643950         0.000122782943         0.000141986532         0.000143733778         0.000121813051         0.000148648773         0.000135313306
       -0.000418589463        -0.000426477622        -0.000445818158        -0.000414483822        -0.000438115328        -0.000440156196        -0.000415113544        -0.000447198933        -0.000431236548        -0.000420767154        -0.000451252723        -0.000422222964        -0.000429986894        -0.000449188515        -0.000416127933        -0.000440051334        -0.000441637486        -0.000414932707        -0.000447805193        -0.000430769337        -0.000419001069        -0.000450605121        -0.000419666936        -0.000426955178        -0.000447115131        -0.000411419266
        0.000208858451         0.000241796830         0.000225376123         0.000215209307         0.000246265465         0.000216776396         0.000225175011         0.000244573606         0.000211339186         0.000235950783         0.000237493639         0.000211001807         0.000244367546         0.000227325167         0.000216031889         0.000247853363         0.000217212775         0.000224958663         0.000245207671         0.000210219125         0.000235010670         0.000236976075         0.000208414740         0.000242918709         0.000225312429         0.000212254020
        0.000157552916         0.000136661207         0.000173799664         0.000146963472         0.000145699900         0.000175010709         0.000138457278         0.000157454491         0.000169697183         0.000134889056         0.000168453437         0.000159622809         0.000137512529         0.000175379064         0.000147911043         0.000145627283         0.000176056262         0.000138127360         0.000156793591         0.000170097582         0.000133232682         0.000167541890         0.000159035826         0.000134705313         0.000174381380         0.000145904451
       -0.000281825138        -0.000303210746        -0.000316657270        -0.000279563063        -0.000316492920        -0.000306859310        -0.000283701058        -0.000324839453        -0.000295066083        -0.000293416806        -0.000326002545        -0.000285234854        -0.000305989137        -0.000319727874        -0.000280545543        -0.000317634948        -0.000307841716        -0.000282475091        -0.000324639367        -0.000293726346        -0.000290357614        -0.000324460153        -0.000281339283        -0.000301552153        -0.000316499497        -0.000274050137
        0.000088390822         0.000130955987         0.000099722080         0.000098659116         0.000132048329         0.000089951199         0.000112014401         0.000125787709         0.000085907112         0.000124510346         0.000114199680         0.000088974300         0.000132384911         0.000100849839         0.000098328829         0.000133177686         0.000089792440         0.000111182748         0.000126468834         0.000084378853         0.000123590104         0.000114027311         0.000086264643         0.000131590956         0.000099321586         0.000094895030
        0.000163480484         0.000149603165         0.000192686687         0.000151481739         0.000163322129         0.000190129380         0.000143947897         0.000178125289         0.000180267156         0.000143478137         0.000189694305         0.000166251488         0.000150401479         0.000194545024         0.000152361678         0.000162700589         0.000191059714         0.000142758031         0.000176601485         0.000179978772         0.000140263775         0.000187667236         0.000164211324         0.000145513154         0.000192086802         0.000148020685
       -0.000198642128        -0.000235469120        -0.000237327850        -0.000199646741        -0.000248579553        -0.000223594349        -0.000208184678        -0.000254261264        -0.000210041959        -0.000222020799        -0.000251000798        -0.000201045144        -0.000237126027        -0.000239790236        -0.000199444698        -0.000248880883        -0.000223853287        -0.000205721658        -0.000253440256        -0.000207713920        -0.000217836528        -0.000248880990        -0.000195880431        -0.000231787063        -0.000235799750        -0.000191513254
        0.000017012218         0.000064100356         0.000018058714         0.000031214584         0.000060346336         0.000009188180         0.000046941281         0.000049010423         0.000008462520         0.000059444557         0.000033529875         0.000016181324         0.000064909015         0.000018576807         0.000030106184         0.000061575473         0.000008685622         0.000046103619         0.000050276403         0.000006927388         0.000059334698         0.000034221917         0.000013990914         0.000065659580         0.000018099917         0.000027939123
        0.000154371827         0.000153507469         0.000196270270         0.000142620377         0.000171059485         0.000188684333         0.000137874047         0.000187198690         0.000174115376         0.000141879370         0.000197210362         0.000157087280         0.000153592993         0.000198019804         0.000142716779         0.000169497140         0.000189108859         0.000135227070         0.000184617922         0.000172694670         0.000136704579         0.000193961887         0.000153119365         0.000146450247         0.000193970498         0.000135614486
       -0.000133844063        -0.000185471044        -0.000171162016        -0.000139346193        -0.000196349013        -0.000154619534        -0.000152612053        -0.000197615214        -0.000141103265        -0.000169892690        -0.000188982686        -0.000134861464        -0.000186053133        -0.000172965958        -0.000137837962        -0.000196082773        -0.000154161972        -0.000149100899        -0.000196573590        -0.000137919853        -0.000165081570        -0.000186746881        -0.000128781339        -0.000180564623        -0.000168730180        -0.000129129323
       -0.000026921940         0.000018607558        -0.000039963239        -0.000009364752         0.000009196236        -0.000045900623         0.000007318554        -0.000006984428        -0.000041767263         0.000018040488        -0.000025123370        -0.000028745332         0.000019499300        -0.000039764597        -0.000010627945         0.000011151671        -0.000046400048         0.000007264589        -0.000004603895        -0.000042792885         0.000019616591        -0.000023086933        -0.000029661287         0.000022669576        -0.000038658952        -0.000010527823
        0.000134300005         0.000150907443         0.000186479767         0.000124659760         0.000170789004         0.000173371517         0.000124299016         0.000186194407         0.000154750193         0.000133600686         0.000192573573         0.000136272929         0.000149876665         0.000187836761         0.000123406888         0.000168150460         0.000172990847         0.000119837748         0.000182588804         0.000151882399         0.000126373428         0.000188187302         0.000130114075         0.000140650052         0.000182239878         0.000113435782
       -0.000081524340        -0.000145145297        -0.000112027271        -0.000092261756        -0.000151919454        -0.000094328413        -0.000109989287        -0.000147530218        -0.000082824496        -0.000129539101        -0.000133282687        -0.000081073192        -0.000145035728        -0.000113301773        -0.000089644871        -0.000151613677        -0.000093345039        -0.000105937903        -0.000146857278        -0.000079135558        -0.000124889133        -0.000131549179        -0.000074688970        -0.000140392278        -0.000109502075        -0.000081103192
       -0.000050610506        -0.000013305523        -0.000079945826        -0.000030873717        -0.000028480175        -0.000081104434        -0.000014993962        -0.000048548592        -0.000071084914        -0.000007832955        -0.000067562277        -0.000052794346        -0.000011611905        -0.000079750171        -0.000031523625        -0.000025251485        -0.000081201412        -0.000013433340        -0.000044651306        -0.000071023757        -0.000003773527        -0.000063834216        -0.000051650668        -0.000005333950        -0.000076641353        -0.000028203903
        0.000107759227         0.000144224160         0.000166109847         0.000102023635         0.000164509948         0.000147774148         0.000107220462         0.000177051378         0.000126434343         0.000122003146         0.000178058164         0.000108464459         0.000141970689         0.000166923152         0.000099098693         0.000160933446         0.000146437107         0.000100902960         0.000172690219         0.000122015998         0.000112990410         0.000172830689         0.000100157783         0.000131199584         0.000160049210         0.000086558283
       -0.000041077078        -0.000111998877        -0.000059590951        -0.000057228078        -0.000113143571        -0.000042745983        -0.000078580880        -0.000102466551        -0.000035226735        -0.000098827023        -0.000083071844        -0.000039364801        -0.000111846928        -0.000060593165        -0.000053997712        -0.000113498713        -0.000041571485        -0.000074770884        -0.000102855328        -0.000031561271        -0.000095346349        -0.000082532277        -0.000033498790        -0.000109194038        -0.000057994621        -0.000046789496
       -0.000058600746        -0.000035964445        -0.000104524327        -0.000038346150        -0.000056286496        -0.000099482833        -0.000025187130        -0.000078661993        -0.000083216691        -0.000023152212        -0.000096416990        -0.000060415025        -0.000032883779        -0.000104035954        -0.000037608075        -0.000051429054        -0.000098777498        -0.000021292525        -0.000073050380        -0.000081507757        -0.000016041678        -0.000090834837        -0.000056509853        -0.000023130957        -0.000098659421        -0.000030313059
        0.000079049842         0.000135464913         0.000138257195         0.000078744534         0.000154027927         0.000115730546         0.000090129865         0.000161754358         0.000093530023         0.000109941961         0.000156176302         0.000078198969         0.000132202352         0.000138538184         0.000074128269         0.000149927406         0.000113478003         0.000082264976         0.000157139612         0.000087717970         0.000099777484         0.000150620816         0.000068133886         0.000120779294         0.000130904503         0.000059744619
       -0.000012609532        -0.000084661622        -0.000014750117        -0.000033745595        -0.000079139974        -0.000000926441        -0.000057368700        -0.000062216812         0.000000839196        -0.000076468028        -0.000038818698        -0.000010100271        -0.000085265675        -0.000015804374        -0.000030639441        -0.000080910762         0.000000008456        -0.000054771790        -0.000064353996         0.000003820411        -0.000075274041        -0.000040141180        -0.000005726035        -0.000085769498        -0.000015167925        -0.000026071199
       -0.000054884497        -0.000052354762        -0.000115659868        -0.000036092437        -0.000076536573        -0.000103616823        -0.000027515566        -0.000099179067        -0.000081496548        -0.000031768500        -0.000113430328        -0.000055623062        -0.000047544969        -0.000114647221        -0.000033324302        -0.000069959915        -0.000101770960        -0.000020819057        -0.000091904844        -0.000077688510        -0.000021391449        -0.000106048834        -0.000048465212        -0.000034366069        -0.000106934422        -0.000021648539
        0.000051927733         0.000126079356         0.000106032162         0.000058151313         0.000140808643         0.000080982879         0.000075749932         0.000142150924         0.000060109136         0.000099551502         0.000129435630         0.000049505080         0.000122323742         0.000105956091         0.000052146004         0.000136842241         0.000078057435         0.000066991259         0.000137984629         0.000053329078         0.000089205406         0.000124258983         0.000038412661         0.000111446421         0.000098317741         0.000037043474
        0.000004155251        -0.000061922407         0.000021491897        -0.000020925125        -0.000049305774         0.000030188302        -0.000045035555        -0.000026875113         0.000024828870        -0.000061030601        -0.000001211434         0.000006792378        -0.000064096421         0.000020046924        -0.000018839485        -0.000053174633         0.000030401911        -0.000044696251        -0.000031330253         0.000026387657        -0.000063205780        -0.000004944888         0.000008627530        -0.000068785113         0.000018050904        -0.000018243506
       -0.000043392801        -0.000064723676        -0.000115356293        -0.000028152923        -0.000090923829        -0.000096259811        -0.000025750224        -0.000111544882        -0.000069434788        -0.000036899538        -0.000120191801        -0.000042490403        -0.000058151532        -0.000113692089        -0.000022964818        -0.000082836707        -0.000093063049        -0.000016140837        -0.000102925363        -0.000063284537        -0.000023471172        -0.000111299635        -0.000031923869        -0.000042057802        -0.000103810045        -0.000006984726
        0.000029406033         0.000116938979         0.000072379341         0.000042710752         0.000125944308         0.000046950084         0.000065926529         0.000119878171         0.000029710707         0.000092176764         0.000100203331         0.000025677991         0.000113461853         0.000072263753         0.000035929521         0.000122955246         0.000043778272         0.000057235782         0.000117003286         0.000022631623         0.000082894237         0.000096253745         0.000014587745         0.000104552153         0.000065565574         0.000021566353
        0.000010233282        -0.000042500464         0.000048451505        -0.000017184440        -0.000023045911         0.000050200757        -0.000039707560         0.000003487912         0.000036923489        -0.000050707636         0.000029219392         0.000012204940        -0.000046935118         0.000046306555        -0.000017057587        -0.000029502275         0.000049207092        -0.000042594816        -0.000003639040         0.000036311363        -0.000057132881         0.000022726290         0.000010485956        -0.000056530324         0.000041172265        -0.000021635958
       -0.000027976262        -0.000074745436        -0.000105854242        -0.000018264122        -0.000100744227        -0.000080452417        -0.000023174318        -0.000117048467        -0.000050747764        -0.000041186153        -0.000118380382        -0.000025107576        -0.000066715956        -0.000103555076        -0.000010605734        -0.000091659000        -0.000075888150        -0.000010958364        -0.000107661896        -0.000042308155        -0.000025380051        -0.000108506461        -0.000011405228        -0.000048680109        -0.000091943030         0.000009041464
        0.000013610177         0.000108346898         0.000039920636         0.000033924817         0.000110140297         0.000016537687         0.000061565066         0.000096300901         0.000005147635         0.000088338553         0.000070582650         0.000009107583         0.000106091410         0.000040179522         0.000027250428         0.000109064423         0.000013685202         0.000054142348         0.000095610662        -0.000001371986         0.000081540587         0.000068764021        -0.000000723227         0.000100672469         0.000035469468         0.000015325512
        0.000007431775        -0.000025078706         0.000065941399        -0.000020256237         0.000000251517         0.000059430627        -0.000039006192         0.000028912218         0.000038166949        -0.000043382973         0.000052241257         0.000007931017        -0.000032214440         0.000062855230        -0.000022925010        -0.000008991060         0.000056792063        -0.000045851034         0.000019047455         0.000034712373        -0.000054574613         0.000042896285         0.000001811189        -0.000046983729         0.000054297035        -0.000033560879
       -0.000012211244        -0.000083558933        -0.000089606275        -0.000009678536        -0.000106970455        -0.000059410374        -0.000022451263        -0.000116897112        -0.000029169540        -0.000046627584        -0.000109801271        -0.000007353772        -0.000074707814        -0.000086860459         0.000000120502        -0.000097678012        -0.000053702305        -0.000008362727        -0.000107556518        -0.000018842576        -0.000029555452        -0.000099705819         0.000008742436        -0.000056120268        -0.000074253220         0.000022227655
        0.000005692654         0.000100090121         0.000010836616         0.000032283115         0.000093737422        -0.000008002508         0.000062620636         0.000072482007        -0.000011628930         0.000087748377         0.000042325155         0.000001168005         0.000100051664         0.000011919539         0.000026796018         0.000095482342        -0.000009890506         0.000057797373         0.000074805720        -0.000016609854         0.000084891081         0.000043489295        -0.000006005697         0.000099583251         0.000010238509         0.000019134468
       -0.000001769404        -0.000008431268         0.000074334955        -0.000027368641         0.000021153287         0.000058947172        -0.000040260713         0.000049549399         0.000030439726        -0.000036835624         0.000067963812        -0.000003435804        -0.000018366036         0.000070168677        -0.000033421231         0.000009277533         0.000054336514        -0.000051408175         0.000037206041         0.000023655020        -0.000052816027         0.000055959850        -0.000014476236        -0.000038022639         0.000058160229        -0.000050473810
        0.000000825556        -0.000091778699        -0.000069152809        -0.000004972968        -0.000110275326        -0.000036320270        -0.000025491987        -0.000112216543        -0.000008195284        -0.000054510826        -0.000096324633         0.000007371004        -0.000083030398        -0.000066325074         0.000006261269        -0.000101791039        -0.000029945763        -0.000010659402        -0.000103919862         0.000003262463        -0.000037663131        -0.000086969600         0.000024670651        -0.000065620546        -0.000053751175         0.000029106823
        0.000005804794         0.000091543631        -0.000013210819         0.000037278568         0.000076778443        -0.000025162059         0.000068153888         0.000049194734        -0.000019608623         0.000089388816         0.000016790202         0.000002164875         0.000094628319        -0.000010880321         0.000034151556         0.000082089756        -0.000025422796         0.000067246388         0.000055177259        -0.000022025773         0.000091783130         0.000021624393        -0.000000915480         0.000100304931        -0.000008613380         0.000032557792
       -0.000014446102         0.000008434305         0.000074559690        -0.000035521280         0.000040108076         0.000050505823        -0.000040790177         0.000065642148         0.000016313551        -0.000028987803         0.000076843278        -0.000018733675        -0.000004005320         0.000069310706        -0.000045170915         0.000026124263         0.000043778471        -0.000056091931         0.000051408898         0.000006015467        -0.000049210792         0.000062664821        -0.000034721622        -0.000027666318         0.000054119676        -0.000068281421
        0.000008753238        -0.000099511670        -0.000046960685        -0.000005899578        -0.000111042044        -0.000014117360        -0.000033361629        -0.000104017202         0.000009165940        -0.000065366440        -0.000079780111         0.000016377742        -0.000092003822        -0.000044568029         0.000005728857        -0.000104521229        -0.000007781746        -0.000019240711        -0.000097870094         0.000020687795        -0.000050518668        -0.000072269690         0.000033315983        -0.000077723199        -0.000033309108         0.000027180614
        0.000013129561         0.000081820706        -0.000031123417         0.000047492494         0.000059111265        -0.000034225251         0.000076461230         0.000026969140        -0.000018753036         0.000091668415        -0.000005059456         0.000011339616         0.000088700321        -0.000027200175         0.000047849214         0.000068446193        -0.000032236898         0.000080587504         0.000036962332        -0.000017618344         0.000100267872         0.000003867367         0.000013697313         0.000101228706        -0.000020294509         0.000053901641
       -0.000027521961         0.000026161712         0.000068032022        -0.000041798020         0.000057390118         0.000036401357        -0.000038192878         0.000077501838        -0.000001187566        -0.000018136270         0.000079658031        -0.000034548962         0.000011909951         0.000061868368        -0.000054800394         0.000042179024         0.000027671651        -0.000056958367         0.000062273102        -0.000014759639        -0.000041475019         0.000064072196        -0.000054873735        -0.000014289680         0.000044087783        -0.000082735897
        0.000010028027        -0.000106394449        -0.000025264699        -0.000013290994        -0.000109378267         0.000004711460        -0.000046233328        -0.000093154198         0.000020590527        -0.000078957753        -0.000061841627         0.000017857306        -0.000101366252        -0.000023923541        -0.000002576281        -0.000105998745         0.000010137385        -0.000034506724        -0.000090260218         0.000030884272        -0.000068034110        -0.000057326167         0.000032606697        -0.000092209589        -0.000015424630         0.000015072005
        0.000025984091         0.000069954339        -0.000042387656         0.000060759173         0.000040513061        -0.000035281876         0.000085284924         0.000006155736        -0.000009975854         0.000092644509        -0.000022640745         0.000026940809         0.000080940305        -0.000036645056         0.000065500741         0.000053940910        -0.000030522210         0.000095157091         0.000020137859        -0.000004441058         0.000107824571        -0.000009540669         0.000035811623         0.000100314998        -0.000024723240         0.000080258997
       -0.000038078871         0.000044969500         0.000056535341        -0.000043667545         0.000073064899         0.000019253129        -0.000030598284         0.000085482771        -0.000018888078        -0.000003134574         0.000077452108        -0.000047570203         0.000029964472         0.000049824290        -0.000059296397         0.000057813053         0.000008959523        -0.000051608368         0.000070408096        -0.000034982442        -0.000027925802         0.000061477135        -0.000070884682         0.000003214385         0.000030396547        -0.000089725098
        0.000004027269        -0.000111662362        -0.000005938193        -0.000027021934        -0.000105151233         0.000018277128        -0.000063391282        -0.000080300931         0.000024577384        -0.000094311084        -0.000043931553         0.000010985690        -0.000110306460        -0.000006289720        -0.000018697857        -0.000105963477         0.000021844015        -0.000055825259        -0.000081621284         0.000032233964        -0.000089181087        -0.000043473353         0.000021586337        -0.000108039720        -0.000002011721        -0.000007177294
        0.000042001407         0.000055086507        -0.000047072761         0.000074411213         0.000020813693        -0.000029198241         0.000092091487        -0.000013009926         0.000004940469         0.000090294886        -0.000035724960         0.000046380929         0.000070042963        -0.000039434173         0.000084027058         0.000037957442        -0.000021312251         0.000107811711         0.000004520462         0.000015447774         0.000111646585        -0.000018758797         0.000062322462         0.000095202660        -0.000022492910         0.000107155918
       -0.000043642965         0.000064615547         0.000042054007        -0.000039233765         0.000086973148         0.000001749035        -0.000016855310         0.000089948328        -0.000033781400         0.000016483722         0.000071442466        -0.000054927596         0.000050212402         0.000035372761        -0.000056314353         0.000073086612        -0.000009312491        -0.000038428620         0.000076342384        -0.000051092207        -0.000007648648         0.000056281906        -0.000079003296         0.000025099170         0.000015357418        -0.000087957696
       -0.000008925057        -0.000114260281         0.000009595986        -0.000046028768        -0.000098054096         0.000025383602        -0.000083291212        -0.000065952129         0.000020526380        -0.000109800918        -0.000027162416        -0.000004026975        -0.000117545045         0.000006968073        -0.000041603511        -0.000103809860         0.000026159517        -0.000081525831        -0.000072141426         0.000024134342        -0.000111977963        -0.000031521733         0.000000662801        -0.000122654761         0.000004952929        -0.000043727882
        0.000058387698         0.000036638772        -0.000045800829         0.000085588566        -0.000000000687        -0.000017534538         0.000094390698        -0.000030353866         0.000023507164         0.000082802884        -0.000044408997         0.000066486395         0.000054946163        -0.000036367832         0.000099980695         0.000020021183        -0.000006418266         0.000115274151        -0.000010141522         0.000039099777         0.000108810000        -0.000024214177         0.000088890637         0.000086452785        -0.000015673635         0.000120446431
       -0.000042413781         0.000084398831         0.000026585790        -0.000027414275         0.000098730069        -0.000013615032         0.000003348907         0.000091228321        -0.000043323768         0.000040437224         0.000062898474        -0.000054471255         0.000072135914         0.000020701182        -0.000044401877         0.000087695015        -0.000024301836        -0.000016748129         0.000080423118        -0.000059927886         0.000019136592         0.000049453033        -0.000077881290         0.000057189065         0.000001031704        -0.000091272068
       -0.000027592112        -0.000112995948         0.000020414621        -0.000068395426        -0.000087705590         0.000025575813        -0.000103691637        -0.000050459483         0.000008766403        -0.000123303172        -0.000012320695        -0.000025936783        -0.000121476203         0.000015060697        -0.000069209502        -0.000098677445         0.000022735781        -0.000108934869        -0.000061601837         0.000007174086        -0.000132901836        -0.000023224716        -0.000033049348        -0.000123506522         0.000002956553        -0.000099403982
        0.000072233834         0.000014443006        -0.000039679072         0.000091577046        -0.000021715155        -0.000002396984         0.000090052442        -0.000045724892         0.000042773259         0.000068814427        -0.000049078749         0.000083829414         0.000035010217        -0.000028757859         0.000109919535        -0.000000085835         0.000011695602         0.000114341390        -0.000023945326         0.000062712220         0.000099632149        -0.000029187859         0.000103025283         0.000090421004        -0.000005588018
       -0.000033420088         0.000103197350         0.000011961443        -0.000008044926         0.000107741834        -0.000024762528         0.000029433864         0.000089576205        -0.000045663288         0.000067673333         0.000053012653        -0.000044961541         0.000094619778         0.000007772957        -0.000023132379         0.000100908299        -0.000033602373         0.000012795023         0.000082225302        -0.000060105433         0.000058031049         0.000038728706        -0.000078934979         0.000105430752
       -0.000049925360        -0.000106724871         0.000026112777        -0.000091517327        -0.000073771788         0.000019149018        -0.000121864081        -0.000034091091        -0.000009461457        -0.000132419040         0.000000119001        -0.000052515378        -0.000120357399         0.000017776816        -0.000098456910        -0.000089456152         0.000012140379        -0.000133925085        -0.000051581379        -0.000020150829        -0.000137473341        -0.000025579147        -0.000083277304
        0.000080844487        -0.000011177030        -0.000030186219         0.000090130396        -0.000043845852         0.000013774087         0.000077577449        -0.000058964329         0.000059635221         0.000047631734        -0.000050349741         0.000095095954         0.000010142219        -0.000018311000         0.000110633494        -0.000022025959         0.000030105720         0.000105136171        -0.000041132793         0.000076521750         0.000101791697        -0.000036460890
       -0.000016604174         0.000119545577        -0.000000302353         0.000018081505         0.000113246305        -0.000030203033         0.000059923236         0.000085139731        -0.000039786754         0.000096375226         0.000042786077        -0.000026172506         0.000115938102        -0.000001855401         0.000006555980         0.000110982002        -0.000035787398         0.000055258435         0.000075269624        -0.000059561935         0.000115127003
       -0.000073242766        -0.000094543219         0.000026799928        -0.000112346886        -0.000056090041         0.000007123117        -0.000134876153        -0.000017094988        -0.000032067564        -0.000134742724         0.000009962411        -0.000080654537        -0.000112373571         0.000015467892        -0.000125011906        -0.000077593750        -0.000005719718        -0.000141251071        -0.000053397447        -0.000060228640
        0.000082040128        -0.000039371672        -0.000019015939         0.000079733457        -0.000065624341         0.000028462857         0.000056289260        -0.000069868375         0.000071167913         0.000019335288        -0.000048975231         0.000097312342        -0.000018849124        -0.000006813120         0.000102068403        -0.000050707314         0.000042642586         0.000105437374        -0.000065783975
        0.000007156071         0.000131755605        -0.000009100975         0.000049232308         0.000114384299        -0.000029130608         0.000092482756         0.000077953720        -0.000025590263         0.000123996062         0.000032901469         0.000000823172         0.000133208603        -0.000006690663         0.000048896045         0.000107664721        -0.000034452263         0.000116496365
       -0.000094484078        -0.000075960829         0.000023074714        -0.000127707928        -0.000034770272        -0.000008822784        -0.000139910584         0.000000245435        -0.000056230802        -0.000127971064         0.000017178805        -0.000106218231        -0.000098868171         0.000009403313        -0.000134101054        -0.000078203350        -0.000031722884
        0.000074394112        -0.000068769759        -0.000007892581         0.000059778719        -0.000085989777         0.000039345483         0.000026444374        -0.000078133667         0.000074835501        -0.000014830246        -0.000045446925         0.000090236663        -0.000057215362         0.000003752054         0.000100779654        -0.000091264031
        0.000036078426         0.000138080350        -0.000013791698         0.000082797391         0.000110295086        -0.000021462794         0.000123996207         0.000067869015        -0.000004087835         0.000146789448         0.000024947220         0.000039205409         0.000133159974        -0.000005404191         0.000109121814
       -0.000110526471        -0.000051027163         0.000015970582        -0.000134636309        -0.000010264348        -0.000026462913        -0.000134405493         0.000017398838        -0.000078392567        -0.000113345602         0.000024275897        -0.000116122272        -0.000097885587         0.000000297736
        0.000057383487        -0.000097504458         0.000001612883         0.000030658233        -0.000103579841         0.000044473582        -0.000010378065        -0.000082913989         0.000070175898        -0.000060126263        -0.000037294155         0.000087879476        -0.000110825176
        0.000067553740         0.000136898735        -0.000014205316         0.000115396427         0.000100096687        -0.000007955962         0.000150194852         0.000056590657         0.000026684105         0.000149466323         0.000025411870         0.000093231499
       -0.000118516725        -0.000020405200         0.000006864077        -0.000130536284         0.000016338780        -0.000043142165        -0.000119475353         0.000037918738        -0.000088262257        -0.000110689814         0.000033545222
        0.000031459393        -0.000123251982         0.000008231361        -0.000005870921        -0.000116280680         0.000043120481        -0.000059123165        -0.000077363851         0.000067442938        -0.000122779119
        0.000098269994         0.000126739677        -0.000010657781         0.000142619916         0.000085614714         0.000012047316         0.000154948414         0.000055616634         0.000069700218
       -0.000116030559         0.000014270315        -0.000002740907        -0.000116343927         0.000049388916        -0.000052269895        -0.000115360478         0.000065553459
       -0.000001638425        -0.000142807435         0.000010926186        -0.000054136676        -0.000113297520         0.000040783852        -0.000125963027
        0.000124067979         0.000109527967        -0.000003808904         0.000148759318         0.000082810889         0.000040006861
       -0.000103753588         0.000057854070        -0.000010589835        -0.000111241213         0.000093870443
       -0.000045361609        -0.000142168377         0.000009742910        -0.000119835714
        0.000130916264         0.000104772366         0.000006147449
       -0.000098330454         0.000116256488
       -0.000104528664
