       -0.017021004593        -0.017021004635        -0.017021004657        -0.017021004669        -0.017021004675        -0.017021004679        -0.017021004680        -0.017021004681        -0.017021004682        -0.017021004682        -0.017021004682        -0.017021004682        -0.017021004682        -0.017021004682        -0.017021004682        -0.017021004682        -0.017021004682        -0.017021004682        -0.017021004682        -0.017021004682        -0.017021004682        -0.017021004682        -0.017021004682        -0.017021004682        -0.017021004682        -0.017021004682
        0.011760264668         0.011760264729         0.011760264760         0.011760264777         0.011760264786         0.011760264791         0.011760264793         0.011760264794         0.011760264795         0.011760264796         0.011760264796         0.011760264796         0.011760264796         0.011760264796         0.011760264796         0.011760264796         0.011760264796         0.011760264796         0.011760264796         0.011760264796         0.011760264796         0.011760264796         0.011760264796         0.011760264796         0.011760264796         0.011760264796
       -0.008459860660        -0.008459860725        -0.008459860759        -0.008459860777        -0.008459860787        -0.008459860792        -0.008459860795        -0.008459860796        -0.008459860797        -0.008459860797        -0.008459860797        -0.008459860797        -0.008459860798        -0.008459860798        -0.008459860798        -0.008459860798        -0.008459860798        -0.008459860798        -0.008459860798        -0.008459860798        -0.008459860798        -0.008459860798        -0.008459860798        -0.008459860798        -0.008459860798        -0.008459860798
        0.006043137303         0.006043137366         0.006043137399         0.006043137416         0.006043137426         0.006043137430         0.006043137434         0.006043137434         0.006043137435         0.006043137435         0.006043137436         0.006043137436         0.006043137436         0.006043137436         0.006043137436         0.006043137436         0.006043137436         0.006043137436         0.006043137436         0.006043137436         0.006043137436         0.006043137436         0.006043137436         0.006043137436         0.006043137436         0.006043137436
       -0.004316217715        -0.004316217773        -0.004316217803        -0.004316217818        -0.004316217827        -0.004316217830        -0.004316217832        -0.004316217835        -0.004316217835        -0.004316217836        -0.004316217836        -0.004316217836        -0.004316217836        -0.004316217836        -0.004316217836        -0.004316217836        -0.004316217836        -0.004316217835        -0.004316217833        -0.004316217833        -0.004316217835        -0.004316217836        -0.004316217835        -0.004316217833        -0.004316217835        -0.004316217836
        0.003091580212         0.003091580263         0.003091580289         0.003091580302         0.003091580309         0.003091580322         0.003091580315         0.003091580317         0.003091580317         0.003091580317         0.003091580318         0.003091580318         0.003091580318         0.003091580318         0.003091580318         0.003091580317         0.003091580317         0.003091580326         0.003091580326         0.003091580326         0.003091580317         0.003091580317         0.003091580326         0.003091580326         0.003091580317         0.003091580317
       -0.002222262442        -0.002222262484        -0.002222262506        -0.002222262518        -0.002222262530        -0.002222262533        -0.002222262529        -0.002222262529        -0.002222262530        -0.002222262530        -0.002222262530        -0.002222262530        -0.002222262530        -0.002222262530        -0.002222262530        -0.002222262531        -0.002222262537        -0.002222262543        -0.002222262543        -0.002222262537        -0.002222262531        -0.002222262537        -0.002222262543        -0.002222262537        -0.002222262531        -0.002222262537
        0.001602760973         0.001602761007         0.001602761026         0.001602761034         0.001602761044         0.001602761042         0.001602761044         0.001602761045         0.001602761045         0.001602761045         0.001602761045         0.001602761045         0.001602761045         0.001602761046         0.001602761046         0.001602761045         0.001602761048         0.001602761047         0.001602761048         0.001602761045         0.001602761045         0.001602761048         0.001602761048         0.001602761045         0.001602761045         0.001602761049
       -0.001159328849        -0.001159328876        -0.001159328884        -0.001159328897        -0.001159328901        -0.001159328898        -0.001159328906        -0.001159328906        -0.001159328907        -0.001159328907        -0.001159328907        -0.001159328907        -0.001159328907        -0.001159328907        -0.001159328900        -0.001159328899        -0.001159328898        -0.001159328898        -0.001159328900        -0.001159328894        -0.001159328899        -0.001159328904        -0.001159328899        -0.001159328894        -0.001159328906        -0.001159328905
        0.000840627129         0.000840627142         0.000840627159         0.000840627169         0.000840627168         0.000840627165         0.000840627176         0.000840627176         0.000840627176         0.000840627176         0.000840627176         0.000840627176         0.000840627176         0.000840627167         0.000840627162         0.000840627162         0.000840627167         0.000840627162         0.000840627153         0.000840627154         0.000840627172         0.000840627171         0.000840627153         0.000840627163         0.000840627176         0.000840627171
       -0.000610768795        -0.000610768817        -0.000610768833        -0.000610768838        -0.000610768834        -0.000610768832        -0.000610768842        -0.000610768842        -0.000610768843        -0.000610768843        -0.000610768843        -0.000610768843        -0.000610768832        -0.000610768827        -0.000610768828        -0.000610768839        -0.000610768839        -0.000610768818        -0.000610768812        -0.000610768829        -0.000610768845        -0.000610768827        -0.000610768822        -0.000610768835        -0.000610768844        -0.000610768837
        0.000444503896         0.000444503919         0.000444503930         0.000444503930         0.000444503924         0.000444503923         0.000444503933         0.000444503933         0.000444503933         0.000444503933         0.000444503933         0.000444503923         0.000444503917         0.000444503919         0.000444503934         0.000444503942         0.000444503924         0.000444503904         0.000444503914         0.000444503931         0.000444503930         0.000444503922         0.000444503920         0.000444503930         0.000444503935         0.000444503927
       -0.000323948996        -0.000323949012        -0.000323949019        -0.000323949016        -0.000323949010        -0.000323949009        -0.000323949017        -0.000323949017        -0.000323949017        -0.000323949017        -0.000323949008        -0.000323949003        -0.000323949005        -0.000323949022        -0.000323949035        -0.000323949026        -0.000323949007        -0.000323949003        -0.000323949014        -0.000323949017        -0.000323949022        -0.000323949016        -0.000323949012        -0.000323949018        -0.000323949020        -0.000323949012
        0.000236363651         0.000236363662         0.000236363664         0.000236363660         0.000236363655         0.000236363654         0.000236363661         0.000236363661         0.000236363661         0.000236363653         0.000236363648         0.000236363651         0.000236363667         0.000236363683         0.000236363681         0.000236363670         0.000236363664         0.000236363662         0.000236363662         0.000236363669         0.000236363674         0.000236363667         0.000236363661         0.000236363663         0.000236363663         0.000236363649
       -0.000172626427        -0.000172626434        -0.000172626434        -0.000172626430        -0.000172626425        -0.000172626424        -0.000172626430        -0.000172626430        -0.000172626423        -0.000172626419        -0.000172626421        -0.000172626436        -0.000172626452        -0.000172626455        -0.000172626451        -0.000172626450        -0.000172626446        -0.000172626436        -0.000172626440        -0.000172626447        -0.000172626449        -0.000172626440        -0.000172626432        -0.000172626433        -0.000172626426        -0.000172626421
        0.000126180132         0.000126180136         0.000126180135         0.000126180131         0.000126180127         0.000126180126         0.000126180131         0.000126180126         0.000126180122         0.000126180124         0.000126180137         0.000126180152         0.000126180157         0.000126180158         0.000126180161         0.000126180161         0.000126180151         0.000126180145         0.000126180149         0.000126180153         0.000126180152         0.000126180142         0.000126180134         0.000126180129         0.000126180130         0.000126180130
       -0.000092295027        -0.000092295030        -0.000092295028        -0.000092295025        -0.000092295021        -0.000092295020        -0.000092295020        -0.000092295017        -0.000092295019        -0.000092295029        -0.000092295042        -0.000092295049        -0.000092295052        -0.000092295057        -0.000092295061        -0.000092295055        -0.000092295049        -0.000092295046        -0.000092295047        -0.000092295048        -0.000092295045        -0.000092295035        -0.000092295024        -0.000092295025        -0.000092295028        -0.000092295028
        0.000067550005         0.000067550006         0.000067550004         0.000067550001         0.000067549998         0.000067549995         0.000067549995         0.000067549996         0.000067550005         0.000067550016         0.000067550023         0.000067550027         0.000067550033         0.000067550039         0.000067550037         0.000067550033         0.000067550029         0.000067550025         0.000067550025         0.000067550023         0.000067550019         0.000067550008         0.000067550002         0.000067550005         0.000067550008         0.000067550008
       -0.000049464783        -0.000049464784        -0.000049464782        -0.000049464780        -0.000049464775        -0.000049464772        -0.000049464776        -0.000049464783        -0.000049464792        -0.000049464798        -0.000049464802        -0.000049464809        -0.000049464815        -0.000049464815        -0.000049464815        -0.000049464813        -0.000049464808        -0.000049464804        -0.000049464802        -0.000049464799        -0.000049464793        -0.000049464786        -0.000049464784        -0.000049464786        -0.000049464788        -0.000049464785
        0.000036237705         0.000036237705         0.000036237703         0.000036237699         0.000036237696         0.000036237696         0.000036237704         0.000036237711         0.000036237716         0.000036237720         0.000036237726         0.000036237732         0.000036237734         0.000036237736         0.000036237736         0.000036237733         0.000036237728         0.000036237723         0.000036237721         0.000036237716         0.000036237713         0.000036237709         0.000036237708         0.000036237709         0.000036237708         0.000036237707
       -0.000026557943        -0.000026557943        -0.000026557940        -0.000026557937        -0.000026557937        -0.000026557941        -0.000026557948        -0.000026557952        -0.000026557956        -0.000026557961        -0.000026557967        -0.000026557969        -0.000026557972        -0.000026557973        -0.000026557972        -0.000026557969        -0.000026557964        -0.000026557960        -0.000026557955        -0.000026557953        -0.000026557952        -0.000026557949        -0.000026557947        -0.000026557946        -0.000026557947        -0.000026557948
        0.000019470492         0.000019470490         0.000019470488         0.000019470488         0.000019470490         0.000019470494         0.000019470499         0.000019470502         0.000019470506         0.000019470511         0.000019470514         0.000019470517         0.000019470519         0.000019470519         0.000019470517         0.000019470514         0.000019470510         0.000019470505         0.000019470502         0.000019470501         0.000019470500         0.000019470498         0.000019470495         0.000019470496         0.000019470497         0.000019470498
       -0.000014278779        -0.000014278778        -0.000014278778        -0.000014278780        -0.000014278782        -0.000014278785        -0.000014278788        -0.000014278792        -0.000014278796        -0.000014278799        -0.000014278801        -0.000014278803        -0.000014278804        -0.000014278804        -0.000014278802        -0.000014278799        -0.000014278794        -0.000014278791        -0.000014278790        -0.000014278789        -0.000014278788        -0.000014278785        -0.000014278784        -0.000014278785        -0.000014278786        -0.000014278786
        0.000010474245         0.000010474245         0.000010474247         0.000010474249         0.000010474250         0.000010474252         0.000010474256         0.000010474259         0.000010474261         0.000010474264         0.000010474266         0.000010474267         0.000010474267         0.000010474267         0.000010474265         0.000010474261         0.000010474258         0.000010474256         0.000010474255         0.000010474254         0.000010474253         0.000010474251         0.000010474251         0.000010474252         0.000010474252         0.000010474252
       -0.000007685285        -0.000007685286        -0.000007685288        -0.000007685289        -0.000007685290        -0.000007685293        -0.000007685296        -0.000007685298        -0.000007685300        -0.000007685302        -0.000007685303        -0.000007685304        -0.000007685304        -0.000007685302        -0.000007685300        -0.000007685298        -0.000007685296        -0.000007685294        -0.000007685293        -0.000007685292        -0.000007685291        -0.000007685291        -0.000007685290        -0.000007685291        -0.000007685291        -0.000007685291
        0.000005640178         0.000005640180         0.000005640181         0.000005640182         0.000005640183         0.000005640185         0.000005640187         0.000005640189         0.000005640190         0.000005640192         0.000005640192         0.000005640193         0.000005640192         0.000005640191         0.000005640189         0.000005640188         0.000005640186         0.000005640185         0.000005640184         0.000005640183         0.000005640183         0.000005640182         0.000005640182         0.000005640182         0.000005640182         0.000005640182
       -0.000004140118        -0.000004140119        -0.000004140120        -0.000004140121        -0.000004140122        -0.000004140123        -0.000004140125        -0.000004140126        -0.000004140128        -0.000004140128        -0.000004140129        -0.000004140129        -0.000004140128        -0.000004140127        -0.000004140126        -0.000004140125        -0.000004140124        -0.000004140122        -0.000004140122        -0.000004140121        -0.000004140121        -0.000004140120        -0.000004140120        -0.000004140120        -0.000004140120        -0.000004140120
        0.000003039572         0.000003039572         0.000003039573         0.000003039574         0.000003039575         0.000003039576         0.000003039577         0.000003039578         0.000003039579         0.000003039579         0.000003039579         0.000003039579         0.000003039579         0.000003039578         0.000003039577         0.000003039576         0.000003039575         0.000003039574         0.000003039574         0.000003039574         0.000003039573         0.000003039573         0.000003039573         0.000003039573         0.000003039572         0.000003039572
       -0.000002231956        -0.000002231956        -0.000002231957        -0.000002231958        -0.000002231959        -0.000002231959        -0.000002231960        -0.000002231961        -0.000002231961        -0.000002231962        -0.000002231961        -0.000002231961        -0.000002231961        -0.000002231960        -0.000002231960        -0.000002231959        -0.000002231958        -0.000002231957        -0.000002231957        -0.000002231957        -0.000002231957        -0.000002231956        -0.000002231956        -0.000002231956        -0.000002231956        -0.000002231955
        0.000001639181         0.000001639182         0.000001639182         0.000001639183         0.000001639184         0.000001639184         0.000001639185         0.000001639185         0.000001639185         0.000001639185         0.000001639185         0.000001639185         0.000001639185         0.000001639185         0.000001639184         0.000001639183         0.000001639183         0.000001639182         0.000001639182         0.000001639182         0.000001639182         0.000001639181         0.000001639181         0.000001639181         0.000001639181         0.000001639180
       -0.000001204015        -0.000001204016        -0.000001204016        -0.000001204017        -0.000001204017        -0.000001204017        -0.000001204018        -0.000001204018        -0.000001204018        -0.000001204018        -0.000001204018        -0.000001204018        -0.000001204018        -0.000001204017        -0.000001204017        -0.000001204016        -0.000001204016        -0.000001204016        -0.000001204015        -0.000001204015        -0.000001204015        -0.000001204015        -0.000001204014        -0.000001204014        -0.000001204014        -0.000001204013
        0.000000884497         0.000000884497         0.000000884498         0.000000884498         0.000000884498         0.000000884499         0.000000884499         0.000000884499         0.000000884499         0.000000884499         0.000000884499         0.000000884499         0.000000884499         0.000000884498         0.000000884498         0.000000884498         0.000000884497         0.000000884497         0.000000884497         0.000000884497         0.000000884497         0.000000884496         0.000000884496         0.000000884496         0.000000884495         0.000000884495
       -0.000000649855        -0.000000649856        -0.000000649856        -0.000000649856        -0.000000649856        -0.000000649856        -0.000000649857        -0.000000649857        -0.000000649857        -0.000000649857        -0.000000649857        -0.000000649856        -0.000000649856        -0.000000649856        -0.000000649856        -0.000000649856        -0.000000649855        -0.000000649855        -0.000000649855        -0.000000649855        -0.000000649855        -0.000000649854        -0.000000649854        -0.000000649854        -0.000000649853        -0.000000649852
        0.000000477518         0.000000477518         0.000000477518         0.000000477519         0.000000477519         0.000000477519         0.000000477519         0.000000477519         0.000000477519         0.000000477519         0.000000477519         0.000000477519         0.000000477519         0.000000477519         0.000000477518         0.000000477518         0.000000477518         0.000000477518         0.000000477518         0.000000477517         0.000000477517         0.000000477517         0.000000477517         0.000000477516         0.000000477516         0.000000477514
       -0.000000350924        -0.000000350924        -0.000000350924        -0.000000350924        -0.000000350924        -0.000000350924        -0.000000350924        -0.000000350924        -0.000000350924        -0.000000350924        -0.000000350924        -0.000000350924        -0.000000350924        -0.000000350924        -0.000000350924        -0.000000350924        -0.000000350924        -0.000000350923        -0.000000350923        -0.000000350923        -0.000000350923        -0.000000350923        -0.000000350922        -0.000000350922        -0.000000350921        -0.000000350919
        0.000000257919         0.000000257919         0.000000257919         0.000000257919         0.000000257919         0.000000257919         0.000000257919         0.000000257919         0.000000257919         0.000000257919         0.000000257919         0.000000257919         0.000000257919         0.000000257919         0.000000257919         0.000000257919         0.000000257919         0.000000257918         0.000000257918         0.000000257918         0.000000257918         0.000000257918         0.000000257917         0.000000257917         0.000000257915         0.000000257912
       -0.000000189583        -0.000000189583        -0.000000189583        -0.000000189583        -0.000000189583        -0.000000189583        -0.000000189583        -0.000000189583        -0.000000189583        -0.000000189583        -0.000000189583        -0.000000189583        -0.000000189583        -0.000000189583        -0.000000189583        -0.000000189582        -0.000000189582        -0.000000189582        -0.000000189582        -0.000000189582        -0.000000189582        -0.000000189581        -0.000000189581        -0.000000189580        -0.000000189578        -0.000000189574
        0.000000139366         0.000000139366         0.000000139366         0.000000139366         0.000000139366         0.000000139366         0.000000139366         0.000000139366         0.000000139366         0.000000139366         0.000000139366         0.000000139366         0.000000139366         0.000000139366         0.000000139366         0.000000139366         0.000000139366         0.000000139366         0.000000139366         0.000000139365         0.000000139365         0.000000139365         0.000000139364         0.000000139362         0.000000139359         0.000000139354
       -0.000000102461        -0.000000102461        -0.000000102461        -0.000000102461        -0.000000102461        -0.000000102461        -0.000000102461        -0.000000102461        -0.000000102461        -0.000000102461        -0.000000102461        -0.000000102461        -0.000000102461        -0.000000102461        -0.000000102460        -0.000000102460        -0.000000102460        -0.000000102460        -0.000000102460        -0.000000102460        -0.000000102460        -0.000000102459        -0.000000102458        -0.000000102456        -0.000000102452        -0.000000102444
        0.000000075335         0.000000075335         0.000000075335         0.000000075335         0.000000075335         0.000000075335         0.000000075335         0.000000075335         0.000000075335         0.000000075335         0.000000075335         0.000000075335         0.000000075335         0.000000075335         0.000000075335         0.000000075335         0.000000075335         0.000000075335         0.000000075334         0.000000075334         0.000000075334         0.000000075333         0.000000075331         0.000000075328         0.000000075323         0.000000075312
       -0.000000055395        -0.000000055395        -0.000000055395        -0.000000055395        -0.000000055395        -0.000000055395        -0.000000055395        -0.000000055395        -0.000000055395        -0.000000055395        -0.000000055395        -0.000000055395        -0.000000055395        -0.000000055395        -0.000000055395        -0.000000055395        -0.000000055395        -0.000000055395        -0.000000055395        -0.000000055394        -0.000000055394        -0.000000055393        -0.000000055390        -0.000000055386        -0.000000055378        -0.000000055364
        0.000000040737         0.000000040737         0.000000040737         0.000000040737         0.000000040737         0.000000040737         0.000000040737         0.000000040737         0.000000040737         0.000000040737         0.000000040737         0.000000040737         0.000000040737         0.000000040737         0.000000040737         0.000000040737         0.000000040737         0.000000040736         0.000000040736         0.000000040736         0.000000040735         0.000000040733         0.000000040730         0.000000040724         0.000000040713         0.000000040693
       -0.000000029960        -0.000000029960        -0.000000029960        -0.000000029960        -0.000000029960        -0.000000029960        -0.000000029960        -0.000000029960        -0.000000029960        -0.000000029960        -0.000000029960        -0.000000029960        -0.000000029960        -0.000000029960        -0.000000029960        -0.000000029959        -0.000000029959        -0.000000029959        -0.000000029959        -0.000000029958        -0.000000029957        -0.000000029955        -0.000000029950        -0.000000029942        -0.000000029927        -0.000000029898
        0.000000022035         0.000000022035         0.000000022035         0.000000022035         0.000000022035         0.000000022035         0.000000022035         0.000000022035         0.000000022035         0.000000022035         0.000000022035         0.000000022035         0.000000022035         0.000000022035         0.000000022035         0.000000022035         0.000000022035         0.000000022035         0.000000022034         0.000000022033         0.000000022032         0.000000022029         0.000000022023         0.000000022011         0.000000021990         0.000000021950
       -0.000000016208        -0.000000016208        -0.000000016208        -0.000000016208        -0.000000016208        -0.000000016208        -0.000000016208        -0.000000016208        -0.000000016208        -0.000000016208        -0.000000016208        -0.000000016208        -0.000000016208        -0.000000016208        -0.000000016208        -0.000000016208        -0.000000016208        -0.000000016207        -0.000000016207        -0.000000016206        -0.000000016203        -0.000000016199        -0.000000016191        -0.000000016175        -0.000000016145        -0.000000016089
        0.000000011923         0.000000011923         0.000000011923         0.000000011923         0.000000011923         0.000000011923         0.000000011923         0.000000011923         0.000000011923         0.000000011923         0.000000011923         0.000000011923         0.000000011923         0.000000011923         0.000000011923         0.000000011923         0.000000011922         0.000000011922         0.000000011921         0.000000011919         0.000000011916         0.000000011910         0.000000011899         0.000000011877         0.000000011836         0.000000011757
       -0.000000008771        -0.000000008771        -0.000000008771        -0.000000008771        -0.000000008771        -0.000000008771        -0.000000008771        -0.000000008771        -0.000000008771        -0.000000008771        -0.000000008771        -0.000000008771        -0.000000008771        -0.000000008771        -0.000000008771        -0.000000008771        -0.000000008771        -0.000000008770        -0.000000008769        -0.000000008766        -0.000000008762        -0.000000008753        -0.000000008737        -0.000000008707        -0.000000008649        -0.000000008539
        0.000000006453         0.000000006453         0.000000006453         0.000000006453         0.000000006453         0.000000006453         0.000000006453         0.000000006453         0.000000006453         0.000000006453         0.000000006453         0.000000006453         0.000000006453         0.000000006453         0.000000006453         0.000000006453         0.000000006452         0.000000006451         0.000000006449         0.000000006446         0.000000006440         0.000000006428         0.000000006406         0.000000006364         0.000000006283         0.000000006127
       -0.000000004748        -0.000000004748        -0.000000004748        -0.000000004748        -0.000000004748        -0.000000004748        -0.000000004748        -0.000000004748        -0.000000004748        -0.000000004748        -0.000000004748        -0.000000004748        -0.000000004748        -0.000000004748        -0.000000004748        -0.000000004747        -0.000000004747        -0.000000004745        -0.000000004743        -0.000000004738        -0.000000004730        -0.000000004713        -0.000000004682        -0.000000004623        -0.000000004508        -0.000000004295
        0.000000003494         0.000000003494         0.000000003494         0.000000003494         0.000000003494         0.000000003494         0.000000003494         0.000000003494         0.000000003494         0.000000003494         0.000000003494         0.000000003494         0.000000003493         0.000000003493         0.000000003493         0.000000003493         0.000000003492         0.000000003490         0.000000003487         0.000000003480         0.000000003468         0.000000003445         0.000000003402         0.000000003318         0.000000003161         0.000000002917
       -0.000000002571        -0.000000002571        -0.000000002571        -0.000000002571        -0.000000002571        -0.000000002571        -0.000000002571        -0.000000002571        -0.000000002571        -0.000000002571        -0.000000002571        -0.000000002571        -0.000000002571        -0.000000002570        -0.000000002570        -0.000000002569        -0.000000002568        -0.000000002566        -0.000000002561        -0.000000002552        -0.000000002535        -0.000000002503        -0.000000002441        -0.000000002326        -0.000000002147
        0.000000001892         0.000000001892         0.000000001892         0.000000001892         0.000000001892         0.000000001892         0.000000001892         0.000000001892         0.000000001892         0.000000001892         0.000000001892         0.000000001892         0.000000001892         0.000000001891         0.000000001891         0.000000001890         0.000000001888         0.000000001885         0.000000001878         0.000000001866         0.000000001842         0.000000001797         0.000000001712         0.000000001580
       -0.000000001392        -0.000000001392        -0.000000001392        -0.000000001392        -0.000000001392        -0.000000001392        -0.000000001392        -0.000000001392        -0.000000001392        -0.000000001392        -0.000000001392        -0.000000001392        -0.000000001392        -0.000000001392        -0.000000001391        -0.000000001390        -0.000000001387        -0.000000001382        -0.000000001373        -0.000000001356        -0.000000001322        -0.000000001260        -0.000000001163
        0.000000001025         0.000000001025         0.000000001025         0.000000001025         0.000000001025         0.000000001025         0.000000001025         0.000000001025         0.000000001025         0.000000001025         0.000000001025         0.000000001024         0.000000001024         0.000000001024         0.000000001023         0.000000001021         0.000000001017         0.000000001011         0.000000000998         0.000000000973         0.000000000928         0.000000000856
       -0.000000000754        -0.000000000754        -0.000000000754        -0.000000000754        -0.000000000754        -0.000000000754        -0.000000000754        -0.000000000754        -0.000000000754        -0.000000000754        -0.000000000754        -0.000000000754        -0.000000000753        -0.000000000753        -0.000000000751        -0.000000000749        -0.000000000744        -0.000000000735        -0.000000000717        -0.000000000683        -0.000000000630
        0.000000000555         0.000000000555         0.000000000555         0.000000000555         0.000000000555         0.000000000555         0.000000000555         0.000000000555         0.000000000555         0.000000000555         0.000000000555         0.000000000555         0.000000000554         0.000000000553         0.000000000551         0.000000000548         0.000000000541         0.000000000527         0.000000000503         0.000000000464
       -0.000000000409        -0.000000000409        -0.000000000409        -0.000000000409        -0.000000000409        -0.000000000409        -0.000000000409        -0.000000000409        -0.000000000409        -0.000000000408        -0.000000000408        -0.000000000408        -0.000000000407        -0.000000000406        -0.000000000403        -0.000000000398        -0.000000000388        -0.000000000370        -0.000000000342
        0.000000000301         0.000000000301         0.000000000301         0.000000000301         0.000000000301         0.000000000301         0.000000000301         0.000000000301         0.000000000301         0.000000000301         0.000000000300         0.000000000300         0.000000000299         0.000000000297         0.000000000293         0.000000000286         0.000000000272         0.000000000251
       -0.000000000221        -0.000000000221        -0.000000000221        -0.000000000221        -0.000000000221        -0.000000000221        -0.000000000221        -0.000000000221        -0.000000000221        -0.000000000221        -0.000000000221        -0.000000000220        -0.000000000218        -0.000000000216        -0.000000000210        -0.000000000201        -0.000000000185
        0.000000000163         0.000000000163         0.000000000163         0.000000000163         0.000000000163         0.000000000163         0.000000000163         0.000000000163         0.000000000163         0.000000000162         0.000000000162         0.000000000161         0.000000000159         0.000000000155         0.000000000148         0.000000000136
       -0.000000000120        -0.000000000120        -0.000000000120        -0.000000000120        -0.000000000120        -0.000000000120        -0.000000000120        -0.000000000120        -0.000000000120        -0.000000000119        -0.000000000118        -0.000000000117        -0.000000000114        -0.000000000109        -0.000000000100
        0.000000000088         0.000000000088         0.000000000088         0.000000000088         0.000000000088         0.000000000088         0.000000000088         0.000000000088         0.000000000088         0.000000000087         0.000000000086         0.000000000084         0.000000000080         0.000000000074
       -0.000000000065        -0.000000000065        -0.000000000065        -0.000000000065        -0.000000000065        -0.000000000065        -0.000000000065        -0.000000000065        -0.000000000064        -0.000000000063        -0.000000000062        -0.000000000059        -0.000000000054
        0.000000000048         0.000000000048         0.000000000048         0.000000000048         0.000000000048         0.000000000048         0.000000000048         0.000000000047         0.000000000047         0.000000000046         0.000000000043         0.000000000040
       -0.000000000035        -0.000000000035        -0.000000000035        -0.000000000035        -0.000000000035        -0.000000000035        -0.000000000035        -0.000000000034        -0.000000000034        -0.000000000032        -0.000000000030
        0.000000000026         0.000000000026         0.000000000026         0.000000000026         0.000000000026         0.000000000026         0.000000000025         0.000000000025         0.000000000024         0.000000000022
       -0.000000000019        -0.000000000019        -0.000000000019        -0.000000000019        -0.000000000019        -0.000000000019        -0.000000000018        -0.000000000017        -0.000000000016
        0.000000000014         0.000000000014         0.000000000014         0.000000000014         0.000000000014         0.000000000013         0.000000000013         0.000000000012
       -0.000000000010        -0.000000000010        -0.000000000010        -0.000000000010        -0.000000000010        -0.000000000009        -0.000000000009
        0.000000000008         0.000000000008         0.000000000007         0.000000000007         0.000000000007         0.000000000006
       -0.000000000006        -0.000000000005        -0.000000000005        -0.000000000005        -0.000000000005
        0.000000000004         0.000000000004         0.000000000004         0.000000000003
       -0.000000000003        -0.000000000003        -0.000000000003
        0.000000000002         0.000000000002
       -0.000000000001
