       -0.003402778458        -0.003406905555        -0.003405693926        -0.003401915971        -0.003400929043        -0.003404992299        -0.003410905645        -0.003413443027        -0.003410908924        -0.003406919276        -0.003406539625        -0.003410906480        -0.003416042942        -0.003417105251        -0.003413533258        -0.003409632873        -0.003409986540        -0.003414583513        -0.003418843440        -0.003418497081        -0.003414128252        -0.003410547246        -0.003411668530        -0.003416345864        -0.003419593601        -0.003417894179
        0.001771207022         0.001777609730         0.001769322721         0.001760168650         0.001764260667         0.001781056421         0.001796222305         0.001797103537         0.001786157097         0.001778132488         0.001784229340         0.001800232585         0.001811184594         0.001807439899         0.001794905560         0.001788619703         0.001796644610         0.001811508951         0.001818275280         0.001810537920         0.001797243256         0.001793083055         0.001802766088         0.001815987362         0.001818464206         0.001807235096
       -0.001100595716        -0.001096438813        -0.001079801561        -0.001073676665        -0.001089118790        -0.001113725764        -0.001125197039        -0.001115200789        -0.001098068392        -0.001095282478        -0.001112536752        -0.001133843354        -0.001138782185        -0.001124317504        -0.001107912904        -0.001108767693        -0.001127318216        -0.001144871290        -0.001143659373        -0.001125828521        -0.001111093780        -0.001115622730        -0.001134742896        -0.001147951567        -0.001140862877        -0.001120623090
        0.000606260112         0.000588362464         0.000569317616         0.000573795532         0.000600744670         0.000624907897         0.000624035537         0.000602537499         0.000586491883         0.000595650668         0.000622465497         0.000640388390         0.000632344508         0.000608883057         0.000596747291         0.000610238595         0.000636010280         0.000647448017         0.000633161659         0.000609119343         0.000601518186         0.000618746869         0.000642421631         0.000647067668         0.000627393303         0.000603985191
       -0.000116585912        -0.000087895153        -0.000075068418        -0.000093769168        -0.000125754012        -0.000138700876        -0.000120761361        -0.000092959880        -0.000086502602        -0.000109455841        -0.000138343854        -0.000143409237        -0.000120381091        -0.000094881709        -0.000094938970        -0.000121067034        -0.000145830136        -0.000143235185        -0.000116490274        -0.000094517817        -0.000101005863        -0.000129089755        -0.000148703132        -0.000138733769        -0.000109620170        -0.000092226216
       -0.000280505272        -0.000311844715        -0.000310664145        -0.000279027889        -0.000251341726        -0.000257402977        -0.000290763517        -0.000315939215        -0.000306432052        -0.000272882643        -0.000251461286        -0.000265151982        -0.000299343161        -0.000317602806        -0.000300637588        -0.000266811260        -0.000252412807        -0.000272864248        -0.000306310919        -0.000317019487        -0.000293575697        -0.000261070408        -0.000254272294        -0.000280456365        -0.000311596409        -0.000314282362
        0.000544319942         0.000566609899         0.000546672408         0.000509041047         0.000496579074         0.000524725999         0.000565361488         0.000577122519         0.000549550351         0.000514004951         0.000509973353         0.000542955903         0.000578800675         0.000580309501         0.000546929281         0.000515209806         0.000519682968         0.000556016575         0.000585718354         0.000577290932         0.000539880117         0.000513488003         0.000526221040         0.000564233901         0.000586475160         0.000568548165
       -0.000636060323        -0.000638290447        -0.000601197877        -0.000568998834        -0.000579904344        -0.000625563916        -0.000660398032        -0.000650439476        -0.000609428349        -0.000583845983        -0.000603186214        -0.000648633858        -0.000673378708        -0.000652667173        -0.000610131080        -0.000592407988        -0.000619304627        -0.000662716415        -0.000676720871        -0.000646654505        -0.000604767097        -0.000595748107        -0.000628959016        -0.000668384056        -0.000671076453        -0.000633097572
        0.000560109244         0.000536824248         0.000491550517         0.000477198865         0.000512901958         0.000563989543         0.000579367179         0.000546069656         0.000502815503         0.000498422012         0.000539724536         0.000584519724         0.000586806997         0.000545883018         0.000506939674         0.000512696516         0.000557805492         0.000594655318         0.000584284805         0.000538006484         0.000505302412         0.000520936881         0.000567773812         0.000595035174         0.000572562729         0.000523140193
       -0.000354930613        -0.000309362712        -0.000269769328        -0.000281643142        -0.000335007032        -0.000375512804        -0.000362666428        -0.000312877683        -0.000281623118        -0.000304097774        -0.000357807792        -0.000386830981        -0.000361606998        -0.000310387423        -0.000288915439        -0.000320857776        -0.000372603894        -0.000389248351        -0.000353263902        -0.000303210334        -0.000292523026        -0.000332398443        -0.000379781252        -0.000383332815        -0.000338336753        -0.000291857747
        0.000085862164         0.000029594975         0.000009871833         0.000048783205         0.000105686659         0.000120962107         0.000079637820         0.000027060997         0.000020241801         0.000067028908         0.000117971324         0.000119293465         0.000070264507         0.000023816354         0.000029925845         0.000082275220         0.000125093136         0.000112770705         0.000058563378         0.000020416582         0.000039059374         0.000094456167         0.000127160528         0.000101820856         0.000045036149         0.000017059077
        0.000173717490         0.000223839292         0.000213921419         0.000155861965         0.000112670235         0.000131024256         0.000191682710         0.000230358899         0.000206452993         0.000146221740         0.000114500558         0.000145429141         0.000206151722         0.000232043162         0.000195736654         0.000136270230         0.000117315071         0.000159175859         0.000217133699         0.000229206125         0.000182366903         0.000126511943         0.000121198769         0.000171994331         0.000224402572         0.000221985000
       -0.000360242996        -0.000386965644        -0.000345873260        -0.000283964508        -0.000269850258        -0.000320579149        -0.000383809514        -0.000393937193        -0.000342079833        -0.000285304949        -0.000285526701        -0.000343487882        -0.000398153600        -0.000391966382        -0.000332266926        -0.000283357265        -0.000297788769        -0.000360275780        -0.000404032105        -0.000382093801        -0.000317519736        -0.000278815659        -0.000306773210        -0.000370814358        -0.000401504554        -0.000364708395
        0.000434333822         0.000425763959         0.000362061529         0.000315171122         0.000338341482         0.000409567181         0.000455457933         0.000429697814         0.000362307566         0.000327329634         0.000363725913         0.000433957753         0.000464225620         0.000423292123         0.000355756397         0.000334338144         0.000382222823         0.000448336194         0.000461884566         0.000407982947         0.000343610251         0.000336787464         0.000393889642         0.000452694564         0.000448735590         0.000384270096
       -0.000388296349        -0.000342747584        -0.000273657027        -0.000258356382        -0.000316093202        -0.000387882655        -0.000399759089        -0.000341688895        -0.000278014823        -0.000278572730        -0.000344211459        -0.000406089865        -0.000399281235        -0.000332061373        -0.000276968415        -0.000293291083        -0.000363783346        -0.000413098266        -0.000388259535        -0.000315284146        -0.000271450542        -0.000302765977        -0.000374727389        -0.000409021083        -0.000367168084        -0.000291821579
        0.000245556616         0.000173235099         0.000119797620         0.000144520361         0.000222849502         0.000273008204         0.000243413167         0.000167540417         0.000127923423         0.000167982662         0.000245836982         0.000279193283         0.000233233251         0.000157698030         0.000133691740         0.000187071770         0.000260865188         0.000276117931         0.000216227750         0.000144728475         0.000137483796         0.000201618395         0.000267762109         0.000264045439         0.000192964970         0.000128944295
       -0.000051994326         0.000027310886         0.000046744500        -0.000014801709        -0.000091964088        -0.000102970339        -0.000036845235         0.000035157447         0.000035790081        -0.000035792810        -0.000103333084        -0.000094987392        -0.000019963634         0.000041413212         0.000023499135        -0.000054595314        -0.000109432732        -0.000082348377        -0.000002116339         0.000045707927         0.000010131655        -0.000070709364        -0.000110137097        -0.000065492446         0.000016125443         0.000047940575
       -0.000137840278        -0.000200195892        -0.000175979928        -0.000092502976        -0.000039999574        -0.000075210134        -0.000161070977        -0.000206536434        -0.000163810442        -0.000079212082        -0.000043544562        -0.000095157760        -0.000179128014        -0.000205958326        -0.000147128199        -0.000065523307        -0.000048274028        -0.000113730166        -0.000191821367        -0.000198798340        -0.000126708353        -0.000052035496        -0.000054114287        -0.000130331504        -0.000198672426        -0.000185151809
        0.000275248200         0.000299667239         0.000234748536         0.000152516898         0.000142889543         0.000217821534         0.000298869059         0.000301081322         0.000223614988         0.000150430608         0.000160552552         0.000243806180         0.000311790331         0.000292271560         0.000206293546         0.000145682056         0.000175002064         0.000262619123         0.000314387763         0.000274141382         0.000183788809         0.000138697342         0.000185874060         0.000273591100         0.000306358177         0.000246907327
       -0.000329066012        -0.000304457507        -0.000214800964        -0.000158918898        -0.000198926855        -0.000294219136        -0.000345093178        -0.000299219284        -0.000207346142        -0.000168932417        -0.000225971526        -0.000318300192        -0.000347891224        -0.000283508633        -0.000194037536        -0.000174914503        -0.000246241019        -0.000331272181        -0.000338270992        -0.000258516543        -0.000175767817        -0.000176911625        -0.000259103580        -0.000332534989        -0.000316169845        -0.000224491805
        0.000292222275         0.000221879886         0.000132663517         0.000122408363         0.000204136315         0.000292497439         0.000295052093         0.000210871527         0.000131324732         0.000142427246         0.000233106295         0.000307141264         0.000285914781         0.000192330835         0.000126335756         0.000158207026         0.000253505120         0.000309759523         0.000265854297         0.000167404749         0.000118188679         0.000169349165         0.000264584331         0.000300003354         0.000235094350         0.000136307547
       -0.000181725704        -0.000083420046        -0.000021821573        -0.000064091697        -0.000166254347        -0.000220437570        -0.000170055793        -0.000070032009        -0.000027995084        -0.000089380993        -0.000189052147        -0.000220918246        -0.000151184433        -0.000054396639        -0.000033853933        -0.000111323702        -0.000203743696        -0.000211839918        -0.000126161790        -0.000037318241        -0.000039341590        -0.000129188250        -0.000209716898        -0.000193278877        -0.000095500054        -0.000018940572
        0.000032243625        -0.000066316414        -0.000079401599         0.000006894755         0.000100450944         0.000101639485         0.000009544007        -0.000077273540        -0.000066058963         0.000031189034         0.000110650120         0.000087547299        -0.000013410536        -0.000084417340        -0.000049634261         0.000053808090         0.000115384010         0.000069147780        -0.000035777956        -0.000087475422        -0.000030690555         0.000073952031         0.000114450386         0.000047029415        -0.000056827358        -0.000086375837
        0.000114370116         0.000183316408         0.000140089323         0.000032200442        -0.000024167295         0.000031811869         0.000140922271         0.000187256214         0.000121927779         0.000015154740        -0.000018801689         0.000056432044         0.000160576957         0.000182356095         0.000098289142        -0.000002174318        -0.000012105936         0.000078745525         0.000172862573         0.000168906796         0.000070026721        -0.000019241084        -0.000004465998         0.000097713230         0.000176967234         0.000146873125
       -0.000220288541        -0.000236532387        -0.000145695590        -0.000046898828        -0.000047227685        -0.000147601468        -0.000242027877        -0.000230786524        -0.000126819735        -0.000041791679        -0.000066847098        -0.000175413280        -0.000251566060        -0.000213731383        -0.000101824843        -0.000034691939        -0.000083264126        -0.000194776078        -0.000248882557        -0.000186098829        -0.000071548489        -0.000025637355        -0.000095508354        -0.000204414451        -0.000233259942        -0.000147845974
        0.000260983333         0.000215855742         0.000101281076         0.000041813142         0.000102648002         0.000220301382         0.000270521404         0.000200902075         0.000086729924         0.000050505469         0.000131221291         0.000242810044         0.000265969646         0.000175528024         0.000067382590         0.000056162048         0.000152860343         0.000252937735         0.000247753458         0.000140685065         0.000043774339         0.000058225487         0.000166216413         0.000249495107         0.000215437234         0.000096310802
       -0.000230615175        -0.000133594357        -0.000028070897        -0.000028394433        -0.000135548473        -0.000236351318        -0.000224326625        -0.000113288118        -0.000022475237        -0.000049231669        -0.000165173900        -0.000246498722        -0.000206106335        -0.000086622577        -0.000014952235        -0.000066841254        -0.000185933789        -0.000243729252        -0.000176745512        -0.000054513899        -0.000005557076        -0.000080189796        -0.000196469581        -0.000227301890        -0.000136253671        -0.000016911898
        0.000142217689         0.000019129772        -0.000045132450         0.000018794087         0.000143293609         0.000196127382         0.000121551698        -0.000000307132        -0.000039053530         0.000046821226         0.000165680511         0.000190546656         0.000094629125        -0.000020029550        -0.000031403985         0.000072236354         0.000179633819         0.000175186587         0.000062458153        -0.000039384227        -0.000022622758         0.000093836750         0.000184227076         0.000150054875         0.000025568613        -0.000058357584
       -0.000022808597         0.000091092671         0.000092232185        -0.000020341403        -0.000126310732        -0.000112600958         0.000006069394         0.000103007576         0.000074765989        -0.000048472316        -0.000135140446        -0.000092703749         0.000033589145         0.000108909373         0.000052703071        -0.000075195920        -0.000138278481        -0.000069057239         0.000058729104         0.000108551327         0.000026816037        -0.000099551147        -0.000135606460        -0.000042534466         0.000080506010         0.000101804915
       -0.000094656879        -0.000164716831        -0.000098384751         0.000032447347         0.000087376796         0.000007292179        -0.000122722999        -0.000164217572        -0.000073120072         0.000053241153         0.000080055129        -0.000021137442        -0.000142041527        -0.000153054052        -0.000041649864         0.000074077113         0.000071390223        -0.000046042797        -0.000151796860        -0.000131408460        -0.000004799330         0.000094611083         0.000062231110        -0.000065827175        -0.000150754757        -0.000099002786
        0.000180013324         0.000182624024         0.000064432502        -0.000046918116        -0.000031538579         0.000094935243         0.000198146338         0.000168375286         0.000037647852        -0.000054492336        -0.000009917982         0.000123408637         0.000202497679         0.000141878946         0.000004991253        -0.000063415523         0.000008253237         0.000141873571         0.000192643278         0.000103658257        -0.000032956223        -0.000074155387         0.000021300075         0.000148385784         0.000167387740         0.000053304299
       -0.000213317927        -0.000143785709        -0.000005892816         0.000051777918        -0.000033321786        -0.000171154201        -0.000215208619        -0.000118847797         0.000014927557         0.000043458408        -0.000063370622        -0.000190956204        -0.000202148023        -0.000083706471         0.000039409409         0.000037345810        -0.000086020047        -0.000196910293        -0.000174223299        -0.000039072286         0.000067422697         0.000034653057        -0.000099187204        -0.000187241763        -0.000130605350         0.000015492401
        0.000189353064         0.000064431822        -0.000053245065        -0.000037131022         0.000096263324         0.000205125655         0.000173674140         0.000035704131        -0.000061514994        -0.000014403359         0.000126405813         0.000209993612         0.000146188070         0.000001935913        -0.000070027810         0.000005855061         0.000147127757         0.000201008226         0.000107521371        -0.000036152243        -0.000079156730         0.000022006822         0.000156527365         0.000177104165         0.000057505020        -0.000078870534
       -0.000117977925         0.000028117477         0.000089535912         0.000000401987        -0.000144398575        -0.000190563345        -0.000088998151         0.000051839110         0.000081670150        -0.000031247396        -0.000166183487        -0.000178709193        -0.000054869836         0.000073791506         0.000070483824        -0.000060759326        -0.000179072615        -0.000156982965        -0.000016664701         0.000093409544         0.000056732515        -0.000086563994        -0.000181954220        -0.000125441103         0.000024980985         0.000110732369
        0.000020439757        -0.000104550590        -0.000088469998         0.000051248341         0.000165333547         0.000132005227        -0.000013182512        -0.000115281186        -0.000065242776         0.000083652012         0.000172597574         0.000106719376        -0.000043637564        -0.000117780088        -0.000036092742         0.000114725688         0.000173978178         0.000078514531        -0.000069630185        -0.000111749884        -0.000001896813         0.000143491310         0.000169596065         0.000048686017        -0.000089806248        -0.000096870204
        0.000076809649         0.000142486198         0.000049533987        -0.000102174929        -0.000150357072        -0.000043412930         0.000104616013         0.000135642114         0.000016246846        -0.000126571981        -0.000140929908        -0.000012097102         0.000121651596         0.000116369117        -0.000023783647        -0.000150701616        -0.000130343478         0.000014135823         0.000126697569         0.000084670395        -0.000069871547        -0.000174560688        -0.000120047662         0.000033014508         0.000117980166         0.000039870724
       -0.000148983137        -0.000132811229         0.000013474407         0.000132986174         0.000097778751        -0.000054789301        -0.000161899897        -0.000108936624         0.000048099581         0.000142339367         0.000074096225        -0.000082758754        -0.000159357282        -0.000072004136         0.000088203179         0.000152467740         0.000054410069        -0.000098850167        -0.000140516523        -0.000022286389         0.000133539109         0.000164436794         0.000041176650        -0.000100388882        -0.000103618226         0.000041097824
        0.000179075014         0.000081824837        -0.000077144797        -0.000127579759        -0.000015349352         0.000139901718         0.000172328122         0.000046886589        -0.000103195703        -0.000118599767         0.000016128250         0.000155920146         0.000149783825         0.000002133989        -0.000131704283        -0.000111179161         0.000039431242         0.000156435753         0.000111231279        -0.000051957348        -0.000162964547        -0.000107200438         0.000051753227         0.000139092457         0.000055429920        -0.000116187376
       -0.000161796576        -0.000008451674         0.000116811934         0.000079994184        -0.000079768348        -0.000191971298        -0.000136638570         0.000027601130         0.000126046521         0.000054296080        -0.000110282308        -0.000190877522        -0.000099933612         0.000067197994         0.000133859767         0.000030540744        -0.000130592689        -0.000174986581        -0.000052229230         0.000109756763         0.000141003500         0.000010895361        -0.000138338999        -0.000142972663         0.000006742324         0.000155710165
        0.000104171603        -0.000062513883        -0.000115514948         0.000001793342         0.000164238104         0.000198421069         0.000067716583        -0.000088626823        -0.000103973714         0.000037877233         0.000185209970         0.000180203689         0.000027447155        -0.000110777388        -0.000087458245         0.000072084033         0.000196740508         0.000152205963        -0.000015390907        -0.000128395105        -0.000066930947         0.000102607034         0.000197644814         0.000114638293        -0.000059889257        -0.000141326273
       -0.000022873693         0.000108541635         0.000070272935        -0.000096737084        -0.000214256794        -0.000156952222         0.000013965795         0.000115939748         0.000039761619        -0.000133713295        -0.000219732816        -0.000126811330         0.000045575271         0.000112824771         0.000002146761        -0.000169291424        -0.000219215788        -0.000094911498         0.000070282530         0.000098741534        -0.000041719736        -0.000202590550        -0.000213147079        -0.000063097727         0.000086168154         0.000072913207
       -0.000060471638        -0.000116200936         0.000006280368         0.000176134327         0.000212228112         0.000076299671        -0.000086236103        -0.000101224391         0.000048299175         0.000203822854         0.000200525797         0.000043104707        -0.000098999627        -0.000072088170         0.000097430940         0.000230884789         0.000188070489         0.000016927774        -0.000097071936        -0.000028530694         0.000153203366         0.000257678671         0.000176950040         0.000000789740        -0.000077969189         0.000030787138
        0.000124766414         0.000084968223        -0.000089399904        -0.000212256346        -0.000152783393         0.000025143707         0.000130935044         0.000050560318        -0.000131541652        -0.000222550097        -0.000126973350         0.000051415175         0.000119870121         0.000002420863        -0.000178603709        -0.000233097107        -0.000105997832         0.000063630644         0.000090302122        -0.000059439625        -0.000230623095        -0.000245488630        -0.000093021527         0.000058358543         0.000039816767        -0.000136084675
       -0.000154666426        -0.000026993741         0.000150118267         0.000187821868         0.000046220735        -0.000123053905        -0.000138438977         0.000017698266         0.000180127759         0.000177058920         0.000013374108        -0.000134243471        -0.000105620239         0.000071593594         0.000211265194         0.000167338315        -0.000010256981        -0.000128117538        -0.000055751659         0.000134345535         0.000244088143         0.000161011934        -0.000021262446        -0.000101838726         0.000012710368         0.000206796045
        0.000144230782        -0.000037306852        -0.000165150754        -0.000103049475         0.000082459607         0.000192918514         0.000109688192        -0.000079346043        -0.000173495666        -0.000073298650         0.000113165749         0.000185258316         0.000064059437        -0.000123177336        -0.000178698281        -0.000045124981         0.000132707437         0.000161882404         0.000007932350        -0.000168161999        -0.000181624666        -0.000021002907         0.000138512156         0.000121064235        -0.000058693726        -0.000212689119
       -0.000097851555         0.000086313958         0.000125264651        -0.000022542036        -0.000199298110        -0.000216205131        -0.000054934156         0.000112769769         0.000108144293        -0.000063778855        -0.000219184573        -0.000191634143        -0.000009835808         0.000132852815         0.000084417484        -0.000103234845        -0.000229000399        -0.000157565979         0.000035862878         0.000145743837         0.000055002091        -0.000139173303        -0.000227100328        -0.000114630640         0.000080299508         0.000152068281
        0.000028508491        -0.000104230704        -0.000039152838         0.000154505123         0.000270367850         0.000185148301        -0.000009902676        -0.000106124435         0.000000038510         0.000196166978         0.000273747140         0.000150781164        -0.000040711469        -0.000095105360         0.000047401294         0.000236176834         0.000271008371         0.000116130396        -0.000061726736        -0.000070360206         0.000102376587         0.000273197688         0.000262966561         0.000082510454        -0.000070229176        -0.000024184529
        0.000045719704         0.000085883427        -0.000068361101        -0.000252904219        -0.000271558101        -0.000105233380         0.000067631056         0.000061106425        -0.000119564160        -0.000283322690        -0.000257322449        -0.000071229676         0.000074084584         0.000020467450        -0.000178010278        -0.000312525115        -0.000242805962        -0.000046483193         0.000062831238        -0.000036708185        -0.000242866322        -0.000341034401        -0.000228124010        -0.000036184911         0.000029093273        -0.000105886959
       -0.000106111615        -0.000038201058         0.000163408820         0.000284350595         0.000196580297        -0.000005160935        -0.000104069551         0.000007402298         0.000212405499         0.000294500280         0.000168513428        -0.000028529286        -0.000082944472         0.000067194695         0.000265386924         0.000304175962         0.000146188861        -0.000035435066        -0.000041047180         0.000141002366         0.000322278541         0.000312050585         0.000135735720        -0.000025623298         0.000022739891         0.000233566945
        0.000137987863        -0.000022122779        -0.000213693062        -0.000233145343        -0.000060646644         0.000118566079         0.000111588549        -0.000076002592        -0.000246060837        -0.000219308214        -0.000026468587         0.000123908616         0.000067915979        -0.000138073222        -0.000277817687        -0.000205819450        -0.000002640987         0.000110107420         0.000006396554        -0.000207653025        -0.000306482137        -0.000197994512         0.000015312349         0.000070394503        -0.000075529953
       -0.000134311592         0.000074350355         0.000199316736         0.000107758766        -0.000102036379        -0.000205282511        -0.000090675890         0.000120729273         0.000204696835         0.000072829761        -0.000132699279        -0.000190469348        -0.000036702024         0.000166669930         0.000204853744         0.000039062572        -0.000151245880        -0.000158745777         0.000026609754         0.000209292664         0.000202811573        -0.000001483894        -0.000146786276        -0.000110305716
        0.000097026708        -0.000100759626        -0.000120005894         0.000059878587         0.000246858417         0.000241251630         0.000048849692        -0.000125305036        -0.000095353834         0.000106856562         0.000265191973         0.000210303070         0.000000515591        -0.000140641568        -0.000062297946         0.000152157857         0.000272057037         0.000170348445        -0.000045683546        -0.000146704189        -0.000011807391         0.000183515714         0.000270075552
       -0.000036142018         0.000092373400        -0.000003701455        -0.000222452674        -0.000331118835        -0.000214570656         0.000002068283         0.000086549793        -0.000052801418        -0.000268553971        -0.000331736957        -0.000176541549         0.000029944963         0.000065186893        -0.000111133850        -0.000311674769        -0.000325762985        -0.000138260504         0.000044419336         0.000020939757        -0.000168341382        -0.000355815518
       -0.000032768609        -0.000051740053         0.000135697370         0.000330644190         0.000326537255         0.000129264405        -0.000048990240        -0.000015645312         0.000196119287         0.000362650071         0.000309109461         0.000095406279        -0.000047070717         0.000037997082         0.000262833838         0.000392020758         0.000288552471         0.000074898095        -0.000023678378         0.000103685862         0.000339833113
        0.000092298347        -0.000007749834        -0.000234786136        -0.000348074000        -0.000228497076        -0.000005433975         0.000080663205        -0.000064864860        -0.000289341499        -0.000356371745        -0.000197667889         0.000013924735         0.000048101120        -0.000135869186        -0.000345877649        -0.000359178741        -0.000176002886         0.000019701214        -0.000006504990        -0.000223478649
       -0.000127647498         0.000066080875         0.000267567871         0.000263277304         0.000059217644        -0.000125044318        -0.000090543388         0.000128090250         0.000300032796         0.000244548833         0.000023560214        -0.000123640389        -0.000035660506         0.000196306884         0.000326123009         0.000227975826        -0.000010569330        -0.000096093852         0.000037676772
        0.000130376341        -0.000103352425        -0.000219503082        -0.000094843608         0.000136760129         0.000226859601         0.000078128927        -0.000151928023        -0.000219323579        -0.000053398110         0.000167171360         0.000203759549         0.000016840833        -0.000195278891        -0.000213634951        -0.000000841164         0.000174412707         0.000165186424
       -0.000100198115         0.000106493886         0.000100417454        -0.000112183867        -0.000304331338        -0.000271042617        -0.000048138598         0.000126518218         0.000066104724        -0.000165410495        -0.000319449130        -0.000233363072         0.000001781443         0.000135065438         0.000011236329        -0.000204780171        -0.000326023769
        0.000044794201        -0.000073475655         0.000057193339         0.000298281908         0.000393586795         0.000243039648         0.000008643159        -0.000057631278         0.000117265912         0.000347058412         0.000389731546         0.000199350020        -0.000013586240        -0.000017832870         0.000176678285         0.000396293959
        0.000021882180         0.000014098264        -0.000206871946        -0.000406784599        -0.000374665542        -0.000147059037         0.000030594348        -0.000034639169        -0.000275145999        -0.000437757941        -0.000348869151        -0.000115988987         0.000019077549        -0.000096260123        -0.000352591780
       -0.000082849094         0.000052703509         0.000301996138         0.000401253544         0.000247069083         0.000006513890        -0.000060389010         0.000120787794         0.000359340717         0.000400779079         0.000215330639        -0.000014998727        -0.000014848326         0.000204230791
        0.000122562928        -0.000104797505        -0.000310486915        -0.000276998189        -0.000041957298         0.000141430054         0.000074253577        -0.000172860631        -0.000336384824        -0.000253947118         0.000007097478         0.000125312203         0.000008485237
       -0.000131019394         0.000124341548         0.000225078131         0.000064460438        -0.000185142598        -0.000254769918        -0.000070872114         0.000170692008         0.000218479863         0.000002182577        -0.000202936674        -0.000225116286
        0.000106022319        -0.000103680852        -0.000066759048         0.000177946993         0.000367778311         0.000302387748         0.000050878040        -0.000117139159        -0.000010205857         0.000224064860         0.000382273560
       -0.000053503017         0.000047859815        -0.000120193952        -0.000378075693        -0.000453404321        -0.000264869027        -0.000022079443         0.000014871471        -0.000180738743        -0.000432198528
       -0.000013394960         0.000026590409         0.000279083968         0.000476978489         0.000408000409         0.000159081384        -0.000015143151         0.000083509221         0.000357178474
        0.000077430492        -0.000095778023        -0.000361940822        -0.000435896279        -0.000253239153         0.000011269239         0.000041018582        -0.000175541411
       -0.000121420326         0.000137333427         0.000336697954         0.000275453733        -0.000004625094        -0.000157424639        -0.000062632460
        0.000134701092        -0.000135523602        -0.000217053976        -0.000002766074         0.000231576150         0.000289235077
       -0.000111707186         0.000092897747         0.000008844717        -0.000240642378        -0.000437653898
        0.000062304008        -0.000012066239         0.000180048278         0.000462372721
        0.000011778560        -0.000065342435        -0.000352781606
       -0.000071682392         0.000137184294
        0.000124319846
