       -0.031064632756        -0.031064632745        -0.031064632756        -0.031064632754        -0.031064632742        -0.031064632756        -0.031064632750        -0.031064632752        -0.031064632753        -0.031064632743        -0.031064632755        -0.031064632749        -0.031064632751        -0.031064632753        -0.031064632744        -0.031064632757        -0.031064632747        -0.031064632749        -0.031064632751        -0.031064632743        -0.031064632757        -0.031064632749        -0.031064632750        -0.031064632755        -0.031064632741        -0.031064632758
        0.019446042345         0.019446042348         0.019446042352         0.019446042340         0.019446042344         0.019446042349         0.019446042343         0.019446042348         0.019446042343         0.019446042343         0.019446042350         0.019446042340         0.019446042348         0.019446042341         0.019446042347         0.019446042351         0.019446042336         0.019446042346         0.019446042334         0.019446042350         0.019446042343         0.019446042352         0.019446042345         0.019446042350         0.019446042340         0.019446042356
       -0.009308352418        -0.009308352416        -0.009308352405        -0.009308352419        -0.009308352412        -0.009308352405        -0.009308352408        -0.009308352404        -0.009308352418        -0.009308352410        -0.009308352407        -0.009308352407        -0.009308352407        -0.009308352421        -0.009308352415        -0.009308352413        -0.009308352402        -0.009308352401        -0.009308352410        -0.009308352409        -0.009308352413        -0.009308352420        -0.009308352402        -0.009308352412        -0.009308352405        -0.009308352397
        0.005068796580         0.005068796679         0.005068796679         0.005068796685         0.005068796690         0.005068796578         0.005068796673         0.005068796690         0.005068796678         0.005068796683         0.005068796573         0.005068796681         0.005068796672         0.005068796677         0.005068796677         0.005068796582         0.005068796686         0.005068796629         0.005068796693         0.005068796685         0.005068796674         0.005068796740         0.005068796718         0.005068796619         0.005068796740         0.005068796608
       -0.003469485593        -0.003469485498        -0.003469485538        -0.003469485524        -0.003469485519        -0.003469485581        -0.003469485482        -0.003469485526        -0.003469485519        -0.003469485538        -0.003469485574        -0.003469485514        -0.003469485544        -0.003469485533        -0.003469485587        -0.003469485550        -0.003469485519        -0.003469485499        -0.003469485501        -0.003469485440        -0.003469485368        -0.003469485261        -0.003469485420        -0.003469485433        -0.003469485527        -0.003469485475
        0.002371301548         0.002371301767         0.002371301779         0.002371301683         0.002371301194         0.002371301632         0.002371301915         0.002371301812         0.002371301634         0.002371301146         0.002371301570         0.002371301706         0.002371301656         0.002371301462         0.002371301094         0.002371301440         0.002371301427         0.002371301796         0.002371301710         0.002371302077         0.002371302515         0.002371302264         0.002371301707         0.002371301991         0.002371301693         0.002371302585
       -0.001483335585        -0.001483335129        -0.001483335721        -0.001483336225        -0.001483336867        -0.001483335321        -0.001483335013        -0.001483335528        -0.001483336623        -0.001483336757        -0.001483335790        -0.001483335468        -0.001483336033        -0.001483337081        -0.001483336652        -0.001483336649        -0.001483336264        -0.001483336042        -0.001483335885        -0.001483335986        -0.001483335162        -0.001483336750        -0.001483337042        -0.001483336742        -0.001483334819        -0.001483336122
        0.000899319301         0.000899320623         0.000899323191         0.000899313900         0.000899322534         0.000899320344         0.000899320036         0.000899322998         0.000899313412         0.000899323280         0.000899319375         0.000899320033         0.000899322775         0.000899313831         0.000899323942         0.000899316859         0.000899321213         0.000899322755         0.000899317959         0.000899323873         0.000899322591         0.000899314359         0.000899326132         0.000899312601         0.000899323798         0.000899320058
       -0.000562125727        -0.000562129359        -0.000562122648        -0.000562123233        -0.000562128289        -0.000562126319        -0.000562128463        -0.000562122208        -0.000562122902        -0.000562128007        -0.000562125155        -0.000562128118        -0.000562122293        -0.000562123136        -0.000562125559        -0.000562124433        -0.000562129626        -0.000562126671        -0.000562128810        -0.000562132231        -0.000562124599        -0.000562127359        -0.000562126071        -0.000562123088        -0.000562131133        -0.000562117892
        0.000360807221         0.000360807610         0.000360796041         0.000360807155         0.000360806794         0.000360806598         0.000360806760         0.000360795046         0.000360807396         0.000360804965         0.000360805685         0.000360806175         0.000360795417         0.000360806325         0.000360800693         0.000360807101         0.000360809586         0.000360804665         0.000360813222         0.000360810056         0.000360799865         0.000360811515         0.000360797570         0.000360810379         0.000360804618         0.000360791419
       -0.000230320372        -0.000230311045        -0.000230311234        -0.000230319728        -0.000230318859        -0.000230319312        -0.000230309797        -0.000230310675        -0.000230318542        -0.000230316614        -0.000230318022        -0.000230309519        -0.000230310309        -0.000230313887        -0.000230314335        -0.000230320982        -0.000230318184        -0.000230321286        -0.000230325724        -0.000230314938        -0.000230316529        -0.000230315518        -0.000230314803        -0.000230321720        -0.000230307149        -0.000230310948
        0.000144905028         0.000144900392         0.000144905225         0.000144908653         0.000144908277         0.000144903995         0.000144899342         0.000144904212         0.000144906738         0.000144906430         0.000144903062         0.000144898689         0.000144901297         0.000144903084         0.000144907105         0.000144908790         0.000144909246         0.000144912977         0.000144910197         0.000144905103         0.000144906117         0.000144904763         0.000144908353         0.000144905045         0.000144899800         0.000144902769
       -0.000090887965        -0.000090888276        -0.000090890890        -0.000090891674        -0.000090890139        -0.000090887218        -0.000090887336        -0.000090889703        -0.000090890266        -0.000090889092        -0.000090886336        -0.000090885708        -0.000090887287        -0.000090889577        -0.000090891715        -0.000090892751        -0.000090894263        -0.000090894548        -0.000090892030        -0.000090890491        -0.000090890379        -0.000090890777        -0.000090890979        -0.000090888407        -0.000090886894        -0.000090884085
        0.000057316566         0.000057317335         0.000057317482         0.000057317240         0.000057316708         0.000057315931         0.000057316567         0.000057316645         0.000057316562         0.000057315929         0.000057314776         0.000057315372         0.000057316103         0.000057317683         0.000057318760         0.000057319647         0.000057319735         0.000057319475         0.000057318220         0.000057318188         0.000057317317         0.000057317406         0.000057317022         0.000057315530         0.000057313805         0.000057309055
       -0.000036249356        -0.000036249120        -0.000036248087        -0.000036248925        -0.000036248899        -0.000036248823        -0.000036248569        -0.000036247667        -0.000036248464        -0.000036247914        -0.000036248060        -0.000036248362        -0.000036248449        -0.000036249847        -0.000036250289        -0.000036250201        -0.000036250453        -0.000036249783        -0.000036250201        -0.000036249512        -0.000036248226        -0.000036248998        -0.000036247845        -0.000036246949        -0.000036244387        -0.000036239764
        0.000022874612         0.000022873477         0.000022873488         0.000022874425         0.000022874427         0.000022874203         0.000022873153         0.000022873192         0.000022873746         0.000022873733         0.000022874055         0.000022873745         0.000022874216         0.000022875075         0.000022874762         0.000022875042         0.000022874818         0.000022875047         0.000022875251         0.000022873831         0.000022873760         0.000022873724         0.000022872536         0.000022871836         0.000022867925         0.000022868023
       -0.000014391957        -0.000014391514        -0.000014391935        -0.000014392470        -0.000014392367        -0.000014391702        -0.000014391280        -0.000014391498        -0.000014391961        -0.000014392147        -0.000014392055        -0.000014392032        -0.000014392462        -0.000014392574        -0.000014392599        -0.000014392641        -0.000014392778        -0.000014393042        -0.000014392511        -0.000014391941        -0.000014391804        -0.000014391198        -0.000014390553        -0.000014388550        -0.000014387554        -0.000014388039
        0.000009047520         0.000009047504         0.000009047766         0.000009048005         0.000009047648         0.000009047342         0.000009047209         0.000009047440         0.000009047826         0.000009047796         0.000009047800         0.000009047898         0.000009047897         0.000009048095         0.000009048054         0.000009048253         0.000009048397         0.000009048220         0.000009048009         0.000009047645         0.000009047179         0.000009046812         0.000009045530         0.000009044981         0.000009044819         0.000009043976
       -0.000005689029        -0.000005689043        -0.000005689128        -0.000005689101        -0.000005688966        -0.000005688821        -0.000005688829        -0.000005689008        -0.000005689178        -0.000005689199        -0.000005689261        -0.000005689156        -0.000005689224        -0.000005689311        -0.000005689417        -0.000005689554        -0.000005689444        -0.000005689421        -0.000005689262        -0.000005688823        -0.000005688510        -0.000005687732        -0.000005687405        -0.000005687319        -0.000005686599        -0.000005686319
        0.000003575488         0.000003575452         0.000003575369         0.000003575443         0.000003575369         0.000003575338         0.000003575369         0.000003575418         0.000003575580         0.000003575620         0.000003575549         0.000003575533         0.000003575528         0.000003575694         0.000003575764         0.000003575708         0.000003575722         0.000003575675         0.000003575443         0.000003575176         0.000003574557         0.000003574452         0.000003574381         0.000003573927         0.000003573691         0.000003573119
       -0.000002244186        -0.000002244063        -0.000002244073        -0.000002244136        -0.000002244116        -0.000002244122        -0.000002244089        -0.000002244161        -0.000002244293        -0.000002244237        -0.000002244233        -0.000002244181        -0.000002244249        -0.000002244371        -0.000002244310        -0.000002244338        -0.000002244331        -0.000002244202        -0.000002244093        -0.000002243604        -0.000002243476        -0.000002243529        -0.000002243156        -0.000002243087        -0.000002242600        -0.000002242460
        0.000001406628         0.000001406587         0.000001406607         0.000001406665         0.000001406669         0.000001406637         0.000001406640         0.000001406711         0.000001406742         0.000001406732         0.000001406703         0.000001406711         0.000001406769         0.000001406779         0.000001406780         0.000001406795         0.000001406718         0.000001406674         0.000001406386         0.000001406236         0.000001406259         0.000001406045         0.000001405967         0.000001405702         0.000001405504         0.000001405607
       -0.000000880777        -0.000000880759        -0.000000880784        -0.000000880833        -0.000000880812        -0.000000880806        -0.000000880826        -0.000000880836        -0.000000880875        -0.000000880849        -0.000000880856        -0.000000880870        -0.000000880862        -0.000000880896        -0.000000880896        -0.000000880857        -0.000000880838        -0.000000880664        -0.000000880582        -0.000000880564        -0.000000880407        -0.000000880375        -0.000000880186        -0.000000880078        -0.000000880092        -0.000000879794
        0.000000550985         0.000000550982         0.000000551006         0.000000551023         0.000000551018         0.000000551026         0.000000551015         0.000000551035         0.000000551047         0.000000551047         0.000000551057         0.000000551035         0.000000551048         0.000000551071         0.000000551038         0.000000551037         0.000000550926         0.000000550882         0.000000550883         0.000000550755         0.000000550725         0.000000550613         0.000000550531         0.000000550556         0.000000550316         0.000000550410
       -0.000000344285        -0.000000344287        -0.000000344293        -0.000000344311        -0.000000344315        -0.000000344305        -0.000000344307        -0.000000344310        -0.000000344329        -0.000000344332        -0.000000344318        -0.000000344315        -0.000000344325        -0.000000344318        -0.000000344315        -0.000000344246        -0.000000344220        -0.000000344230        -0.000000344151        -0.000000344118        -0.000000344034        -0.000000343990        -0.000000344001        -0.000000343845        -0.000000343889        -0.000000343850
        0.000000214842         0.000000214838         0.000000214846         0.000000214863         0.000000214855         0.000000214854         0.000000214849         0.000000214859         0.000000214874         0.000000214861         0.000000214859         0.000000214858         0.000000214849         0.000000214859         0.000000214810         0.000000214796         0.000000214807         0.000000214757         0.000000214741         0.000000214675         0.000000214640         0.000000214657         0.000000214541         0.000000214580         0.000000214535         0.000000214520
       -0.000000133877        -0.000000133877        -0.000000133887        -0.000000133891        -0.000000133889        -0.000000133884        -0.000000133885        -0.000000133893        -0.000000133893        -0.000000133890        -0.000000133889        -0.000000133878        -0.000000133883        -0.000000133858        -0.000000133845        -0.000000133856        -0.000000133824        -0.000000133817        -0.000000133776        -0.000000133744        -0.000000133753        -0.000000133679        -0.000000133701        -0.000000133674        -0.000000133649        -0.000000133673
        0.000000083309         0.000000083311         0.000000083313         0.000000083318         0.000000083314         0.000000083313         0.000000083315         0.000000083314         0.000000083318         0.000000083316         0.000000083308         0.000000083308         0.000000083290         0.000000083286         0.000000083292         0.000000083273         0.000000083269         0.000000083244         0.000000083224         0.000000083226         0.000000083173         0.000000083191         0.000000083168         0.000000083153         0.000000083160         0.000000083136
       -0.000000051766        -0.000000051764        -0.000000051767        -0.000000051768        -0.000000051767        -0.000000051768        -0.000000051765        -0.000000051766        -0.000000051769        -0.000000051763        -0.000000051763        -0.000000051748        -0.000000051745        -0.000000051752        -0.000000051738        -0.000000051737        -0.000000051721        -0.000000051709        -0.000000051711        -0.000000051672        -0.000000051683        -0.000000051669        -0.000000051655        -0.000000051661        -0.000000051639        -0.000000051640
        0.000000032112         0.000000032112         0.000000032113         0.000000032115         0.000000032114         0.000000032112         0.000000032111         0.000000032112         0.000000032111         0.000000032110         0.000000032101         0.000000032097         0.000000032101         0.000000032094         0.000000032092         0.000000032082         0.000000032075         0.000000032077         0.000000032052         0.000000032056         0.000000032046         0.000000032037         0.000000032039         0.000000032025         0.000000032022         0.000000032007
       -0.000000019886        -0.000000019885        -0.000000019886        -0.000000019888        -0.000000019886        -0.000000019885        -0.000000019885        -0.000000019883        -0.000000019884        -0.000000019878        -0.000000019875        -0.000000019877        -0.000000019871        -0.000000019872        -0.000000019865        -0.000000019860        -0.000000019862        -0.000000019846        -0.000000019849        -0.000000019840        -0.000000019833        -0.000000019835        -0.000000019824        -0.000000019823        -0.000000019810        -0.000000019794
        0.000000012291         0.000000012291         0.000000012292         0.000000012292         0.000000012291         0.000000012290         0.000000012289         0.000000012289         0.000000012286         0.000000012284         0.000000012285         0.000000012281         0.000000012281         0.000000012277         0.000000012274         0.000000012275         0.000000012264         0.000000012267         0.000000012261         0.000000012255         0.000000012256         0.000000012249         0.000000012247         0.000000012239         0.000000012226         0.000000012218
       -0.000000007582        -0.000000007582        -0.000000007582        -0.000000007582        -0.000000007581        -0.000000007580        -0.000000007580        -0.000000007578        -0.000000007577        -0.000000007577        -0.000000007574        -0.000000007574        -0.000000007571        -0.000000007570        -0.000000007571        -0.000000007563        -0.000000007565        -0.000000007562        -0.000000007558        -0.000000007557        -0.000000007552        -0.000000007551        -0.000000007545        -0.000000007537        -0.000000007530        -0.000000007523
        0.000000004667         0.000000004666         0.000000004666         0.000000004666         0.000000004665         0.000000004665         0.000000004663         0.000000004663         0.000000004664         0.000000004661         0.000000004661         0.000000004659         0.000000004658         0.000000004659         0.000000004654         0.000000004655         0.000000004653         0.000000004650         0.000000004650         0.000000004646         0.000000004645         0.000000004641         0.000000004635         0.000000004631         0.000000004625         0.000000004619
       -0.000000002865        -0.000000002865        -0.000000002865        -0.000000002865        -0.000000002865        -0.000000002863        -0.000000002863        -0.000000002863        -0.000000002862        -0.000000002862        -0.000000002860        -0.000000002859        -0.000000002860        -0.000000002857        -0.000000002858        -0.000000002856        -0.000000002854        -0.000000002854        -0.000000002851        -0.000000002850        -0.000000002847        -0.000000002843        -0.000000002840        -0.000000002837        -0.000000002832        -0.000000002825
        0.000000001755         0.000000001754         0.000000001754         0.000000001754         0.000000001753         0.000000001753         0.000000001753         0.000000001752         0.000000001752         0.000000001751         0.000000001750         0.000000001751         0.000000001749         0.000000001749         0.000000001748         0.000000001747         0.000000001747         0.000000001745         0.000000001745         0.000000001742         0.000000001740         0.000000001737         0.000000001735         0.000000001732         0.000000001727         0.000000001724
       -0.000000001071        -0.000000001071        -0.000000001071        -0.000000001071        -0.000000001070        -0.000000001070        -0.000000001070        -0.000000001070        -0.000000001069        -0.000000001069        -0.000000001069        -0.000000001067        -0.000000001068        -0.000000001067        -0.000000001066        -0.000000001066        -0.000000001065        -0.000000001064        -0.000000001063        -0.000000001061        -0.000000001060        -0.000000001058        -0.000000001056        -0.000000001052        -0.000000001050        -0.000000001049
        0.000000000652         0.000000000652         0.000000000651         0.000000000651         0.000000000651         0.000000000651         0.000000000651         0.000000000650         0.000000000650         0.000000000650         0.000000000649         0.000000000649         0.000000000649         0.000000000649         0.000000000648         0.000000000648         0.000000000647         0.000000000646         0.000000000645         0.000000000644         0.000000000643         0.000000000641         0.000000000639         0.000000000637         0.000000000637         0.000000000638
       -0.000000000395        -0.000000000395        -0.000000000395        -0.000000000395        -0.000000000395        -0.000000000395        -0.000000000394        -0.000000000394        -0.000000000394        -0.000000000394        -0.000000000394        -0.000000000393        -0.000000000393        -0.000000000393        -0.000000000392        -0.000000000392        -0.000000000392        -0.000000000391        -0.000000000390        -0.000000000389        -0.000000000388        -0.000000000387        -0.000000000385        -0.000000000385        -0.000000000385        -0.000000000386
        0.000000000239         0.000000000238         0.000000000239         0.000000000238         0.000000000238         0.000000000238         0.000000000238         0.000000000238         0.000000000238         0.000000000238         0.000000000237         0.000000000237         0.000000000237         0.000000000237         0.000000000237         0.000000000236         0.000000000236         0.000000000235         0.000000000235         0.000000000234         0.000000000233         0.000000000232         0.000000000232         0.000000000232         0.000000000232         0.000000000232
       -0.000000000143        -0.000000000143        -0.000000000143        -0.000000000143        -0.000000000143        -0.000000000143        -0.000000000143        -0.000000000143        -0.000000000143        -0.000000000143        -0.000000000142        -0.000000000142        -0.000000000142        -0.000000000142        -0.000000000142        -0.000000000141        -0.000000000141        -0.000000000141        -0.000000000140        -0.000000000139        -0.000000000139        -0.000000000139        -0.000000000139        -0.000000000139        -0.000000000139        -0.000000000138
        0.000000000086         0.000000000086         0.000000000086         0.000000000086         0.000000000085         0.000000000085         0.000000000085         0.000000000085         0.000000000085         0.000000000085         0.000000000085         0.000000000085         0.000000000085         0.000000000085         0.000000000084         0.000000000084         0.000000000084         0.000000000084         0.000000000083         0.000000000083         0.000000000082         0.000000000083         0.000000000083         0.000000000082         0.000000000082         0.000000000082
       -0.000000000051        -0.000000000051        -0.000000000051        -0.000000000051        -0.000000000051        -0.000000000051        -0.000000000051        -0.000000000051        -0.000000000050        -0.000000000050        -0.000000000050        -0.000000000050        -0.000000000050        -0.000000000050        -0.000000000050        -0.000000000050        -0.000000000049        -0.000000000049        -0.000000000049        -0.000000000049        -0.000000000049        -0.000000000049        -0.000000000049        -0.000000000048        -0.000000000048        -0.000000000048
        0.000000000030         0.000000000030         0.000000000030         0.000000000030         0.000000000030         0.000000000030         0.000000000030         0.000000000030         0.000000000030         0.000000000030         0.000000000030         0.000000000030         0.000000000029         0.000000000029         0.000000000029         0.000000000029         0.000000000029         0.000000000029         0.000000000029         0.000000000029         0.000000000029         0.000000000028         0.000000000028         0.000000000028         0.000000000028         0.000000000028
       -0.000000000017        -0.000000000017        -0.000000000017        -0.000000000017        -0.000000000017        -0.000000000017        -0.000000000017        -0.000000000017        -0.000000000017        -0.000000000017        -0.000000000017        -0.000000000017        -0.000000000017        -0.000000000017        -0.000000000017        -0.000000000017        -0.000000000017        -0.000000000017        -0.000000000017        -0.000000000017        -0.000000000016        -0.000000000016        -0.000000000016        -0.000000000016        -0.000000000016        -0.000000000016
        0.000000000010         0.000000000010         0.000000000010         0.000000000010         0.000000000010         0.000000000010         0.000000000010         0.000000000010         0.000000000010         0.000000000010         0.000000000010         0.000000000010         0.000000000010         0.000000000010         0.000000000010         0.000000000010         0.000000000009         0.000000000009         0.000000000009         0.000000000009         0.000000000009         0.000000000009         0.000000000009         0.000000000009         0.000000000009         0.000000000010
       -0.000000000006        -0.000000000006        -0.000000000006        -0.000000000006        -0.000000000006        -0.000000000006        -0.000000000006        -0.000000000006        -0.000000000006        -0.000000000006        -0.000000000006        -0.000000000006        -0.000000000005        -0.000000000005        -0.000000000005        -0.000000000005        -0.000000000005        -0.000000000005        -0.000000000005        -0.000000000005        -0.000000000005        -0.000000000005        -0.000000000005        -0.000000000005        -0.000000000005        -0.000000000007
        0.000000000003         0.000000000003         0.000000000003         0.000000000003         0.000000000003         0.000000000003         0.000000000003         0.000000000003         0.000000000003         0.000000000003         0.000000000003         0.000000000003         0.000000000003         0.000000000003         0.000000000003         0.000000000003         0.000000000003         0.000000000003         0.000000000003         0.000000000003         0.000000000003         0.000000000003         0.000000000003         0.000000000003         0.000000000004         0.000000000003
       -0.000000000002        -0.000000000002        -0.000000000002        -0.000000000002        -0.000000000002        -0.000000000002        -0.000000000002        -0.000000000002        -0.000000000002        -0.000000000002        -0.000000000002        -0.000000000002        -0.000000000002        -0.000000000002        -0.000000000002        -0.000000000002        -0.000000000002        -0.000000000002        -0.000000000001        -0.000000000002        -0.000000000002        -0.000000000001        -0.000000000002        -0.000000000002        -0.000000000002         0.000000000007
        0.000000000001         0.000000000001         0.000000000001         0.000000000001         0.000000000001         0.000000000001         0.000000000001         0.000000000001         0.000000000001         0.000000000001         0.000000000001         0.000000000001         0.000000000001         0.000000000001         0.000000000001         0.000000000001         0.000000000001         0.000000000001         0.000000000001         0.000000000001         0.000000000001         0.000000000001         0.000000000001         0.000000000001        -0.000000000005
       -0.000000000000        -0.000000000000        -0.000000000000        -0.000000000000        -0.000000000000        -0.000000000000        -0.000000000000        -0.000000000000        -0.000000000000        -0.000000000000        -0.000000000000        -0.000000000000        -0.000000000000        -0.000000000000        -0.000000000000        -0.000000000000        -0.000000000000        -0.000000000000        -0.000000000000        -0.000000000000        -0.000000000000        -0.000000000001        -0.000000000000         0.000000000003
        0.000000000000         0.000000000000         0.000000000000         0.000000000000         0.000000000000         0.000000000000         0.000000000000         0.000000000000         0.000000000000         0.000000000000         0.000000000000         0.000000000000         0.000000000000         0.000000000000         0.000000000000         0.000000000000         0.000000000000         0.000000000000         0.000000000000         0.000000000000         0.000000000000         0.000000000000        -0.000000000002
       -0.000000000000        -0.000000000000        -0.000000000000        -0.000000000000        -0.000000000000        -0.000000000000        -0.000000000000        -0.000000000000        -0.000000000000        -0.000000000000        -0.000000000000        -0.000000000000        -0.000000000000        -0.000000000000        -0.000000000000        -0.000000000000        -0.000000000000        -0.000000000000        -0.000000000000        -0.000000000000        -0.000000000000         0.000000000001
        0.000000000000         0.000000000000         0.000000000000         0.000000000000         0.000000000000         0.000000000000         0.000000000000        -0.000000000000        -0.000000000000        -0.000000000000        -0.000000000000        -0.000000000000        -0.000000000000        -0.000000000000        -0.000000000000        -0.000000000000        -0.000000000000        -0.000000000000         0.000000000000         0.000000000000        -0.000000000001
        0.000000000000         0.000000000000         0.000000000000         0.000000000000         0.000000000000         0.000000000000         0.000000000000         0.000000000000         0.000000000000         0.000000000000         0.000000000000         0.000000000000         0.000000000000         0.000000000000         0.000000000000         0.000000000000         0.000000000000        -0.000000000000         0.000000000000         0.000000000001
       -0.000000000000        -0.000000000000        -0.000000000000        -0.000000000000        -0.000000000000        -0.000000000000        -0.000000000000        -0.000000000000        -0.000000000000        -0.000000000000        -0.000000000000        -0.000000000000        -0.000000000000        -0.000000000000        -0.000000000000        -0.000000000000        -0.000000000000        -0.000000000000        -0.000000000000
        0.000000000000         0.000000000000         0.000000000000         0.000000000000         0.000000000000         0.000000000000         0.000000000000         0.000000000000         0.000000000000         0.000000000000         0.000000000000         0.000000000000         0.000000000000         0.000000000000         0.000000000000         0.000000000000         0.000000000000         0.000000000000
       -0.000000000000        -0.000000000000        -0.000000000000        -0.000000000000        -0.000000000000        -0.000000000000        -0.000000000000        -0.000000000000        -0.000000000000        -0.000000000000        -0.000000000000        -0.000000000000        -0.000000000000        -0.000000000000        -0.000000000000        -0.000000000000        -0.000000000000
        0.000000000000         0.000000000000         0.000000000000         0.000000000000         0.000000000000         0.000000000000         0.000000000000         0.000000000000         0.000000000000         0.000000000000         0.000000000000         0.000000000000         0.000000000000         0.000000000000         0.000000000000         0.000000000000
       -0.000000000000        -0.000000000000        -0.000000000000        -0.000000000000        -0.000000000000        -0.000000000000        -0.000000000000        -0.000000000000        -0.000000000000        -0.000000000000        -0.000000000000        -0.000000000000        -0.000000000000        -0.000000000000        -0.000000000000
        0.000000000000         0.000000000000         0.000000000000         0.000000000000         0.000000000000         0.000000000000         0.000000000000         0.000000000000         0.000000000000         0.000000000000         0.000000000000         0.000000000000         0.000000000000         0.000000000000
       -0.000000000000        -0.000000000000        -0.000000000000        -0.000000000000        -0.000000000000        -0.000000000000        -0.000000000000        -0.000000000000        -0.000000000000        -0.000000000000        -0.000000000000        -0.000000000000        -0.000000000000
        0.000000000000         0.000000000000         0.000000000000         0.000000000000         0.000000000000         0.000000000000         0.000000000000         0.000000000000         0.000000000000         0.000000000000         0.000000000000         0.000000000000
       -0.000000000000        -0.000000000000        -0.000000000000        -0.000000000000        -0.000000000000        -0.000000000000        -0.000000000000        -0.000000000000        -0.000000000000        -0.000000000000        -0.000000000000
        0.000000000000         0.000000000000         0.000000000000         0.000000000000         0.000000000000         0.000000000000         0.000000000000         0.000000000000         0.000000000000         0.000000000000
       -0.000000000000        -0.000000000000        -0.000000000000        -0.000000000000        -0.000000000000        -0.000000000000        -0.000000000000        -0.000000000000        -0.000000000000
        0.000000000000         0.000000000000         0.000000000000         0.000000000000         0.000000000000         0.000000000000         0.000000000000         0.000000000000
       -0.000000000000        -0.000000000000        -0.000000000000        -0.000000000000        -0.000000000000        -0.000000000000        -0.000000000000
        0.000000000000         0.000000000000         0.000000000000         0.000000000000         0.000000000000         0.000000000000
       -0.000000000000        -0.000000000000        -0.000000000000        -0.000000000000        -0.000000000000
        0.000000000000         0.000000000000         0.000000000000         0.000000000000
       -0.000000000000        -0.000000000000        -0.000000000000
        0.000000000000         0.000000000000
       -0.000000000000
