       -0.004118318327        -0.004053528116        -0.004109660636        -0.004060195207        -0.004101885200        -0.004067413330        -0.004094939816        -0.004075070960        -0.004088826452        -0.004083063482        -0.004083433616        -0.004091259290        -0.004078729366        -0.004099602903        -0.004074648769        -0.004108065903        -0.004071146227        -0.004116594886        -0.004068199301        -0.004125201699        -0.004065790851        -0.004133824626        -0.004063875403        -0.004142492678        -0.004062466202        -0.004151098500
        0.001596986809         0.001570967311         0.001595621309         0.001569966330         0.001595008040         0.001570002917         0.001595154896         0.001571003027         0.001596058527         0.001572853766         0.001597638368         0.001575477297         0.001599898514         0.001578832492         0.001602794463         0.001582847574         0.001606264141         0.001587494339         0.001610317159         0.001592728531         0.001614844355         0.001598465210         0.001619865089         0.001604645051         0.001625159100         0.001611170494
       -0.001022168350        -0.001076431455        -0.001027592683        -0.001069122289        -0.001033498874        -0.001062160794        -0.001039929150        -0.001055828572        -0.001046879104        -0.001050233145        -0.001054391162        -0.001045531251        -0.001062382603        -0.001041803816        -0.001070945643        -0.001039109658        -0.001079982819        -0.001037427390        -0.001089462440        -0.001036741175        -0.001099326623        -0.001036969628        -0.001109347139        -0.001037880122        -0.001119398674        -0.001039464243
        0.000847568326         0.000853274014         0.000846579001         0.000852374953         0.000845647792         0.000851505689         0.000845005431         0.000850963984         0.000844883799         0.000850944894         0.000845448862         0.000851711370         0.000846861552         0.000853352751         0.000849201604         0.000855906045         0.000852447967         0.000859369961         0.000856551358         0.000863662425         0.000861395669         0.000868617133         0.000866814599         0.000873984166         0.000872571407         0.000879534355
       -0.000710491082        -0.000733836777        -0.000712334400        -0.000729509043        -0.000714174339        -0.000725185382        -0.000716301952        -0.000721268841        -0.000718962945        -0.000718134188        -0.000722378013        -0.000716039131        -0.000726737481        -0.000715152748        -0.000732091164        -0.000715533473        -0.000738408074        -0.000717173606        -0.000745608244        -0.000719960570        -0.000753473543        -0.000723624937        -0.000761771179        -0.000727988045        -0.000770166239        -0.000732605686
        0.000659214035         0.000651443074         0.000657705043         0.000649840006         0.000656076190         0.000648369889         0.000654775029         0.000647464937         0.000654196639         0.000647508800         0.000654627478         0.000648755808         0.000656299294         0.000651356424         0.000659298054         0.000655327276         0.000663602127         0.000660615359         0.000669076184         0.000667006392         0.000675496429         0.000674182883         0.000682528447         0.000681808179         0.000689806969         0.000689407846
       -0.000600962165        -0.000614424911        -0.000601125226        -0.000610313311        -0.000601257770        -0.000606360396        -0.000601843968        -0.000603114315        -0.000603320833        -0.000601020038        -0.000606003375        -0.000600404919        -0.000610079544        -0.000601437401        -0.000615612144        -0.000604146294        -0.000622546112        -0.000608421384        -0.000630670348        -0.000614005991        -0.000639683821        -0.000620544232        -0.000649145978        -0.000627606082        -0.000658572542        -0.000634652213
        0.000581397568         0.000576503700         0.000579059047         0.000574043019         0.000576724042         0.000571898812         0.000574982575         0.000570662673         0.000574349330         0.000570779258         0.000575200951         0.000572569339         0.000577734783         0.000576180939         0.000582015590         0.000581588508         0.000587967366         0.000588598895         0.000595314779         0.000596861799         0.000603724327         0.000605926437         0.000612674099         0.000615226057         0.000621593363         0.000624153880
       -0.000547163974        -0.000554803224        -0.000545786361        -0.000550474597        -0.000544591647        -0.000546614275        -0.000544212760        -0.000543883313        -0.000545178541        -0.000542778093        -0.000547860181        -0.000543629757        -0.000552435610        -0.000546583338        -0.000558910020        -0.000551590826        -0.000567141372        -0.000558396323        -0.000576749894        -0.000566608246        -0.000587293755        -0.000575704127        -0.000598162733        -0.000585011001        -0.000608674370        -0.000593862703
        0.000532602480         0.000527248363         0.000529331180         0.000523962257         0.000526397933         0.000521402698         0.000524503021         0.000520247887         0.000524219871         0.000520991506         0.000525925643         0.000523934604         0.000529809218         0.000529165531         0.000535848189         0.000536562765         0.000543844779         0.000545756885         0.000553384668         0.000556258210         0.000563925019         0.000567427781         0.000574796839         0.000578477312         0.000585240835         0.000588651954
       -0.000505920102        -0.000509911368        -0.000503198437        -0.000505235557        -0.000501081881        -0.000501508267        -0.000500296139        -0.000499454026        -0.000501414197        -0.000499577851        -0.000504780724        -0.000502186870        -0.000510546352        -0.000507333960        -0.000518610348        -0.000514842763        -0.000528664917        -0.000524298973        -0.000540198533        -0.000535132100        -0.000552544750        -0.000546621563        -0.000564929371        -0.000557901876        -0.000576494540        -0.000568147666
        0.000491124054         0.000486011338         0.000486974721         0.000482040657         0.000483660570         0.000479343439         0.000481949075         0.000478649107         0.000482421268         0.000480436791         0.000485424073         0.000484964193         0.000491085192         0.000492202084         0.000499242208         0.000501862592         0.000509545312         0.000513423558         0.000521410754         0.000526184613         0.000534082436         0.000539308301         0.000546722884         0.000551824872         0.000558396174         0.000562837453
       -0.000466283543        -0.000467897381        -0.000462452753        -0.000462955937        -0.000459798073        -0.000459568230        -0.000459094579        -0.000458476389        -0.000460899054        -0.000460160617        -0.000465513127        -0.000464850767        -0.000472992985        -0.000472451207        -0.000483062665        -0.000482628681        -0.000495262032        -0.000494789590        -0.000508880235        -0.000508141824        -0.000523042388        -0.000521776204        -0.000536803510        -0.000534640876        -0.000549150750        -0.000545773482
        0.000449070390         0.000443727727         0.000444220598         0.000439337621         0.000440834009         0.000436886128         0.000439695605         0.000437099971         0.000441359964         0.000440413674         0.000446103430         0.000446977217         0.000453920117         0.000456577581         0.000464489218         0.000468763919         0.000477278367         0.000482803997         0.000491493266         0.000497780855         0.000506184854         0.000512667006         0.000520323777         0.000526324552         0.000532834335         0.000537718292
       -0.000423530966        -0.000423639262        -0.000418911571        -0.000418664153        -0.000416154152        -0.000415939716        -0.000416035882        -0.000416192436        -0.000419066075        -0.000419829201        -0.000425447947        -0.000426933313        -0.000435063670        -0.000437246268        -0.000447474018        -0.000450238721        -0.000462005631        -0.000465091343        -0.000477740291        -0.000480811111        -0.000493609530        -0.000496277027        -0.000508486653        -0.000510289497        -0.000521222621        -0.000521739906
        0.000403566762         0.000397878433         0.000398309353         0.000393428778         0.000395232230         0.000391664758         0.000395109967         0.000393271546         0.000398425245         0.000398580165         0.000405316952         0.000407555643         0.000415625108         0.000419814157         0.000428832852         0.000434678012         0.000444179084         0.000451190511         0.000460674434         0.000468231122         0.000477156762         0.000484568934         0.000492431686         0.000498926170         0.000505278760         0.000510142446
       -0.000376259644        -0.000375534554        -0.000371252810        -0.000370862219        -0.000368879030        -0.000369211051        -0.000369876006        -0.000371241859        -0.000374655030        -0.000377215977        -0.000383241790        -0.000387055953        -0.000395353126        -0.000400292780        -0.000410326397        -0.000416159342        -0.000427257547        -0.000433620614        -0.000445029191        -0.000451458203        -0.000462365319        -0.000468368356        -0.000477981590        -0.000483001709        -0.000490604582        -0.000494141750
        0.000353732089         0.000347609042         0.000348445447         0.000343547631         0.000346133524         0.000342972605         0.000347509850         0.000346476384         0.000352917857         0.000354199785         0.000362344817         0.000365937059         0.000375419908         0.000381067330         0.000391397948         0.000398666745         0.000409292198         0.000417560707         0.000427891202         0.000436405399         0.000445846962         0.000453796637         0.000461793935         0.000468327161         0.000474404443         0.000478761074
       -0.000324291241        -0.000323277226        -0.000319378182        -0.000319339753        -0.000317924785        -0.000319232153        -0.000320582385        -0.000323477381        -0.000327578223        -0.000332174528        -0.000338775527        -0.000345023954        -0.000353654431        -0.000361320491        -0.000371310984        -0.000380050799        -0.000390615013        -0.000399940344        -0.000410225673        -0.000419567953        -0.000428689131        -0.000437444050        -0.000444569568        -0.000452106311        -0.000456516884        -0.000462287008
        0.000299671300         0.000293170014         0.000294822823         0.000290013147         0.000293785621         0.000291165269         0.000297142320         0.000297030600         0.000305082023         0.000307576203         0.000317373784         0.000322350211         0.000333415978         0.000340475086         0.000352217622         0.000360781395         0.000372546472         0.000381852852         0.000392985117         0.000402149350         0.000411994649         0.000420102013         0.000428074042         0.000434220349         0.000439840133         0.000443234497
       -0.000268166918        -0.000267323850        -0.000263894479        -0.000264623446        -0.000263936986        -0.000266544761        -0.000268762506        -0.000273451324        -0.000278433550        -0.000285208921        -0.000292572125        -0.000301282912        -0.000310400961        -0.000320700690        -0.000330772302        -0.000342186383        -0.000352307364        -0.000364240237        -0.000373462782        -0.000385231255        -0.000392613890        -0.000403521764        -0.000408217811        -0.000417584724        -0.000418885653        -0.000426130976
        0.000242039601         0.000235326456         0.000238165107         0.000233648430         0.000238928772         0.000237041428         0.000244759526         0.000245738275         0.000255619934         0.000259449676         0.000271052947         0.000277456711         0.000290184398         0.000298615481         0.000311764239         0.000321490425         0.000334326674         0.000344442168         0.000356237126         0.000365740870         0.000375800981         0.000383698304         0.000391427038         0.000396776819         0.000401706635         0.000403733927
       -0.000208822015        -0.000208549162        -0.000205798447        -0.000207619518        -0.000207890378        -0.000212077689        -0.000215400930        -0.000222051081        -0.000228143573        -0.000237167578        -0.000245477862        -0.000256605775        -0.000266354763        -0.000279112398        -0.000289362958        -0.000303159624        -0.000312890235        -0.000327010288        -0.000335194551        -0.000348858349        -0.000354521756        -0.000366961688        -0.000369257096        -0.000379762138        -0.000378031962        -0.000386006421
        0.000181829182         0.000175185595         0.000179499702         0.000175551102         0.000182614933         0.000181720578         0.000191374444         0.000193665434         0.000205511935         0.000210818832         0.000224285184         0.000232173932         0.000246535452         0.000256299986         0.000270761092         0.000281508562         0.000295249109         0.000305941226         0.000318178899         0.000327718787         0.000337738047         0.000345068484         0.000352282682         0.000356465326         0.000360429057         0.000360729009
       -0.000147459604        -0.000148080052        -0.000146287346        -0.000149489301        -0.000151008783        -0.000156962873        -0.000161671733        -0.000170386601        -0.000177819115        -0.000189086026        -0.000198522824        -0.000211939159        -0.000222441867        -0.000237416384        -0.000247910378        -0.000263723718        -0.000273086096        -0.000288917274        -0.000296063883        -0.000311051249        -0.000314990978        -0.000328320800        -0.000328242600        -0.000339183114        -0.000334502762        -0.000342480815
        0.000120236567         0.000114016037         0.000120060002         0.000117027789         0.000126052994         0.000126467898         0.000138179589         0.000142021852         0.000155876725         0.000162815844         0.000178102417         0.000187532479         0.000203415179         0.000214460274         0.000230045101         0.000241661386         0.000256060504         0.000267092759         0.000279484183         0.000288755860         0.000298427665         0.000304856763         0.000311238995         0.000313917446         0.000316618940         0.000314855816
       -0.000085405874        -0.000087216059        -0.000086729897        -0.000091519197        -0.000094623713        -0.000102478454        -0.000108855688        -0.000119666333        -0.000128664969        -0.000142089438        -0.000152812155        -0.000168322769        -0.000179667571        -0.000196542447        -0.000207312082        -0.000224715901        -0.000233704369        -0.000250719488        -0.000256802143        -0.000272512333        -0.000274715852        -0.000288269551        -0.000285846797        -0.000296526846        -0.000288963117        -0.000296271255
        0.000058601374         0.000053236534         0.000061178991         0.000059469000         0.000070571370         0.000072630359         0.000086436456         0.000092082174         0.000107895133         0.000116617694         0.000133600421         0.000144608733         0.000161808805         0.000174063472         0.000190506170         0.000202823960         0.000217564672         0.000228687708         0.000240894074         0.000249599687         0.000258568623         0.000263783572         0.000268993937         0.000269839182         0.000271001957         0.000266928786
       -0.000024111800        -0.000027338216        -0.000028553364        -0.000035092511        -0.000040123396        -0.000049946321        -0.000058271291        -0.000071135198        -0.000081903902        -0.000097338082        -0.000109467763        -0.000126805401        -0.000139043374        -0.000157441448        -0.000168483132        -0.000186994997        -0.000195568784        -0.000213207748        -0.000218181401        -0.000233982108        -0.000234432450        -0.000247541800        -0.000242780026        -0.000252549391        -0.000242223164        -0.000248207671
       -0.000001671160        -0.000005692111         0.000004266149         0.000004303950         0.000017522422         0.000021571932         0.000037423333         0.000045116675         0.000062761508         0.000073393427         0.000091861973         0.000104459623         0.000122698917         0.000136065882         0.000153028974         0.000165855198         0.000180571508         0.000191526247         0.000203158581         0.000211008477         0.000218894833         0.000222574297         0.000226293017         0.000225050925         0.000224385388         0.000217791217
        0.000034946145         0.000030113182         0.000026793261         0.000018400317         0.000011105152        -0.000000686992        -0.000011213709        -0.000026030622        -0.000038730103        -0.000055957302        -0.000069570825        -0.000088409412        -0.000101545953        -0.000121032266        -0.000132296638        -0.000151398965        -0.000159485522        -0.000177152208        -0.000180957042        -0.000196207920        -0.000194853049        -0.000206890105        -0.000199838657        -0.000208057173        -0.000195089735        -0.000199169997
       -0.000059132566        -0.000061300247        -0.000049274669        -0.000047053872        -0.000031756859        -0.000025383403        -0.000007604985         0.000002348788         0.000021618817         0.000034252009         0.000053925143         0.000068085278         0.000087015166         0.000101358329         0.000118455619         0.000131571408         0.000145846538         0.000156367236         0.000167010683         0.000173690947         0.000180134043         0.000182014848         0.000183905231         0.000180342148         0.000177601109         0.000168342130
        0.000090294776         0.000083714644         0.000077889305         0.000067597523         0.000057728889         0.000044018468         0.000031083899         0.000014477871        -0.000000261514        -0.000019009148        -0.000034127051        -0.000054083333        -0.000068066309        -0.000088169244        -0.000099561159        -0.000118697890        -0.000126196904        -0.000143282800        -0.000145811497        -0.000159907486        -0.000156724966        -0.000167064904        -0.000157762012        -0.000163858389        -0.000148401792        -0.000150076424
       -0.000112359188        -0.000112156954        -0.000098078431        -0.000093257939        -0.000075981003        -0.000066987673        -0.000047474035        -0.000035089533        -0.000014467642         0.000000209102         0.000020737660         0.000036381332         0.000055604510         0.000070746172         0.000087540852         0.000100704566         0.000114094418         0.000123875733         0.000133132245         0.000138368420         0.000142988204         0.000142812136         0.000142579174         0.000136514932         0.000131497086         0.000119497193
        0.000140508143         0.000132091385         0.000123391317         0.000111201285         0.000098501811         0.000082982080         0.000067492153         0.000049313458         0.000032491795         0.000012551464        -0.000004021856        -0.000024674403        -0.000039391849        -0.000059600066        -0.000070982094        -0.000089581051        -0.000096332183        -0.000112258534        -0.000113416585        -0.000125750822        -0.000120695153        -0.000128777100        -0.000117280841        -0.000120758228        -0.000102992987        -0.000101851089
       -0.000159983345        -0.000156918605        -0.000140853104        -0.000133059521        -0.000113966924        -0.000102108814        -0.000081113378        -0.000066188944        -0.000044552657        -0.000027855271        -0.000006869291         0.000010121903         0.000029191278         0.000044914053         0.000060940625         0.000073856160         0.000085930274         0.000094685762         0.000102136455         0.000105643965         0.000108100189         0.000105647242         0.000103040238         0.000094348740         0.000086906990         0.000072161418
        0.000184255070         0.000173951299         0.000162061588         0.000148026125         0.000132303186         0.000115132303         0.000097015677         0.000077533132         0.000058667746         0.000037902366         0.000019995927        -0.000000890975        -0.000016173450        -0.000035955883        -0.000047118449        -0.000064630897        -0.000070468291        -0.000084650355        -0.000084308382        -0.000094332209        -0.000087365383        -0.000092697362        -0.000079083660        -0.000079531317        -0.000059667205        -0.000055401265
       -0.000200726784        -0.000194355506        -0.000176425872        -0.000165344909        -0.000144656900        -0.000129761105        -0.000107596491        -0.000090100778        -0.000067836593        -0.000049213363        -0.000028216489        -0.000010070844         0.000008367567         0.000024385277         0.000039187931         0.000051556259         0.000061862511         0.000069280645         0.000074543519         0.000076059621         0.000076054081         0.000071143577         0.000065964909         0.000054578920         0.000044630124         0.000027213214
        0.000220323911         0.000208129204         0.000192804480         0.000177022280         0.000158167476         0.000139552810         0.000118829370         0.000098353770         0.000077569054         0.000056387311         0.000037342725         0.000016706949         0.000001112455        -0.000017729408        -0.000028438344        -0.000044305533        -0.000049017144        -0.000060921264        -0.000058944210        -0.000066171408        -0.000057262087        -0.000059432754        -0.000043797725        -0.000040904422        -0.000019185420        -0.000011605386
       -0.000233443124        -0.000223387737        -0.000203766598        -0.000189165898        -0.000167156193        -0.000149139580        -0.000126167460        -0.000106155011        -0.000083696388        -0.000063316452        -0.000042786718        -0.000023762242        -0.000006426877         0.000009574154         0.000022674863         0.000034157083         0.000042276392         0.000048049982         0.000050782126         0.000050067889         0.000047353693         0.000039850252         0.000031965859         0.000017885999         0.000005421799        -0.000014506815
        0.000247657962         0.000233611101         0.000214696609         0.000197312205         0.000175317257         0.000155510481         0.000132297089         0.000111180891         0.000088688596         0.000067526857         0.000047633221         0.000027725748         0.000012116080        -0.000005256171        -0.000015220374        -0.000028926173        -0.000032280731        -0.000041427897        -0.000037675974        -0.000041694294        -0.000030821958        -0.000029514068        -0.000011980702        -0.000005548992         0.000017743340         0.000028701081
       -0.000257142459        -0.000243116005        -0.000222023169        -0.000203770913        -0.000180762091        -0.000159640338        -0.000136267576        -0.000113884050        -0.000091697527        -0.000069825562        -0.000050241049        -0.000030661457        -0.000014924072         0.000000694274         0.000011643289         0.000021886605         0.000027435308         0.000031264666         0.000031172041         0.000028019421         0.000022412044         0.000012235715         0.000001586593        -0.000015111610        -0.000030019604        -0.000052211596
        0.000265386085         0.000249568291         0.000227016656         0.000208221250         0.000183184493         0.000162479711         0.000136994303         0.000115622040         0.000091737695         0.000071032560         0.000050641705         0.000031958630         0.000016697790         0.000001291249        -0.000007604185        -0.000018678027        -0.000020428129        -0.000026405180        -0.000020739938        -0.000021224258        -0.000008387680        -0.000003392337         0.000015884675         0.000025930644         0.000050476590         0.000064747811
       -0.000271024282        -0.000252849675        -0.000230553368        -0.000208628077        -0.000184986110        -0.000160881824        -0.000137550059        -0.000113048755        -0.000091606497        -0.000068577464        -0.000050440039        -0.000030697590        -0.000017030533        -0.000002193402         0.000006185102         0.000014827370         0.000017467513         0.000019068583         0.000015917492         0.000010160451         0.000001549839        -0.000011316039        -0.000024709205        -0.000043871157        -0.000061071358        -0.000085171642
        0.000272849533         0.000255390941         0.000229269440         0.000209297532         0.000181430841         0.000160158824         0.000132731794         0.000111497125         0.000086617216         0.000066829280         0.000046369880         0.000029385037         0.000014883697         0.000001903660        -0.000005571447        -0.000013599142        -0.000013489220        -0.000015961491        -0.000008256051        -0.000004982418         0.000009794025         0.000018570779         0.000039402960         0.000053013263         0.000078439630         0.000095811905
       -0.000274512166        -0.000252132559        -0.000228942731        -0.000203444233        -0.000179571753        -0.000152726234        -0.000129888654        -0.000103614379        -0.000083413815        -0.000059644795        -0.000043440275        -0.000023978401        -0.000012828515         0.000000802394         0.000006233229         0.000012912091         0.000012363152         0.000011479522         0.000005109257        -0.000003367672        -0.000015012979        -0.000030516776        -0.000046550131        -0.000067925104        -0.000087166049        -0.000112711567
        0.000269628603         0.000250703585         0.000221204043         0.000200331414         0.000169966838         0.000148476492         0.000119536412         0.000098862461         0.000073469578         0.000055048536         0.000035009534         0.000020172677         0.000006880464        -0.000003257970        -0.000008943429        -0.000013579159        -0.000011357371        -0.000010082441        -0.000000229248         0.000006919780         0.000023582420         0.000036112649         0.000058263044         0.000075239184         0.000101147720         0.000121170955
       -0.000267267392        -0.000240759806        -0.000217025224        -0.000188181824        -0.000164499230        -0.000135265059        -0.000113402283        -0.000085794789        -0.000067324696        -0.000043302184        -0.000029497251        -0.000010802968        -0.000002580556         0.000009402710         0.000011562183         0.000015927881         0.000011979861         0.000008391972        -0.000001281535        -0.000012537406        -0.000027163328        -0.000045169545        -0.000063633465        -0.000086920980        -0.000107836846        -0.000133670734
        0.000255558694         0.000235387399         0.000202828618         0.000181358031         0.000148941789         0.000127617250         0.000097687675         0.000077998404         0.000052648819         0.000036032178         0.000016952900         0.000004679762        -0.000006926107        -0.000013864792        -0.000017386899        -0.000018366628        -0.000013793942        -0.000008625781         0.000003458106         0.000014483803         0.000032936051         0.000049045154         0.000072302216         0.000092317710         0.000117431747         0.000138798317
       -0.000249212167        -0.000218790424        -0.000194884141        -0.000163053294        -0.000140011396        -0.000108847986        -0.000088440189        -0.000060026092        -0.000043763513        -0.000020034337        -0.000009065364         0.000008341626         0.000013274521         0.000023165828         0.000021797133         0.000023522289         0.000016038917         0.000009570742        -0.000003403128        -0.000017426908        -0.000034868937        -0.000055250408        -0.000075918800        -0.000099705287        -0.000120384560
        0.000230740924         0.000209578932         0.000174408508         0.000152683864         0.000118765701         0.000098003770         0.000067695070         0.000049414527         0.000024726389         0.000010330013        -0.000007212550        -0.000016550733        -0.000025980117        -0.000029430888        -0.000030421827        -0.000027566326        -0.000020423334        -0.000011324576         0.000003036152         0.000017797283         0.000038017022         0.000057509558         0.000080380978         0.000101169784
       -0.000220526855        -0.000186549490        -0.000162878921        -0.000128535627        -0.000106593785        -0.000074063709        -0.000055587785        -0.000026970089        -0.000013369231         0.000009471076         0.000017209465         0.000032790912         0.000034134114         0.000041496529         0.000036412506         0.000035199608         0.000024131804         0.000014662314        -0.000001495295        -0.000018341825        -0.000038512778        -0.000059650526        -0.000079753574
        0.000195547371         0.000173697307         0.000136474642         0.000114864126         0.000080093382         0.000060303311         0.000030299309         0.000013842678        -0.000009517756        -0.000021309306        -0.000036716200        -0.000042805315        -0.000049566422        -0.000049313101        -0.000047419139        -0.000040648736        -0.000030746031        -0.000017815551        -0.000001009929         0.000017428390         0.000037750160         0.000057520123
       -0.000181677219        -0.000144629654        -0.000121620553        -0.000085357775        -0.000064981573        -0.000031738842        -0.000015657635         0.000012496517         0.000023015234         0.000044337079         0.000048505636         0.000061715440         0.000059232940         0.000063645151         0.000054744648         0.000050335063         0.000035749294         0.000023035104         0.000003643825        -0.000014251448        -0.000033632941
        0.000150617356         0.000128417267         0.000089813776         0.000068710188         0.000033821312         0.000015416389        -0.000013540112        -0.000027775351        -0.000049110170        -0.000057955838        -0.000070618195        -0.000073202343        -0.000076811112        -0.000072726544        -0.000067616310        -0.000056979421        -0.000043960041        -0.000027114087        -0.000009660608         0.000008629105
       -0.000133385807        -0.000093884431        -0.000071979369        -0.000034495257        -0.000016146349         0.000017076319         0.000030324272         0.000057298634         0.000064362038         0.000083512809         0.000083829460         0.000094122581         0.000087661474         0.000088724179         0.000076021616         0.000067979542         0.000049691407         0.000035612668         0.000017144455
        0.000096853038         0.000074677289         0.000035461263         0.000015274178        -0.000018928069        -0.000035538545        -0.000062662656        -0.000074308480        -0.000092900700        -0.000098503212        -0.000107812582        -0.000106713183        -0.000106699222        -0.000098774519        -0.000089905310        -0.000075173161        -0.000060925344        -0.000044589100
       -0.000076640283        -0.000035418854        -0.000015067975         0.000022847197         0.000038720432         0.000071126933         0.000081140483         0.000106181003         0.000109464419         0.000125777947         0.000122038927         0.000128875058         0.000118395987         0.000115480170         0.000098659951         0.000088925188         0.000071620180
        0.000035408495         0.000013660552        -0.000025317568        -0.000044169018        -0.000076826562        -0.000091248571        -0.000115726150        -0.000124443572        -0.000139568139        -0.000141694926        -0.000147046677        -0.000142192196        -0.000137831953        -0.000125692413        -0.000115004631        -0.000101083047
       -0.000012672987         0.000029430579         0.000047777794         0.000085257096         0.000098232036         0.000128974325         0.000135390348         0.000157715063         0.000156965227         0.000169762716         0.000161873559         0.000164433059         0.000149492886         0.000144554617         0.000128722910
       -0.000032331348        -0.000053225364        -0.000091049730        -0.000108147668        -0.000138361911        -0.000150215701        -0.000171214729        -0.000176716251        -0.000187640780        -0.000186153959        -0.000186650581        -0.000177521883        -0.000170770293        -0.000159686893
        0.000057060180         0.000099119291         0.000115025678         0.000151137015         0.000160816741         0.000189005035         0.000191522669         0.000210319926         0.000205386191         0.000213663465         0.000201057801         0.000201273430         0.000187293125
       -0.000104774772        -0.000124376370        -0.000160078185        -0.000175004496        -0.000201847747        -0.000210791510        -0.000227460087        -0.000229539742        -0.000235201501        -0.000229441455        -0.000227016867        -0.000219139320
        0.000130908330         0.000171919124         0.000184959026         0.000218715503         0.000224753893         0.000249452271         0.000247864014         0.000261954990         0.000252152563         0.000257783657         0.000246094989
       -0.000180148320        -0.000198004767        -0.000230573457        -0.000242934357        -0.000265445069        -0.000271204850        -0.000282325680        -0.000280190133        -0.000282468628        -0.000278110251
        0.000207039037         0.000245930747         0.000255715493         0.000286068541         0.000288200933         0.000308069382         0.000301577437         0.000312746869         0.000303823757
       -0.000256509707        -0.000272179150        -0.000300554889        -0.000310010504        -0.000326829339        -0.000328487396        -0.000335854709        -0.000335230725
        0.000283478855         0.000319104674         0.000325312484         0.000350777965         0.000348099626         0.000364807771         0.000359181719
       -0.000331768441        -0.000344848944        -0.000367544642        -0.000373064752        -0.000385872582        -0.000389117642
        0.000358136964         0.000388888950         0.000390514872         0.000412626491         0.000410841470
       -0.000403330967        -0.000412694052        -0.000431252070        -0.000438405936
        0.000427648802         0.000454908760         0.000457510455
       -0.000470756763        -0.000481779577
        0.000497932369
