       -0.004083727724        -0.003726850761        -0.004086780378        -0.003725232552        -0.004090752231        -0.003723802942        -0.004095285176        -0.003722756040        -0.004099872745        -0.003722163274        -0.004103954263        -0.003721986800        -0.004107019194        -0.003722116384        -0.004108703323        -0.003722417168        -0.004108858170        -0.003722773896        -0.004107580811        -0.003723118830        -0.004105197687        -0.003723438616        -0.004102204223        -0.003723760989        -0.004099172219        -0.003724114750
        0.001567921002         0.001566053702         0.001569719959         0.001568687221         0.001572333652         0.001572396932         0.001575691308         0.001576766081         0.001579453835         0.001581168423         0.001583098299         0.001584921961         0.001586047193         0.001587450281         0.001587812127         0.001588415829         0.001588118170         0.001587794542         0.001586977854         0.001585875991         0.001584697481         0.001583191438         0.001581812282         0.001580386034         0.001578967687         0.001578066203
       -0.001028970644        -0.001009336958        -0.001034957295        -0.001010727257        -0.001042695381        -0.001013631786        -0.001051497794        -0.001017656692        -0.001060311305        -0.001022069353        -0.001067945283        -0.001025998904        -0.001073331700        -0.001028663729        -0.001075760528        -0.001029570532        -0.001075039933        -0.001028636691        -0.001071544826        -0.001026207286        -0.001066143483        -0.001022964003        -0.001060018001        -0.001019753007        -0.001054398012        -0.001017344343
        0.000827869672         0.000828407954         0.000832004472         0.000835375152         0.000838314709         0.000844006516         0.000846263829         0.000853153809         0.000854788641         0.000861422387         0.000862554415         0.000867503206         0.000868272960         0.000870481563         0.000871009762         0.000870051386         0.000870408729         0.000866588183         0.000866783210         0.000861063187         0.000861050594         0.000854819475         0.000854524806         0.000849259438         0.000848610301         0.000845524894
       -0.000681470129        -0.000687396552        -0.000690916437        -0.000692757966        -0.000702924389        -0.000700333075        -0.000716143156        -0.000708995097        -0.000728755516        -0.000717235832        -0.000738886135        -0.000723548806        -0.000745024639        -0.000726806330        -0.000746369587        -0.000726538946        -0.000743017159        -0.000723048779        -0.000735948502        -0.000717334079        -0.000726821748        -0.000710844617        -0.000717609206        -0.000705117971        -0.000710167398        -0.000701409567
        0.000618069797         0.000621972684         0.000625458430         0.000633486080         0.000635942021         0.000646658595         0.000648298263         0.000659561814         0.000660670319         0.000670144418         0.000671013975         0.000676721783         0.000677583367         0.000678376410         0.000679346133         0.000675178248         0.000676233707         0.000668173706         0.000669165048         0.000659145948         0.000659839152         0.000650202007         0.000650339030         0.000643284717         0.000642651023         0.000639727668
       -0.000530621184        -0.000564149028        -0.000544043134        -0.000574112940        -0.000560346014        -0.000586400550        -0.000577362087        -0.000599044990        -0.000592519790        -0.000609825333        -0.000603430783        -0.000616820946        -0.000608439954        -0.000618883911        -0.000607009195        -0.000615920236        -0.000599850920        -0.000608913268        -0.000588780101        -0.000599685877        -0.000576311722        -0.000590457045        -0.000565102346        -0.000583297658        -0.000557357314        -0.000579647672
        0.000505101670         0.000513478013         0.000516539689         0.000529652139         0.000531525295         0.000546848250         0.000547954769         0.000562357160         0.000563151956         0.000573634462         0.000574507801         0.000578909413         0.000580100431         0.000577608143         0.000579154580         0.000570497522         0.000572231097         0.000559512123         0.000561103225         0.000547307655         0.000548346944         0.000536647602         0.000536739019         0.000529753806         0.000528626461         0.000527814971
       -0.000427729546        -0.000485116159        -0.000445482299        -0.000499965556        -0.000465841329        -0.000516573874        -0.000485745848        -0.000532123010        -0.000501966761        -0.000543844096        -0.000511851663        -0.000549697395        -0.000513940653        -0.000548871116        -0.000508313063        -0.000541980395        -0.000496581436        -0.000530921250        -0.000481535803        -0.000518413884        -0.000466520084        -0.000507345781        -0.000454674458        -0.000500085103        -0.000448244246        -0.000497899888
        0.000417151669         0.000430828745         0.000433144666         0.000451345574         0.000452514607         0.000471567244         0.000472188584         0.000488122438         0.000488763958         0.000498243071         0.000499318494         0.000500424111         0.000502104623         0.000494788391         0.000496968727         0.000483067090         0.000485395472         0.000468203432         0.000470165665         0.000453671757         0.000454710798         0.000442666366         0.000442321160         0.000437373136         0.000435373303         0.000438428713
       -0.000339252315        -0.000416553452        -0.000361333840        -0.000436084750        -0.000385052729        -0.000456085339        -0.000406499997        -0.000473003690        -0.000422003937        -0.000483796362        -0.000428982070        -0.000486667610        -0.000426545451        -0.000481507191        -0.000415717381        -0.000469921175        -0.000399211446        -0.000454847828        -0.000380822869        -0.000439856336        -0.000364567212        -0.000428295496        -0.000353781993        -0.000422487900        -0.000350345508        -0.000423153928
        0.000336088526         0.000355427060         0.000356754354         0.000379483740         0.000379895260         0.000401277846         0.000401507280         0.000417016477         0.000417678120         0.000424059227         0.000425514508         0.000421548741         0.000423830255         0.000410624330         0.000413433947         0.000394164291         0.000396946462         0.000376122637         0.000378194020         0.000360609192         0.000361323514         0.000350941731         0.000349830979         0.000348855730         0.000345738179         0.000354093720
       -0.000256784694        -0.000349139440        -0.000282764343        -0.000372629887        -0.000308686547        -0.000394603536        -0.000329967562        -0.000411019417        -0.000342813296        -0.000418920497        -0.000345102701        -0.000417150041        -0.000336890129        -0.000406634042        -0.000320405169        -0.000390163201        -0.000299556150        -0.000371729343        -0.000279040635        -0.000355580623        -0.000263285625        -0.000345200055        -0.000255421998        -0.000342469639        -0.000256572857        -0.000347205959
        0.000257676109         0.000282459844         0.000282677515         0.000308779736         0.000308482567         0.000330330000         0.000330329473         0.000343240398         0.000344122086         0.000345402794         0.000347400193         0.000336979293         0.000339925724         0.000320373364         0.000323746574         0.000299680467         0.000302724120         0.000279734736         0.000281642431         0.000264994136         0.000265087315         0.000258484998         0.000256373390         0.000261100590         0.000256766371         0.000271381004
       -0.000179346274        -0.000281113675        -0.000208333191        -0.000307335053        -0.000234889961        -0.000329468453        -0.000254053857        -0.000343334096        -0.000262308789        -0.000346480038        -0.000258408755        -0.000338775490        -0.000243677179        -0.000322445801        -0.000221718531        -0.000301546305        -0.000197596988        -0.000281005867        -0.000176690246        -0.000265449159        -0.000163447210        -0.000258092039        -0.000160372840        -0.000259971864        -0.000167452783        -0.000269684443
        0.000182416812         0.000211801001         0.000210928242         0.000238694953         0.000237847919         0.000257957753         0.000257954303         0.000266061115         0.000267379489         0.000261849268         0.000264524888         0.000246821078         0.000250444693         0.000224791749         0.000228605703         0.000201006763         0.000204089340         0.000180929844         0.000182403692         0.000168958780         0.000168197211         0.000167401588         0.000164171666         0.000175935603         0.000170445078         0.000191666081
       -0.000108522223        -0.000213570744        -0.000139176447        -0.000240851149        -0.000164480138        -0.000261073555        -0.000179488391        -0.000270350891        -0.000181411037        -0.000267172185        -0.000170267777        -0.000252768534        -0.000148899982        -0.000230823541        -0.000122324205        -0.000206608172        -0.000096593425        -0.000185726235        -0.000077402873        -0.000172782207        -0.000068784752        -0.000170285619        -0.000072184051        -0.000178045183        -0.000086117857        -0.000193196753
        0.000112552028         0.000145071422         0.000143269164         0.000170542785         0.000169403731         0.000185411531         0.000185679666         0.000186951196         0.000188919705         0.000175347428         0.000178797568         0.000153667699         0.000157921728         0.000127150493         0.000131237290         0.000101993990         0.000104872153         0.000083905244         0.000084708012         0.000076769517         0.000075006860         0.000081744775         0.000077411766         0.000096979062         0.000090554222         0.000118037343
       -0.000046656035        -0.000148712204        -0.000077244309        -0.000175040642        -0.000099217217        -0.000191191246        -0.000108117161        -0.000194045120        -0.000102331580        -0.000183441223        -0.000083478434        -0.000162218637        -0.000056043666        -0.000135552371        -0.000026360317        -0.000109725689        -0.000001152577        -0.000090641560         0.000014009453        -0.000082421680         0.000015987734        -0.000086424207         0.000004804078        -0.000100908810        -0.000016365294        -0.000121433731
        0.000050790538         0.000084427696         0.000081984975         0.000106312280         0.000105215230         0.000114798407         0.000115633201         0.000108417626         0.000111223784         0.000089017927         0.000093281547         0.000061339767         0.000066120556         0.000031919173         0.000036069158         0.000007561681         0.000009995800        -0.000006244467        -0.000006294138        -0.000006608373        -0.000009415481         0.000006082473         0.000000800767         0.000028248395         0.000021259487         0.000053945245
        0.000003992334        -0.000089025413        -0.000024500800        -0.000112193132        -0.000041032127        -0.000122205587        -0.000042134126        -0.000117188332        -0.000027787445        -0.000098668354        -0.000001434778        -0.000071221278         0.000030800694        -0.000041388738         0.000061521905        -0.000016131417         0.000083760464        -0.000001182070         0.000092579110         0.000000316464         0.000086210913        -0.000011438842         0.000066466046        -0.000032943978         0.000038316387        -0.000058203207
       -0.000000353831         0.000031954334         0.000029262384         0.000048086096         0.000047409057         0.000048500980         0.000050187358         0.000033399027         0.000037177975         0.000006498613         0.000011548913        -0.000025822537        -0.000020679239        -0.000056013821        -0.000052035177        -0.000077113580        -0.000075339858        -0.000084371712        -0.000085383992        -0.000076363516        -0.000080145547        -0.000055322849        -0.000061269350        -0.000026626225        -0.000033690925         0.000002462202
        0.000041703238        -0.000036821287         0.000017497528        -0.000054590173         0.000008379230        -0.000056680490         0.000016332262        -0.000042891850         0.000039451715        -0.000016673370         0.000072373462         0.000015690064         0.000107503620         0.000046561655         0.000136768947         0.000068757680         0.000153476414         0.000077248144         0.000153857418         0.000070350602         0.000137935498         0.000050136998         0.000109522376         0.000021955227         0.000075341987        -0.000006828132
       -0.000038954437        -0.000010681500        -0.000013164939        -0.000002291734        -0.000002163638        -0.000011166537        -0.000008388266        -0.000035119621        -0.000030304250        -0.000068491058        -0.000062758031        -0.000103464011        -0.000098175130        -0.000131889445        -0.000128326919        -0.000147186984        -0.000146252688        -0.000145883036        -0.000147884664        -0.000128423447        -0.000133003105        -0.000099072296        -0.000105294435        -0.000064919698        -0.000071501871        -0.000034206848
        0.000065556090         0.000006052273         0.000047833427        -0.000004234265         0.000047784290         0.000002925054         0.000065474061         0.000025711299         0.000096860801         0.000058666668         0.000134719352         0.000093981388         0.000170308211         0.000123337833         0.000195385309         0.000139877067         0.000204111239         0.000139820410         0.000194396749         0.000123370853         0.000168386971         0.000094673548         0.000131975861         0.000060847581         0.000093458188         0.000030286113
       -0.000063907448        -0.000042430470        -0.000044222140        -0.000043416051        -0.000042131940        -0.000062187993        -0.000058151303        -0.000094382142        -0.000088557647        -0.000132488636        -0.000126255653        -0.000167605691        -0.000162432101        -0.000191516874        -0.000188613426        -0.000198611192        -0.000198644138        -0.000187194336        -0.000190128739        -0.000159889269        -0.000164998231        -0.000123033010        -0.000129077285        -0.000085201482        -0.000090742050        -0.000055130265
        0.000075557009         0.000038385902         0.000066340249         0.000037328512         0.000076538492         0.000054457169         0.000103962882         0.000085720764         0.000142370958         0.000123727446         0.000182908603         0.000159489324         0.000216153903         0.000184544928         0.000234293767         0.000192957685         0.000232931374         0.000182723998         0.000212105939         0.000156256431         0.000176302493         0.000119831849         0.000133457279         0.000082117396         0.000093151724         0.000052018227
       -0.000075051743        -0.000062961666        -0.000063599701        -0.000074437905        -0.000071719082        -0.000103000153        -0.000097639727        -0.000142071847        -0.000135367796        -0.000182557765        -0.000176084381        -0.000214966944        -0.000210204054        -0.000231630402        -0.000229612394        -0.000228495093        -0.000229566772        -0.000206076846        -0.000209812546        -0.000169359494        -0.000174670741        -0.000126665857        -0.000132078644        -0.000087714038        -0.000091739147        -0.000061071855
        0.000072662943         0.000059704005         0.000073625933         0.000069114459         0.000094632866         0.000096215775         0.000131039777         0.000134669666         0.000174519680         0.000175401407         0.000214986399         0.000208740881         0.000242926541         0.000226704866         0.000251602779         0.000224887458         0.000238620560         0.000203511013         0.000206510039         0.000167402554         0.000162215828         0.000124896229         0.000115604458         0.000085839926         0.000077133782         0.000058908553
       -0.000073197761        -0.000072687291        -0.000071776388        -0.000095115916        -0.000090790854        -0.000132590398        -0.000125962906        -0.000176470105        -0.000169123633        -0.000216503505        -0.000210120077        -0.000243223061        -0.000239186008        -0.000250161523        -0.000249228539        -0.000235372596        -0.000237497970        -0.000201915279        -0.000206268307        -0.000157208739        -0.000162393425        -0.000111387890        -0.000115802085        -0.000074826731        -0.000077039356        -0.000054897921
        0.000058721839         0.000070287348         0.000071023814         0.000090754086         0.000102675271         0.000127052138         0.000146555442         0.000170684955         0.000192548684         0.000211317285         0.000229884337         0.000239212851         0.000249634649         0.000247537736         0.000246792623         0.000233986773         0.000221470831         0.000201367108         0.000178981141         0.000157016606         0.000128809730         0.000111142143         0.000082562220         0.000074210688         0.000050788586         0.000053527742
       -0.000060071476        -0.000072720524        -0.000069973603        -0.000105809078        -0.000099843140        -0.000150549706        -0.000142846803        -0.000196567927        -0.000188921980        -0.000233032705        -0.000227126540        -0.000251192459        -0.000248201436        -0.000246433513        -0.000246749613        -0.000219398586        -0.000222547445        -0.000175939525        -0.000180720310        -0.000125932359        -0.000130743609        -0.000081053038        -0.000084283861        -0.000051466875        -0.000051799985        -0.000041595728
        0.000036338839         0.000071134223         0.000060475782         0.000102489871         0.000101828154         0.000146426433         0.000150964448         0.000192605311         0.000196451550         0.000230005783         0.000227508420         0.000249530049         0.000236518129         0.000246166196         0.000220840411         0.000220221205         0.000183559152         0.000177367915         0.000133057484         0.000127481675         0.000081418241         0.000082306424         0.000041432653         0.000051926219         0.000021944010         0.000040542227
       -0.000038184769        -0.000064771115        -0.000060047166        -0.000107428755        -0.000099944958        -0.000157082847        -0.000148634394        -0.000202129920        -0.000194621387        -0.000231856292        -0.000226853371        -0.000238957463        -0.000237320864        -0.000221295259        -0.000222988379        -0.000182531025        -0.000186662198        -0.000131542708        -0.000136632460        -0.000080639091        -0.000085005657        -0.000042394310        -0.000044469909        -0.000024940592        -0.000023488671        -0.000027255892
        0.000008673251         0.000063863543         0.000044376589         0.000105133369         0.000093705684         0.000154423896         0.000145278079         0.000200051210         0.000186976361         0.000231011860         0.000208772855         0.000239596176         0.000205108693         0.000223266751         0.000176340264         0.000185411832         0.000129022666         0.000134825784         0.000074928276         0.000083848922         0.000028462195         0.000044960564         0.000001857834         0.000025948561        -0.000001068736         0.000025798048
       -0.000010641842        -0.000051003643        -0.000044335891        -0.000101352121        -0.000092639916        -0.000152978476        -0.000144243612        -0.000193712781        -0.000186851778        -0.000213737026        -0.000210077826        -0.000207935777        -0.000207937162        -0.000177250064        -0.000180430955        -0.000128810761        -0.000133935871        -0.000074765260        -0.000080200439        -0.000029487114        -0.000033514215        -0.000004654385        -0.000005621669        -0.000003174649         0.000000162008        -0.000016717109
       -0.000020798296         0.000050577376         0.000025383512         0.000099982907         0.000080238921         0.000151730129         0.000130986672         0.000193450735         0.000165588569         0.000214950996         0.000175598216         0.000210681022         0.000158291697         0.000181227291         0.000117723320         0.000133550043         0.000064503290         0.000079780823         0.000013836011         0.000034184189        -0.000019131534         0.000007976987        -0.000026549155         0.000003660670        -0.000013320563         0.000013879593
        0.000019095203        -0.000033862453        -0.000025473033        -0.000089304153        -0.000079814350        -0.000139547577        -0.000131092956        -0.000172642804        -0.000166982307        -0.000180499925        -0.000178613975        -0.000160953254        -0.000162852780        -0.000118685118        -0.000123493006        -0.000064813806        -0.000071065357        -0.000014705822        -0.000020645278         0.000016854556         0.000013200437         0.000022834329         0.000023530707         0.000008913616         0.000015127600        -0.000010907447
       -0.000048546461         0.000033687731         0.000006204372         0.000088708781         0.000063525861         0.000139573289         0.000109957866         0.000174022770         0.000134411202         0.000183531810         0.000130914852         0.000165519788         0.000100460689         0.000124414289         0.000051638984         0.000071261675        -0.000000501327         0.000021304076        -0.000038630422        -0.000011235758        -0.000050990097        -0.000020152539        -0.000039133080        -0.000010844498        -0.000016896980         0.000005291419
        0.000047471936        -0.000015874975        -0.000006174510        -0.000073222991        -0.000063546498        -0.000118536128        -0.000111000887        -0.000140968780        -0.000137067432        -0.000135048176        -0.000135336349        -0.000102412082        -0.000106468887        -0.000052268199        -0.000058915673        -0.000000018177        -0.000007582496         0.000037151861         0.000030845652         0.000048158889         0.000045896074         0.000035370430         0.000039751222         0.000012895855         0.000024193348        -0.000006323285
       -0.000071264480         0.000015720414        -0.000010613763         0.000073218346         0.000045673862         0.000119638733         0.000084325444         0.000143737194         0.000096172063         0.000139593860         0.000078744017         0.000108518002         0.000037813654         0.000059584211        -0.000012762033         0.000008053555        -0.000054422349        -0.000029524025        -0.000071908088        -0.000043288192        -0.000062974403        -0.000036083093        -0.000040367307        -0.000019823258        -0.000019996886        -0.000003483289
        0.000071119744         0.000000545900         0.000010977437        -0.000055115779        -0.000045945782        -0.000092026361        -0.000086074471        -0.000101422549        -0.000099806992        -0.000081461195        -0.000084290381        -0.000038609213        -0.000045097157         0.000012747168         0.000004072638         0.000053957177         0.000045333618         0.000070251943         0.000065023781         0.000060191575         0.000062280306         0.000036978028         0.000048403055         0.000016206367         0.000034611195         0.000001776266
       -0.000086127356        -0.000000887018        -0.000022887026         0.000055509581         0.000028645714         0.000093971650         0.000056384793         0.000105290326         0.000054206374         0.000087237637         0.000024390337         0.000046085685        -0.000021446001        -0.000003935750        -0.000064633404        -0.000044852967        -0.000087094459        -0.000063454320        -0.000082559341        -0.000059546232        -0.000061667937        -0.000044721594        -0.000041831859        -0.000029920216        -0.000030318120        -0.000015835473
        0.000087124009         0.000013292562         0.000023744311        -0.000036916214        -0.000028992023        -0.000062345664        -0.000058608523        -0.000057440805        -0.000058569432        -0.000025214629        -0.000030899717         0.000022035610         0.000012952134         0.000065315468         0.000054982676         0.000086818880         0.000078929372         0.000081023215         0.000080602450         0.000059183673         0.000069945372         0.000038630491         0.000059352936         0.000026085373         0.000050913610         0.000015042340
       -0.000091026728        -0.000013982776        -0.000028981397         0.000037523383         0.000014109833         0.000064891853         0.000028515293         0.000062150268         0.000012530795         0.000032059715        -0.000025450285        -0.000013252843        -0.000067875641        -0.000055470788        -0.000094781937        -0.000078588787        -0.000095903018        -0.000079055175        -0.000078822526        -0.000067252445        -0.000061347598        -0.000055459991        -0.000053178099        -0.000045478612        -0.000048768115        -0.000031318488
        0.000093270941         0.000020739384         0.000030431710        -0.000020347519        -0.000014378761        -0.000032009172        -0.000031016827        -0.000013270304        -0.000017478645         0.000026681359         0.000018019262         0.000069746132         0.000058537582         0.000095991038         0.000086027925         0.000095792197         0.000092894408         0.000077473681         0.000086874976         0.000059002178         0.000080778970         0.000049650696         0.000077747998         0.000043572496         0.000070894209         0.000031273944
       -0.000084779322        -0.000021889727        -0.000027999690         0.000021001913         0.000003284100         0.000034948356         0.000003126344         0.000018675309        -0.000024149122        -0.000018809665        -0.000063356964        -0.000060041433        -0.000093784001        -0.000087015104        -0.000101471621        -0.000092702352        -0.000090137110        -0.000085402748        -0.000076778999        -0.000077981820        -0.000073054617        -0.000073326713        -0.000074609415        -0.000064572483        -0.000070303689        -0.000046835503
        0.000088276366         0.000021918295         0.000030094480        -0.000006786282        -0.000003351910        -0.000003698757        -0.000005787969         0.000025992674         0.000018641500         0.000066360137         0.000055267691         0.000096471549         0.000085258916         0.000102863449         0.000097761185         0.000090074671         0.000097548344         0.000075497689         0.000097010575         0.000070507051         0.000100246236         0.000070377094         0.000100027142         0.000064076925         0.000089128101         0.000046430720
       -0.000067341785        -0.000023596984        -0.000020010932         0.000007350453        -0.000003249592         0.000006908558        -0.000017438831        -0.000019918503        -0.000050949555        -0.000057749193        -0.000083595490        -0.000087573093        -0.000098305601        -0.000098996621        -0.000094329244        -0.000097445036        -0.000086632265        -0.000095534400        -0.000088202498        -0.000097154887        -0.000096280060        -0.000094996807        -0.000099013670        -0.000082156340        -0.000088582293        -0.000058169003
        0.000072029994         0.000016729575         0.000022786610         0.000002890220         0.000003469589         0.000019801287         0.000014633577         0.000054935194         0.000045028611         0.000087643845         0.000076176105         0.000101169458         0.000094348805         0.000095613935         0.000100750074         0.000086549718         0.000106496490         0.000086844051         0.000116486274         0.000093315644         0.000123640192         0.000094058143         0.000119167045         0.000081641034         0.000099905382
       -0.000040104428        -0.000018988156        -0.000006364128        -0.000002508835        -0.000005743841        -0.000016338928        -0.000031211159        -0.000048366317        -0.000064446919        -0.000079715857        -0.000086105201        -0.000096981906        -0.000090631836        -0.000102069673        -0.000089799101        -0.000106478374        -0.000097177765        -0.000114955880        -0.000111931275        -0.000120239192        -0.000122254870        -0.000113736583        -0.000118541474        -0.000092798541
        0.000045925225         0.000006224961         0.000009872936         0.000008472462         0.000006267161         0.000035943037         0.000028282253         0.000069633235         0.000058995649         0.000090303175         0.000082421686         0.000093228858         0.000095792892         0.000090966863         0.000108132959         0.000097137872         0.000124925478         0.000110457886         0.000139753623         0.000118904011         0.000142735119         0.000113128130         0.000128597918
       -0.000006323064        -0.000009122160         0.000010017092        -0.000008290948        -0.000005356509        -0.000032278377        -0.000037307488        -0.000063564433        -0.000065271495        -0.000086321430        -0.000078863452        -0.000098490528        -0.000085647006        -0.000109612431        -0.000098948821        -0.000125086269        -0.000120079938        -0.000138218533        -0.000138082468        -0.000139191187        -0.000142056004        -0.000123167474
        0.000013292985        -0.000007124390        -0.000005753849         0.000010526296         0.000006072801         0.000043316338         0.000034598071         0.000070565865         0.000062398300         0.000082643585         0.000082583498         0.000088029030         0.000101356416         0.000100268031         0.000124521461         0.000120224114         0.000146826292         0.000136569663         0.000157872586         0.000138515709         0.000150439237
        0.000028501194         0.000003565825         0.000024820152        -0.000010465065        -0.000003834849        -0.000039915536        -0.000036898971        -0.000067339719        -0.000059459121        -0.000086517289        -0.000074078808        -0.000104271770        -0.000092982302        -0.000126394042        -0.000119724514        -0.000147276791        -0.000144984786        -0.000156446030        -0.000157173222        -0.000147014253
       -0.000020349758        -0.000019573684        -0.000020040584         0.000010276806         0.000004482358         0.000042965650         0.000035341686         0.000064205764         0.000061648545         0.000077552745         0.000086201670         0.000095608547         0.000114822817         0.000121507617         0.000143878770         0.000145428106         0.000163097882         0.000155737203         0.000163608573
        0.000057066080         0.000015562360         0.000033726064        -0.000010201038        -0.000002718268        -0.000041018708        -0.000033458688        -0.000066587382        -0.000055556165        -0.000090392795        -0.000079297098        -0.000118315655        -0.000110432006        -0.000146309686        -0.000142004087        -0.000163890426        -0.000162416781        -0.000162399241
       -0.000048089611        -0.000027290457        -0.000029325635         0.000009165900         0.000002903713         0.000038880100         0.000034118077         0.000059920015         0.000063320250         0.000083087994         0.000096022684         0.000113767721         0.000130583245         0.000144398476         0.000157529193         0.000163187646         0.000166764504
        0.000072688867         0.000023598756         0.000035008009        -0.000008947284        -0.000002451756        -0.000039754731        -0.000031084739        -0.000068537350        -0.000058481573        -0.000100936661        -0.000092389188        -0.000134863626        -0.000128824614        -0.000160506757        -0.000156907746        -0.000167849023
       -0.000064404787        -0.000028614065        -0.000032774043         0.000008198278         0.000001665859         0.000036068290         0.000033956721         0.000063212157         0.000068969834         0.000097087814         0.000107313034         0.000133041016         0.000140971007         0.000159852794         0.000159158580
        0.000073630213         0.000026773264         0.000031517802        -0.000007635101        -0.000002160504        -0.000039874418        -0.000031671990        -0.000075009058        -0.000066412997        -0.000113192928        -0.000105820901        -0.000145964530        -0.000140450783        -0.000162478025
       -0.000069196905        -0.000025832295        -0.000033590203         0.000007441311        -0.000000117086         0.000037047458         0.000035135426         0.000072191773         0.000075146286         0.000111612976         0.000113958633         0.000145402796         0.000140714629
        0.000066082199         0.000027689253         0.000029319881        -0.000006119350        -0.000000492078        -0.000041923832        -0.000033918340        -0.000082270267        -0.000074060990        -0.000120672936        -0.000113578511        -0.000146075236
       -0.000069221782        -0.000024096667        -0.000036706425         0.000006165158        -0.000003464175         0.000040417349         0.000035822299         0.000081078479         0.000077755234         0.000120244552         0.000112067216
        0.000061179404         0.000030566344         0.000033043016        -0.000003639087         0.000003156282        -0.000043749242        -0.000035263043        -0.000085784897        -0.000077548540        -0.000119150539
       -0.000073330585        -0.000027450821        -0.000044384406         0.000003646899        -0.000008348701         0.000043071279         0.000034300091         0.000085525751         0.000074554054
        0.000066652854         0.000037432699         0.000042461384         0.000000120190         0.000008293808        -0.000043151782        -0.000034291948        -0.000082933960
       -0.000084902789        -0.000035801099        -0.000054617564        -0.000000188808        -0.000013890716         0.000043089769         0.000030161385
        0.000081381005         0.000046619308         0.000053899655         0.000004770135         0.000013685655        -0.000039327274
       -0.000099962750        -0.000046021774        -0.000063866012        -0.000004617494        -0.000018576381
        0.000098577915         0.000055057010         0.000063445268         0.000009190829
       -0.000112415971        -0.000054684411        -0.000068717549
        0.000111790234         0.000059701557
       -0.000117087006
