     -129.038541927111
     -129.116126391759
     -129.125556777485
     -129.129248353387
     -129.132462660301
     -129.135240969909
     -129.138350894371
     -129.185111935529
     -129.193722680910
     -129.198577846750
     -129.201733157367
     -129.203911768824
     -129.205529303613
     -129.206764979058
     -129.213706599127
     -129.215945360732
     -129.217405760698
     -129.218486128090
     -129.219305587950
     -129.219969828524
     -129.220515783113
     -129.220980215160
     -129.221384125070
     -129.221750433033
     -129.222092911072
     -129.222418099092
     -129.222729027588
     -129.223030373740
     -129.223327110529
     -129.223600022014
     -129.223863825229
     -129.224098260033
     -129.224307890323
     -129.224490615023
     -129.224652545055
     -129.224795289604
     -129.227142251042
     -129.227513465181
     -129.227858860190
     -129.228206269691
     -129.228550560262
     -129.228891030343
     -129.229235947749
     -129.229596775476
     -129.230000827751
     -129.230491052208
     -129.231168894541
     -129.232283456574
     -129.234463242630
     -129.236914243782
     -129.238126071001
     -129.238434280051
     -129.238485618978
     -129.238491324864
     -129.238492488009
     -129.238492878761
     -129.238493036477
     -129.238493129422
     -129.238540912798
     -129.238541257546
     -129.238541301488
     -129.238541316614
     -129.238541323117
     -129.238541326333
     -129.238541327935
     -129.238541328801
     -129.238541329188
     -129.238541329156
     -129.238541329259
     -129.238541329362
     -129.238541329342
     -129.238541329312
     -129.238541329289
     -129.238541329165
     -129.238542909086
     -129.238542926183
     -129.238542928737
     -129.238542930029
     -129.238542930903
     -129.238542931516
     -129.238542931950
     -129.238542932265
     -129.238542965217
     -129.238542968536
     -129.238542968843
     -129.238542968998
     -129.238542969092
