     -153.328659756561
     -153.363288196522
     -153.364290294390
     -153.364337835063
     -153.364372085023
     -153.364416690007
     -153.364441421864
     -153.382689017544
     -153.385097583024
     -153.385438276939
     -153.385525465709
     -153.385555795933
     -153.385568497349
     -153.385573397010
     -153.386422175546
     -153.386627946051
     -153.386774085424
     -153.386883489281
     -153.386983196266
     -153.387048419877
     -153.387105294066
     -153.387156010359
     -153.387195849278
     -153.387231732651
     -153.387257229324
     -153.387279662694
     -153.387303052248
     -153.387331861214
     -153.387357386604
     -153.387381720295
     -153.387405598396
     -153.387421045430
     -153.387436513050
     -153.387452937124
     -153.387474359103
     -153.387489689410
     -153.390079114986
     -153.390853259777
     -153.390920923348
     -153.390923099701
     -153.390923248033
     -153.390923261084
     -153.390923263670
     -153.390923265034
     -153.390923265980
     -153.390923267252
     -153.390923268180
     -153.390923268455
     -153.390923268656
     -153.390923268859
     -153.390923269033
     -153.390923269197
     -153.390923269376
     -153.390923269582
     -153.390923269778
     -153.390923269884
     -153.390923269788
     -153.390923269516
     -153.390965835902
     -153.390966394863
     -153.390966416027
     -153.390966417279
     -153.390966417071
     -153.390966416875
     -153.390966416809
     -153.390966416772
     -153.390966416742
     -153.390966416726
     -153.390966416710
     -153.390966416698
     -153.390966416699
     -153.390966416696
     -153.390966416698
     -153.390966416696
     -153.390967556032
     -153.390967568824
     -153.390967570127
     -153.390967570331
     -153.390967570356
     -153.390967570358
     -153.390967570355
     -153.390967570349
     -153.390967586060
     -153.390967589161
     -153.390967589203
     -153.390967589205
     -153.390967589206
