     -147.349109440593
     -147.391904216743
     -147.392696818140
     -147.392869126301
     -147.392936838856
     -147.392971813795
     -147.392993512262
     -147.418174778117
     -147.421841369859
     -147.422278851471
     -147.422373599400
     -147.422400495927
     -147.422411165514
     -147.422416136181
     -147.425352154939
     -147.426360527795
     -147.427257655890
     -147.427956956932
     -147.428329199412
     -147.428476277451
     -147.428526037368
     -147.428545573093
     -147.428556501943
     -147.428559917226
     -147.428560969482
     -147.428561237205
     -147.428562010334
     -147.428562093620
     -147.428562480912
     -147.428562719733
     -147.428562763304
     -147.428562805267
     -147.428563215251
     -147.428563662293
     -147.428563978086
     -147.428563983799
     -147.430761391851
     -147.430825786190
     -147.430827182639
     -147.430827238701
     -147.430827230265
     -147.430827250478
     -147.430827249502
     -147.430827248887
     -147.430827248837
     -147.430827248899
     -147.430827248898
     -147.430827248876
     -147.430827248875
     -147.430827248889
     -147.430827248870
     -147.430827248845
     -147.430827248805
     -147.430827248755
     -147.430827248697
     -147.430827248687
     -147.430827248745
     -147.430827248852
     -147.430880624980
     -147.430881007294
     -147.430881013231
     -147.430881012392
     -147.430881011986
     -147.430881011866
     -147.430881011799
     -147.430881011776
     -147.430881011771
     -147.430881011768
     -147.430881011770
     -147.430881011769
     -147.430881011765
     -147.430881011776
     -147.430881011774
     -147.430881011769
     -147.430882549734
     -147.430882562621
     -147.430882563122
     -147.430882563144
     -147.430882563142
     -147.430882563136
     -147.430882563136
     -147.430882563135
     -147.430882587205
     -147.430882590542
     -147.430882590579
     -147.430882590576
     -147.430882590578
