       -0.022084159446
        0.001016898352
       -0.000425516932
       -0.000051440355
       -0.000066905837
       -0.000033633171
       -0.000039521819
       -0.000032148518
       -0.000036755816
       -0.000034684544
       -0.000037757532
       -0.000037051435
       -0.000038872310
       -0.000038429105
       -0.000039280178
       -0.000038745670
       -0.000038849210
       -0.000038117107
       -0.000037646588
       -0.000036703984
       -0.000035797772
       -0.000034669071
       -0.000033440314
       -0.000032164607
       -0.000030707811
