       -0.008720711019
       -0.003520591228
       -0.001482831696
       -0.000525048407
       -0.000123889258
       -0.000011923364
       -0.000027220310
       -0.000070102396
       -0.000090139216
       -0.000076750312
       -0.000044512073
       -0.000015051024
       -0.000002258335
       -0.000006393464
       -0.000017658846
       -0.000024817544
       -0.000022570181
       -0.000013475237
       -0.000004396015
       -0.000000894550
       -0.000003651582
       -0.000008908473
       -0.000011894058
       -0.000010362277
       -0.000005765335
