       -0.032494298989
        0.002107848662
       -0.001826296669
       -0.000724091247
       -0.000600445776
       -0.000487375197
       -0.000272233372
       -0.000209796809
       -0.000100322306
       -0.000047237812
       -0.000024286565
       -0.000001134846
       -0.000013104694
       -0.000021004223
       -0.000029594279
       -0.000049263526
       -0.000042271842
       -0.000053550200
       -0.000037766950
       -0.000034758339
       -0.000021512331
       -0.000012417275
       -0.000007152121
       -0.000003125591
       -0.000003620744
