       -0.034748973677
        0.002598479526
       -0.001315932164
       -0.000039290928
       -0.000111080361
       -0.000069271250
       -0.000069549994
       -0.000064941897
       -0.000047861636
       -0.000032224855
       -0.000019340113
       -0.000014079514
       -0.000014050473
       -0.000015947913
       -0.000016286539
       -0.000013932429
       -0.000010085862
       -0.000006928766
       -0.000005870151
       -0.000006644591
       -0.000007782146
       -0.000007874143
       -0.000006602532
       -0.000004799523
       -0.000003631133
