        0.466267810563         0.109781645566         0.757047164652
        0.385338394508         0.165358918529         0.336872448691
        0.392108151780         0.136015383687         0.471916110111
        0.389567181361         0.149133078492         0.433282667876
        0.391114038720         0.144643166587         0.453873536341
        0.391295898429         0.146464416831         0.447815575237
        0.391565942240         0.145636671327         0.449428700367
        0.391480294061         0.145671198619         0.446648216776
        0.391328019229         0.145281144501         0.444795261884
        0.391098579439         0.145000062717         0.442235494493
        0.390855053405         0.144655068566         0.439832266959
        0.390608304429         0.144334800181         0.437411637211
        0.390374121275         0.144022559681         0.435147903544
        0.390158903608         0.143737493113         0.433058588023
        0.389968351224         0.143482302836         0.431203040427
        0.389805935022         0.143263541019         0.429611030267
        0.389674129236         0.143084284987         0.428310094735
        0.389574240473         0.142946973722         0.427315378235
        0.389506577222         0.142852405266         0.426633273636
        0.389470459267         0.142800153257         0.426260214271
        0.389464291429         0.142788491860         0.426183576614
        0.389485641535         0.142814542182         0.426382182093
        0.389531347184         0.142874382655         0.426827293202
        0.389597640911         0.142963213555         0.427483744096
        0.389680292401         0.143075537158         0.428311282906
        0.389774762077         0.143205359398         0.429266038003
        0.389876361133         0.143346401999         0.430302072727
        0.389980412535         0.143492319477         0.431372971257
        0.390082407705         0.143636913275         0.432433404726
        0.390178153737         0.143774336199         0.433440625677
        0.390263906411         0.143899280481         0.434355842705
        0.390336484798         0.144007143476         0.435145431390
        0.390393363904         0.144094165810         0.435781943601
        0.390432742583         0.144157537737         0.436244884312
        0.390453584796         0.144195470596         0.436521233119
        0.390455633241         0.144207231442         0.436605696402
        0.390439395267         0.144193140172         0.436500685201
        0.390406101996         0.144154529736         0.436216023156
        0.390357642403         0.144093671290         0.435768397935
        0.390296475009         0.144013667265         0.435180578129
        0.390225520529         0.143918316470         0.434480425459
        0.390148039503         0.143811956200         0.433699738872
        0.390067499361         0.143699287129         0.432872972672
        0.389987435778         0.143585187310         0.432035874912
        0.389911313277         0.143474521922         0.431224094781
        0.389842390091         0.143371955572         0.430471808585
        0.389783592090         0.143281773782         0.429810413052
        0.389737400254         0.143207720001         0.429267332185
        0.389705755679         0.143152853877         0.428864979812
        0.389689985474         0.143119435800         0.428619914362
        0.389690752180         0.143108841772         0.428542215691
        0.389708028481         0.143121511604         0.428635105846
        0.389741098113         0.143156932263         0.428894827162
        0.389788582934         0.143213656959         0.429310781969
        0.389848495214         0.143289359297         0.429865929020
        0.389918313280         0.143380920604         0.430537422737
        0.389995077869         0.143484547349         0.431297472775
        0.390075505774         0.143595914537         0.432114393697
        0.390156116753         0.143710330019         0.432953807746
        0.390233369200         0.143822913924         0.433779958301
        0.390303799750         0.143928786864         0.434557087553
        0.390364161810         0.144023260241         0.435250829554
        0.390411558043         0.144102021867         0.435829569019
        0.390443561985         0.144161310264         0.436265717266
        0.390458324351         0.144198071332         0.436536859227
        0.390454660056         0.144210091683         0.436626729716
        0.390432112616         0.144196103671         0.436525982723
        0.390390993378         0.144155858116         0.436232724368
        0.390332393822         0.144090161769         0.435752788026
        0.390258170123         0.144000877772         0.435099738764
        0.390170900076         0.143890888584         0.434294603323
        0.390073813451         0.143764022136         0.433365331141
        0.389970697736         0.143624943219         0.432346001051
        0.389865782105         0.143479013290         0.431275797010
        0.389763603198         0.143332122999         0.430197784189
        0.389668856960         0.143190502683         0.429157523788
        0.389586241322         0.143060516869         0.428201570754
        0.389520294850         0.142948449457         0.427375903020
        0.389475236722         0.142860286605         0.426724333673
        0.389454813382         0.142801504531         0.426286958875
        0.389462157146         0.142776869442         0.426098693387
        0.389499661603         0.142790256179         0.426187944651
        0.389568878486         0.142844492663         0.426575468944
        0.389670439382         0.142941233573         0.427273457991
        0.389804007064         0.143080873854         0.428284869120
        0.389968254490         0.143262488875         0.429603083942
        0.390160885460         0.143483848173         0.431211751464
        0.390378658814         0.143741377597         0.433085265831
        0.390617507857         0.144030396828         0.435188665155
        0.390872428666         0.144344708477         0.437480182710
        0.391137811081         0.144677897250         0.439907564250
        0.391405673701         0.145019786802         0.442421394671
        0.391666843979         0.145364798741         0.444942129942
        0.391896532374         0.145686833759         0.447444638539
        0.392062397778         0.145997394875         0.449719075972
        0.392025929359         0.146178497382         0.451941258648
        0.391626312827         0.146391070112         0.453039794245
        0.390065206389         0.145978712735         0.454571316010
        0.386825886140         0.146354616006         0.449866036431
        0.378042539363         0.143415984312         0.450310530582
        0.363932970247         0.149466420501         0.413194885116
        0.357724149564         0.135376393208         0.431773268763
