       -0.004098190795        -0.003754385955        -0.004063272261        -0.003782184970        -0.004043305458        -0.003820173150        -0.004024034182        -0.003865119455        -0.003990958357        -0.003904014269        -0.003949320805        -0.003933078413        -0.003914056465        -0.003964281700        -0.003889178945        -0.004007410709        -0.003865076601        -0.004053848765        -0.003834349263        -0.004087504329        -0.003801325555        -0.004108254038        -0.003774417152        -0.004133205325        -0.003754834395        -0.004171348844
        0.002100811053         0.002087625570         0.002102248963         0.002098635274         0.002120945628         0.002121581904         0.002143063998         0.002136331672         0.002149628266         0.002134141028         0.002142199919         0.002127959929         0.002140362093         0.002134900552         0.002155252593         0.002153995536         0.002174531534         0.002167744946         0.002178942949         0.002165044138         0.002169068468         0.002156532020         0.002165137076         0.002160901977         0.002178839719         0.002178935329
       -0.001590464191        -0.001607939992        -0.001604663094        -0.001621311547        -0.001644352296        -0.001652205691        -0.001671037259        -0.001672700594        -0.001666484313        -0.001666967512        -0.001653342416        -0.001654954483        -0.001660896329        -0.001666542663        -0.001687485931        -0.001698935892        -0.001706332529        -0.001718021994        -0.001701774928        -0.001705753443        -0.001688657924        -0.001688156108        -0.001691575811        -0.001700226153        -0.001712190166        -0.001734085606
        0.001378157329         0.001388966408         0.001393089890         0.001424043675         0.001440102462         0.001459777696         0.001472314161         0.001468237277         0.001463274741         0.001455717148         0.001442897523         0.001452758707         0.001454822073         0.001476210621         0.001496027563         0.001508390768         0.001521372707         0.001518432860         0.001506938945         0.001502312130         0.001484178129         0.001490800760         0.001495838681         0.001509801601         0.001534559147         0.001542223250
       -0.001023236763        -0.001158584272        -0.001073924216        -0.001187349283        -0.001140482883        -0.001214859680        -0.001171458579        -0.001203920055        -0.001164915485        -0.001166656055        -0.001165360869        -0.001149906288        -0.001203176660        -0.001172686526        -0.001256867154        -0.001198522945        -0.001283057439        -0.001183456180        -0.001273643566        -0.001138587113        -0.001266382407        -0.001118707241        -0.001294414563        -0.001145723083        -0.001339946622        -0.001173450479
        0.000819376510         0.000880976344         0.000863636750         0.000932065251         0.000922577202         0.000959369433         0.000933252022         0.000948069129         0.000899215657         0.000928400930         0.000883891365         0.000937547998         0.000922158443         0.000975059104         0.000972140067         0.001002335740         0.000973853316         0.000989855141         0.000933764564         0.000957829823         0.000916991984         0.000954683337         0.000955179144         0.000990921936         0.000999449255         0.001019003746
       -0.000473441830        -0.000646897763        -0.000551389548        -0.000686882093        -0.000617063991        -0.000690143476        -0.000626295194        -0.000641803018        -0.000609254138        -0.000592826679        -0.000626335475        -0.000593444832        -0.000689051681        -0.000625529559        -0.000746060006        -0.000625172708        -0.000751364989        -0.000569615236        -0.000725907673        -0.000512572024        -0.000731158340        -0.000513706894        -0.000784711422        -0.000552231444        -0.000832760945        -0.000551340446
        0.000247788124         0.000354241032         0.000316793054         0.000403870512         0.000359586733         0.000404665174         0.000328983157         0.000369244101         0.000278501527         0.000350685293         0.000286752337         0.000377915238         0.000347938416         0.000419856052         0.000380205911         0.000422569746         0.000340773076         0.000378569007         0.000287163993         0.000342440409         0.000297522484         0.000361789315         0.000358102334         0.000407406312         0.000380536372         0.000407376210
        0.000017223077        -0.000132866281        -0.000067699873        -0.000166539099        -0.000102088747        -0.000130954919        -0.000072459637        -0.000056893780        -0.000048049736        -0.000023818085        -0.000087391400        -0.000054245401        -0.000161293265        -0.000082330759        -0.000192165369        -0.000042138596        -0.000157990715         0.000040353354        -0.000123987111         0.000077611983        -0.000155218974         0.000041421261        -0.000223869828         0.000007714777        -0.000244582298         0.000052502606
       -0.000212179304        -0.000089611959        -0.000139363521        -0.000062981009        -0.000141736193        -0.000100364698        -0.000214792150        -0.000151613926        -0.000256743600        -0.000153150294        -0.000211247903        -0.000106609172        -0.000146289793        -0.000078012320        -0.000158095896        -0.000114709099        -0.000235164239        -0.000180088465        -0.000272658809        -0.000195359715        -0.000221026506        -0.000146837909        -0.000159266760        -0.000112455221        -0.000183109511        -0.000156745753
        0.000342365194         0.000249568428         0.000279271167         0.000246476079         0.000300032908         0.000322055141         0.000365077722         0.000392756720         0.000378022715         0.000383241729         0.000314379465         0.000327953401         0.000253981685         0.000325730778         0.000273591636         0.000405146371         0.000341788948         0.000481098261         0.000358862009         0.000468381779         0.000295059477         0.000403735967         0.000236475700         0.000399952133         0.000265912550         0.000485817539
       -0.000450365891        -0.000359398400        -0.000406810562        -0.000375288985        -0.000469266992        -0.000446301625        -0.000559627038        -0.000489395273        -0.000561308894        -0.000458981876        -0.000482876377        -0.000404589574        -0.000445728934        -0.000409800342        -0.000512590070        -0.000483028477        -0.000597643489        -0.000539648758        -0.000586653683        -0.000511357580        -0.000501400859        -0.000445326513        -0.000471328280        -0.000446782079        -0.000547255834        -0.000529782017
        0.000451097959         0.000423892719         0.000437827191         0.000469164055         0.000515732059         0.000563614704         0.000588623599         0.000593920761         0.000568021250         0.000533307420         0.000491368041         0.000478430673         0.000472102752         0.000519500551         0.000545488051         0.000615131688         0.000617180184         0.000644169149         0.000591137070         0.000573059121         0.000506768921         0.000509331437         0.000488386678         0.000554173472         0.000568136209         0.000653824997
       -0.000446651645        -0.000429972561        -0.000461634863        -0.000493195092        -0.000570804256        -0.000573274658        -0.000635572201        -0.000580321248        -0.000579332166        -0.000517166217        -0.000494792733        -0.000477519990        -0.000513455185        -0.000526922579        -0.000619012264        -0.000612230253        -0.000668529818        -0.000625180728        -0.000595674274        -0.000549891272        -0.000508767373        -0.000494797467        -0.000537586662        -0.000546153666        -0.000643637469        -0.000638838993
        0.000367585926         0.000397277137         0.000417115190         0.000487274447         0.000527774828         0.000562522887         0.000570349491         0.000527839673         0.000506565530         0.000434923046         0.000440891427         0.000414028270         0.000480136291         0.000497064457         0.000584813368         0.000570108911         0.000619481160         0.000526899828         0.000541432030         0.000420244924         0.000466641818         0.000396063082         0.000508950422         0.000487032145         0.000613025682         0.000557701719
       -0.000268907942        -0.000339894515        -0.000350846745        -0.000435174642        -0.000467117261        -0.000489820565        -0.000467200048        -0.000444344894        -0.000362845175        -0.000365929550        -0.000311438349        -0.000365436907        -0.000393844491        -0.000451451778        -0.000497917731        -0.000511772761        -0.000476655759        -0.000459960124        -0.000359633657        -0.000360460872        -0.000314912823        -0.000350131938        -0.000407226895        -0.000444464172        -0.000499776192        -0.000504548833
        0.000172143027         0.000242281339         0.000276276896         0.000349400738         0.000377741380         0.000367519441         0.000358761694         0.000270190640         0.000263030659         0.000185063300         0.000238370947         0.000222596371         0.000334171810         0.000323377493         0.000428497843         0.000335924806         0.000394935788         0.000225670341         0.000283481982         0.000130772786         0.000256932846         0.000173849258         0.000358195083         0.000282758799         0.000441824286         0.000284879244
       -0.000035093651        -0.000168808475        -0.000164082008        -0.000264809336        -0.000236560478        -0.000263199578        -0.000156431566        -0.000170061739        -0.000041592056        -0.000109137035        -0.000058086025        -0.000162902769        -0.000183609491        -0.000258526452        -0.000237313942        -0.000258747302        -0.000137740970        -0.000149158987        -0.000022907262        -0.000069794750        -0.000055522687        -0.000126125995        -0.000185021662        -0.000232025044        -0.000216259232        -0.000221908528
       -0.000031390106         0.000058577096         0.000097799792         0.000139777036         0.000144569638         0.000080423679         0.000055414095        -0.000046910502        -0.000038135213        -0.000078556303         0.000002525272         0.000017647049         0.000128274014         0.000095143279         0.000165810474         0.000028256168         0.000060627316        -0.000110008049        -0.000039177197        -0.000141052653         0.000011090425        -0.000032036286         0.000140247461         0.000048522894         0.000157432561        -0.000033959906
        0.000138912287        -0.000003901137         0.000008522960        -0.000061573193         0.000021012158         0.000009571099         0.000161154246         0.000119643119         0.000233068870         0.000126694733         0.000137687335         0.000025199585         0.000015827654        -0.000039615692         0.000048449092         0.000035546733         0.000196226749         0.000163518547         0.000251368349         0.000175806840         0.000136506395         0.000060166990         0.000021785550        -0.000010151449         0.000080645591         0.000081911075
       -0.000156115287        -0.000071772267        -0.000047303509        -0.000058504745        -0.000085818906        -0.000184644067        -0.000220505220        -0.000287883190        -0.000265658975        -0.000237110292        -0.000157744850        -0.000113111526        -0.000049301337        -0.000100656788        -0.000098370650        -0.000233030820        -0.000241535252        -0.000338757257        -0.000276479490        -0.000275803794        -0.000151520656        -0.000137922931        -0.000047618572        -0.000130672045        -0.000120187456        -0.000276798487
        0.000187658105         0.000094950158         0.000112029920         0.000107862685         0.000219496439         0.000232602359         0.000365904237         0.000311305393         0.000350221450         0.000244540339         0.000201373379         0.000128392687         0.000139347506         0.000131680986         0.000260591703         0.000264308291         0.000396170416         0.000352595602         0.000351361606         0.000274593745         0.000189883651         0.000140480356         0.000146928971         0.000147437536         0.000286828685         0.000295391397
       -0.000165133355        -0.000115131103        -0.000123010453        -0.000189957196        -0.000245380300        -0.000338961234        -0.000372714371        -0.000365320405        -0.000334252694        -0.000238955755        -0.000188738997        -0.000140295684        -0.000148228928        -0.000213780465        -0.000278762022        -0.000364230163        -0.000399579527        -0.000382025686        -0.000336418769        -0.000236949690        -0.000176844754        -0.000131077953        -0.000151368092        -0.000216936759        -0.000297942975        -0.000371636799
        0.000117337686         0.000113053557         0.000138935745         0.000205443637         0.000309695191         0.000339480854         0.000395900089         0.000342580760         0.000281839104         0.000214068677         0.000136535599         0.000133078799         0.000174225708         0.000218840412         0.000345140943         0.000360083197         0.000402965558         0.000358812114         0.000259429137         0.000208249873         0.000117623691         0.000115868163         0.000180791076         0.000213977640         0.000352214425         0.000360459836
       -0.000080106874        -0.000089296049        -0.000132881316        -0.000236117462        -0.000300914672        -0.000345847115        -0.000361028809        -0.000270199160        -0.000235814286        -0.000113643283        -0.000107732841        -0.000092947105        -0.000166353558        -0.000237172388        -0.000334706094        -0.000341697142        -0.000372023606        -0.000249270648        -0.000218722118        -0.000076810524        -0.000090721322        -0.000060792626        -0.000171105800        -0.000219221554        -0.000338120738        -0.000314153321
       -0.000007591678         0.000077064124         0.000118402678         0.000225610970         0.000287294626         0.000311935154         0.000264144930         0.000221868048         0.000085890048         0.000076972889         0.000011178053         0.000076993893         0.000150101456         0.000224702660         0.000302158902         0.000312641481         0.000242531139         0.000205882823         0.000049389052         0.000040213923        -0.000002849813         0.000042854518         0.000157189203         0.000205865572         0.000287317194         0.000284169327
        0.000034368358        -0.000042965931        -0.000108362754        -0.000210348123        -0.000257837155        -0.000226408086        -0.000210646461        -0.000067023432        -0.000036353228         0.000051463651         0.000013595784        -0.000031689443        -0.000137482309        -0.000195513517        -0.000274949306        -0.000200653788        -0.000195978350        -0.000023996547        -0.000006026233         0.000098419322         0.000024818251        -0.000000682591        -0.000144879231        -0.000173146757        -0.000259645964        -0.000156647528
       -0.000101981227         0.000034619984         0.000090891150         0.000187291307         0.000183703770         0.000179429331         0.000044608317         0.000018904265        -0.000127201015        -0.000078242117        -0.000084287832         0.000021018189         0.000111164428         0.000177127774         0.000173372381         0.000163150146         0.000005100149        -0.000017435973        -0.000156327678        -0.000122004825        -0.000078872018        -0.000006310610         0.000121799476         0.000159498067         0.000145149729         0.000123250457
        0.000104100418        -0.000023428901        -0.000085213584        -0.000141805527        -0.000149143499        -0.000043187555         0.000003351290         0.000140102292         0.000157031712         0.000158398132         0.000090609449        -0.000009777921        -0.000102996905        -0.000123462230        -0.000143015777        -0.000012419408         0.000035736947         0.000179395667         0.000180589740         0.000185883721         0.000082038727        -0.000002651799        -0.000115414925        -0.000113680918        -0.000117215607         0.000022763120
       -0.000105449088         0.000025169758         0.000081114417         0.000117869163         0.000046549643         0.000003071144        -0.000162905284        -0.000167323031        -0.000248511002        -0.000161870827        -0.000087473367         0.000011348739         0.000086322778         0.000107647333         0.000017690795        -0.000018099936        -0.000198575069        -0.000200438536        -0.000248767667        -0.000184047334        -0.000055974434         0.000011257209         0.000100878475         0.000105162522        -0.000008817597        -0.000045920542
        0.000084153284        -0.000048111950        -0.000080587289        -0.000058283079        -0.000018522286         0.000127757340         0.000188141871         0.000255089516         0.000247352435         0.000148606229         0.000072889203        -0.000042029673        -0.000084877469        -0.000046744457         0.000005267098         0.000147131329         0.000217589908         0.000268524362         0.000243050688         0.000138669661         0.000038584138        -0.000066670523        -0.000101750567        -0.000056841162         0.000026871711         0.000154531095
       -0.000014077533         0.000056857935         0.000084623652         0.000039856663        -0.000079153926        -0.000148417301        -0.000274646198        -0.000252798260        -0.000222144840        -0.000128763808         0.000002802247         0.000053104754         0.000074366539         0.000036607417        -0.000112563499        -0.000160963093        -0.000285468581        -0.000261777698        -0.000185336605        -0.000113269490         0.000052255616         0.000084603984         0.000088192738         0.000053318357        -0.000123474054        -0.000160192028
       -0.000017183344        -0.000095512202        -0.000084464246         0.000022657337         0.000094901609         0.000225780172         0.000271708130         0.000232218128         0.000193962029         0.000031419365        -0.000028875675        -0.000098284321        -0.000075703286         0.000024435862         0.000123043884         0.000225936683         0.000277660722         0.000213128056         0.000154215530        -0.000012032330        -0.000079583145        -0.000142516253        -0.000091423123         0.000001085372         0.000127653686         0.000202617669
        0.000118315341         0.000102602033         0.000074491363        -0.000034189051        -0.000163226235        -0.000224249130        -0.000255750971        -0.000205571080        -0.000069608844        -0.000000127938         0.000127571483         0.000109397463         0.000050828248        -0.000030174553        -0.000186744109        -0.000221648491        -0.000233049640        -0.000184520090        -0.000007856413         0.000046699760         0.000173233983         0.000156993015         0.000055575897        -0.000003462544        -0.000176485795        -0.000192367837
       -0.000141877916        -0.000119599034        -0.000068702184         0.000092897998         0.000166607805         0.000226068514         0.000230941205         0.000093663226         0.000030071011        -0.000122925986        -0.000149444505        -0.000123747852        -0.000048466206         0.000089844431         0.000185535431         0.000211075468         0.000205396143         0.000054141453        -0.000031844342        -0.000175631612        -0.000193600617        -0.000161238912        -0.000053878898         0.000070142263         0.000169673957         0.000171444232
        0.000208793133         0.000116495532         0.000022913195        -0.000099140706        -0.000193838465        -0.000208145565        -0.000129857652        -0.000057374956         0.000123846304         0.000148418945         0.000201152858         0.000124557604        -0.000009473528        -0.000094281937        -0.000198817516        -0.000194334758        -0.000082663410        -0.000018885418         0.000181773505         0.000200282869         0.000217257008         0.000160151717        -0.000021328352        -0.000075631965        -0.000173003834        -0.000153304789
       -0.000211061986        -0.000079318376        -0.000008597541         0.000146996884         0.000188244147         0.000143658515         0.000096668557        -0.000084869199        -0.000154973379        -0.000220885307        -0.000204694854        -0.000074395285         0.000019909869         0.000147581091         0.000190294874         0.000126126541         0.000049606042        -0.000120619429        -0.000209177628        -0.000250848915        -0.000216214992        -0.000078761360         0.000032629776         0.000148809818         0.000161724723         0.000094107527
        0.000190050998         0.000062699283        -0.000074661053        -0.000149740162        -0.000173505304        -0.000119379540         0.000036694493         0.000113462313         0.000252611105         0.000226045467         0.000159958709         0.000059847853        -0.000108043259        -0.000152257600        -0.000160058150        -0.000105786530         0.000085295675         0.000145109775         0.000274655986         0.000250563618         0.000130331434         0.000057887793        -0.000137702345        -0.000157991536        -0.000132632870        -0.000077421286
       -0.000167643310         0.000032289360         0.000094630171         0.000175431411         0.000162953238         0.000021691529        -0.000063528668        -0.000211757726        -0.000259930572        -0.000195564183        -0.000139985023         0.000051668537         0.000125016748         0.000185157823         0.000148946999         0.000015000098        -0.000108278018        -0.000220631910        -0.000274536220        -0.000180455457        -0.000104113411         0.000091443273         0.000156348902         0.000214213243         0.000122689425         0.000011141437
        0.000049927767        -0.000057958617        -0.000187792734        -0.000174665459        -0.000112733654        -0.000001080030         0.000166718283         0.000219708452         0.000243798671         0.000175731738         0.000001846167        -0.000077505190        -0.000211965746        -0.000188284114        -0.000088645120         0.000000523597         0.000190718395         0.000222389056         0.000211403545         0.000152732705        -0.000069220891        -0.000124637608        -0.000251292656        -0.000222669931        -0.000074768714        -0.000002962915
       -0.000011440335         0.000176288562         0.000205296181         0.000164197333         0.000100386161        -0.000088711586        -0.000176677056        -0.000223501382        -0.000223288255        -0.000044622246         0.000034358359         0.000205067820         0.000227793444         0.000181015699         0.000078350148        -0.000078399717        -0.000193590904        -0.000196505638        -0.000182148697         0.000014784926         0.000110281823         0.000276433520         0.000268195845         0.000228695317         0.000069357649        -0.000048203266
       -0.000156061583        -0.000200174247        -0.000260476653        -0.000158446312        -0.000026044256         0.000098827803         0.000206394226         0.000207744159         0.000094948817         0.000007839473        -0.000205920824        -0.000230191639        -0.000265347275        -0.000178840155        -0.000002618224         0.000084078474         0.000190208562         0.000174890244         0.000014930313        -0.000057855515        -0.000292146244        -0.000305723002        -0.000298604536        -0.000229856790        -0.000010935000         0.000045783540
        0.000193718271         0.000281778367         0.000265847388         0.000102560767         0.000014000300        -0.000148879266        -0.000197124394        -0.000115100932        -0.000055982381         0.000164193751         0.000241450311         0.000305359427         0.000270093520         0.000117023722        -0.000005334022        -0.000126606470        -0.000173012509        -0.000063396383         0.000030063794         0.000242204512         0.000328030908         0.000376009940         0.000302768919         0.000160700128         0.000009904413        -0.000075241273
       -0.000327252943        -0.000291515053        -0.000238660718        -0.000090698618         0.000068872076         0.000146891404         0.000147203843         0.000083587524        -0.000123039322        -0.000200664772        -0.000356039427        -0.000315623424        -0.000218576294        -0.000106611360         0.000082068052         0.000122587608         0.000094672783         0.000029305440        -0.000218575792        -0.000279593655        -0.000418871315        -0.000384402996        -0.000228672638        -0.000149848515         0.000054149798         0.000066336325
        0.000346061069         0.000280212882         0.000225693916        -0.000005571008        -0.000079244883        -0.000145495501        -0.000124793802         0.000058233593         0.000162056401         0.000323801516         0.000372127991         0.000281777199         0.000205564904        -0.000005363657        -0.000087823439        -0.000125188316        -0.000066950546         0.000107996312         0.000257365552         0.000381089330         0.000429431002         0.000314023529         0.000213339835         0.000008933682        -0.000054042236        -0.000079023022
       -0.000365656402        -0.000267936098        -0.000102819204         0.000022470536         0.000150792302         0.000134650254         0.000025954594        -0.000090495740        -0.000299385393        -0.000341290991        -0.000354463100        -0.000268188954        -0.000060532846         0.000023567774         0.000149882082         0.000115633082        -0.000040046668        -0.000137774764        -0.000366059022        -0.000392585666        -0.000360061517        -0.000292654214        -0.000037654874         0.000013457263         0.000115496060         0.000070540923
        0.000354476107         0.000144187125         0.000072858369        -0.000134274502        -0.000157980500        -0.000091254158        -0.000001475674         0.000208289847         0.000319167426         0.000340432001         0.000339657812         0.000114659609         0.000030896518        -0.000155307581        -0.000153679523        -0.000088052886         0.000064497423         0.000227278403         0.000378141710         0.000343004973         0.000335358120         0.000084685822         0.000005043210        -0.000184390858        -0.000117348240        -0.000073947084
       -0.000227610327        -0.000111258159         0.000112074931         0.000151843016         0.000196391626         0.000077335716        -0.000095393150        -0.000225782356        -0.000337266493        -0.000327752114        -0.000172413838        -0.000078992824         0.000164113165         0.000175984905         0.000184172909         0.000078190704        -0.000142982108        -0.000237528836        -0.000338597352        -0.000319326853        -0.000109176073        -0.000038996023         0.000215233760         0.000211106161         0.000160783784         0.000070634544
        0.000188074107        -0.000089579932        -0.000149041138        -0.000238762285        -0.000198247596        -0.000015201395         0.000110676967         0.000256539569         0.000326533518         0.000183649036         0.000129339240        -0.000144197741        -0.000200049620        -0.000277480065        -0.000185015083        -0.000036425479         0.000152108238         0.000228881576         0.000315020132         0.000121342282         0.000056421018        -0.000230961423        -0.000253191882        -0.000342987152        -0.000164195205        -0.000067109193
        0.000046599502         0.000131597919         0.000322568719         0.000250110081         0.000185927172         0.000004119382        -0.000159481241        -0.000250171533        -0.000203371017        -0.000143474691         0.000129443842         0.000188486551         0.000365332134         0.000291679779         0.000169722785         0.000030476876        -0.000162697290        -0.000213242538        -0.000129812883        -0.000070602494         0.000240804013         0.000282413128         0.000424761549         0.000361432831         0.000169813971
       -0.000099471774        -0.000327696716        -0.000351047679        -0.000270831922        -0.000180599280         0.000051290066         0.000158881046         0.000173031757         0.000164999867        -0.000091242194        -0.000183675144        -0.000386395868        -0.000391520720        -0.000312619049        -0.000166096206         0.000011539015         0.000151766825         0.000105786169         0.000079410391        -0.000195503904        -0.000299495456        -0.000493890799        -0.000449954684        -0.000385677926
        0.000342827559         0.000360972833         0.000429432931         0.000269548707         0.000112412546        -0.000055689914        -0.000139751537        -0.000144900069         0.000050953274         0.000142396001         0.000420741853         0.000419265394         0.000444275994         0.000311996422         0.000100176439        -0.000011955950        -0.000091977421        -0.000071120843         0.000172961565         0.000251086958         0.000532597104         0.000526396292         0.000482353504
       -0.000386236278        -0.000457745686        -0.000434978508        -0.000201384034        -0.000099794570         0.000087020736         0.000124310140        -0.000007035739        -0.000100481311        -0.000362769717        -0.000461420312        -0.000492765824        -0.000446258278        -0.000226047456        -0.000091386772         0.000046519127         0.000066768565        -0.000084134652        -0.000227560805        -0.000460535502        -0.000568995224        -0.000566561516
        0.000520874031         0.000465713964         0.000364025976         0.000185086619        -0.000010323508        -0.000084457396        -0.000051423724         0.000044306619         0.000309881417         0.000401468103         0.000558028246         0.000496590831         0.000340781365         0.000207570712        -0.000013617806        -0.000043300374         0.000028995706         0.000121334132         0.000426425081         0.000494132471         0.000613103689
       -0.000533790028        -0.000400697438        -0.000340395973        -0.000039423038         0.000027723109         0.000087067921         0.000029109422        -0.000198621300        -0.000347710994        -0.000497069941        -0.000563791607        -0.000390399674        -0.000313430480        -0.000031060162         0.000026642202         0.000067586022        -0.000055639249        -0.000245824545        -0.000458838005        -0.000533897784
        0.000479670948         0.000376110271         0.000127192978         0.000011869811        -0.000146309224        -0.000080273487         0.000058025868         0.000227663580         0.000445636748         0.000503261566         0.000453221069         0.000359180704         0.000070511617        -0.000000454309        -0.000140337594        -0.000064278018         0.000134483452         0.000267365577         0.000496434443
       -0.000452751567        -0.000154368945        -0.000080623323         0.000163292306         0.000163238513         0.000060593574        -0.000076446591        -0.000306513668        -0.000452495694        -0.000411666768        -0.000417029221        -0.000095622720        -0.000022149660         0.000206479680         0.000154304992         0.000076755276        -0.000149355241        -0.000292250213
        0.000210666880         0.000104042311        -0.000199898568        -0.000192501428        -0.000246282242        -0.000053339662         0.000133043302         0.000312727989         0.000379221069         0.000378867932         0.000123887855         0.000039741798        -0.000269098542        -0.000239524374        -0.000234759084        -0.000075594159         0.000166344551
       -0.000152001698         0.000194658764         0.000251800762         0.000327566384         0.000255946783         0.000023291881        -0.000138616442        -0.000270684863        -0.000349058463        -0.000121471672        -0.000058565646         0.000280632550         0.000319538546         0.000389806242         0.000243780816         0.000073251720
       -0.000187651647        -0.000251287522        -0.000482820957        -0.000346078772        -0.000265295572        -0.000018823529         0.000136603661         0.000249433304         0.000123133460         0.000061839059        -0.000301764434        -0.000338491848        -0.000534140692        -0.000409532848        -0.000252300409
        0.000254665861         0.000501004196         0.000517539335         0.000377728481         0.000262322454        -0.000010589781        -0.000126396821        -0.000097840204        -0.000067811205         0.000257495640         0.000369006710         0.000575291782         0.000563657102         0.000428621741
       -0.000545802173        -0.000539232832        -0.000589286285        -0.000375779841        -0.000183085005         0.000010853493         0.000068000457         0.000057973023        -0.000216272638        -0.000318639391        -0.000635980402        -0.000608596001        -0.000592368363
        0.000591696995         0.000621179232         0.000589028434         0.000276245328         0.000166644734        -0.000033401072        -0.000047189937         0.000137040270         0.000272665919         0.000555733497         0.000674188735         0.000640555558
       -0.000695478359        -0.000621579151        -0.000450016810        -0.000251975516        -0.000018287729         0.000030687478        -0.000036683675        -0.000177658261        -0.000484206746        -0.000590147667        -0.000710435114
        0.000697219451         0.000479603587         0.000411065584         0.000047063725        -0.000006797512        -0.000044685262         0.000057843760         0.000324113343         0.000515520655         0.000622521739
       -0.000546994255        -0.000438144344        -0.000099082514        -0.000008502999         0.000172311010         0.000041654952        -0.000123266319        -0.000346487163        -0.000544636690
        0.000499825378         0.000111839970         0.000035400913        -0.000225923845        -0.000197108766        -0.000047447268         0.000134590735         0.000367508062
       -0.000139224745        -0.000043757603         0.000328953588         0.000264000632         0.000312943185         0.000046054727        -0.000145696592
        0.000061148122        -0.000339004922        -0.000391793697        -0.000429748813        -0.000326804034        -0.000043331755
        0.000365325177         0.000406028728         0.000651554007         0.000450661885         0.000336844703
       -0.000441947799        -0.000679106521        -0.000685660016        -0.000466231738
        0.000746808172         0.000715254414         0.000711591736
       -0.000787759671        -0.000742511785
        0.000818429028
