       -0.003032347920        -0.003037346649        -0.003037552816        -0.003034124395        -0.003031923249        -0.003034409321        -0.003040033674        -0.003043892055        -0.003042879555        -0.003038937425        -0.003037001516        -0.003039821616        -0.003045089920        -0.003047877480        -0.003045809812        -0.003041551923        -0.003040004127        -0.003043159670        -0.003048020095        -0.003049748283        -0.003046745936        -0.003042328377        -0.003041242536        -0.003044684852        -0.003049046570        -0.003049701763
        0.001521105651         0.001534877040         0.001532936526         0.001522630581         0.001519822300         0.001531806693         0.001549629496         0.001557885262         0.001551295654         0.001540270433         0.001539627714         0.001552696795         0.001567846457         0.001571051862         0.001560937705         0.001550189843         0.001551903722         0.001565553561         0.001577605651         0.001576064690         0.001563331684         0.001553608461         0.001557655893         0.001571251830         0.001579721238         0.001573680880
       -0.000921810101        -0.000927211202        -0.000914203949        -0.000902057148        -0.000908588510        -0.000931180004        -0.000949762803        -0.000948381892        -0.000932201180        -0.000921870622        -0.000931418802        -0.000953330945        -0.000966675411        -0.000959494446        -0.000941529723        -0.000933767332        -0.000946025693        -0.000966512173        -0.000974451257        -0.000962266023        -0.000943646961        -0.000938928737        -0.000953386741        -0.000971607596        -0.000973940205        -0.000957474448
        0.000549689531         0.000541294819         0.000520457583         0.000514195652         0.000533430249         0.000561468231         0.000572032757         0.000557376680         0.000536447080         0.000534542447         0.000556304762         0.000580865656         0.000584211563         0.000564807556         0.000545170122         0.000547799475         0.000571188078         0.000591478574         0.000587945698         0.000565095080         0.000547838367         0.000554911539         0.000578887909         0.000594101848         0.000584029585         0.000558929821
       -0.000152191543        -0.000127595795        -0.000106088214        -0.000112930766        -0.000142894425        -0.000166006788        -0.000159579197        -0.000132306065        -0.000114887926        -0.000127307594        -0.000157621595        -0.000174763932        -0.000161633887        -0.000133235306        -0.000120665454        -0.000138030377        -0.000167478905        -0.000178223592        -0.000159283971        -0.000131139608        -0.000123946391        -0.000145471187        -0.000172833277        -0.000176834399        -0.000153006319        -0.000126380526
       -0.000172293724        -0.000207033357        -0.000219817640        -0.000197445201        -0.000164153493        -0.000155654287        -0.000181130101        -0.000213600334        -0.000218724135        -0.000191310114        -0.000160740721        -0.000159657709        -0.000189290846        -0.000218224756        -0.000215821318        -0.000184761437        -0.000158149601        -0.000164317799        -0.000196743135        -0.000221000586        -0.000211334600        -0.000178024247        -0.000156460653        -0.000169550148        -0.000203370132        -0.000221933678
        0.000416460445         0.000450480127         0.000446043979         0.000410892401         0.000385163325         0.000398608097         0.000439065633         0.000465554902         0.000451887242         0.000414425754         0.000394591708         0.000414836206         0.000454869158         0.000473282384         0.000451533035         0.000413595045         0.000400458364         0.000426612098         0.000464692353         0.000474546685         0.000445860732         0.000409109865         0.000403204261         0.000434180380         0.000468767580         0.000469688817
       -0.000532122960        -0.000552202082        -0.000526996101        -0.000487921206        -0.000480667863        -0.000516632269        -0.000560982716        -0.000569814835        -0.000536790525        -0.000499762838        -0.000500487381        -0.000540310151        -0.000578836655        -0.000576872947        -0.000538018246        -0.000504793206        -0.000513477023        -0.000555622387        -0.000587049672        -0.000574746302        -0.000531906540        -0.000503927626        -0.000520225323        -0.000562998086        -0.000586090295        -0.000563984126
        0.000515481288         0.000511081730         0.000468975945         0.000438747654         0.000456834443         0.000507920103         0.000541392464         0.000525166732         0.000479683403         0.000456099827         0.000481955176         0.000532016812         0.000555147127         0.000528584241         0.000482051105         0.000466178851         0.000498789237         0.000546017344         0.000558258853         0.000522793077         0.000477276111         0.000469798694         0.000507861643         0.000550391613         0.000551296828         0.000508389130
       -0.000380211731        -0.000348172092        -0.000300363839        -0.000291242498        -0.000333769941        -0.000385813983        -0.000395008072        -0.000354307830        -0.000309358688        -0.000310003974        -0.000357441287        -0.000403042944        -0.000399978368        -0.000352845151        -0.000312746910        -0.000323096773        -0.000373607302        -0.000411225949        -0.000396383539        -0.000344932959        -0.000311348624        -0.000330984925        -0.000382576903        -0.000410759654        -0.000384760457        -0.000331059496
        0.000168110696         0.000114677220         0.000076427122         0.000095539111         0.000153135244         0.000189473600         0.000167365453         0.000111514348         0.000082224510         0.000111463148         0.000169041268         0.000194689055         0.000161927245         0.000106066677         0.000086767118         0.000124837587         0.000180213453         0.000194422277         0.000152514540         0.000098892064         0.000090290260         0.000135670292         0.000186700312         0.000188942429         0.000139532561         0.000090265544
        0.000066677650         0.000127044602         0.000141292520         0.000095126079         0.000038243996         0.000031520352         0.000082525115         0.000137639557         0.000138929912         0.000085493264         0.000034330535         0.000039920146         0.000096567083         0.000144492092         0.000133139467         0.000074695507         0.000031157334         0.000048683916         0.000108745044         0.000147731725         0.000124289845         0.000063129147         0.000028880453         0.000057669994         0.000118834516         0.000147327505
       -0.000267779178        -0.000316254123        -0.000297852047        -0.000234921421        -0.000196705176        -0.000225906174        -0.000293570789        -0.000329889658        -0.000298151265        -0.000233558380        -0.000205867539        -0.000245525989        -0.000311509873        -0.000334793783        -0.000291414048        -0.000227814582        -0.000211660795        -0.000260229350        -0.000322131154        -0.000331687241        -0.000278456333        -0.000218314046        -0.000214321641        -0.000269962623        -0.000325390912        -0.000320744227
        0.000390303817         0.000409471340         0.000359386357         0.000297072266         0.000292062302         0.000352777924         0.000417772621         0.000420887962         0.000361276683         0.000304218503         0.000311957116         0.000377855195         0.000433492210         0.000421096972         0.000354674779         0.000305159069         0.000325336544         0.000394000668         0.000438387900         0.000411172624         0.000340572945         0.000300509672         0.000332380750         0.000401202555         0.000432568341         0.000391416121
       -0.000409766827        -0.000389712356        -0.000319557198        -0.000277498652        -0.000311521465        -0.000388696846        -0.000430192719        -0.000394750418        -0.000322290227        -0.000291586728        -0.000336895797        -0.000411769448        -0.000438257037        -0.000389376678        -0.000317637485        -0.000299470251        -0.000354372471        -0.000424285063        -0.000435009931        -0.000374712700        -0.000306466278        -0.000301542630        -0.000363983194        -0.000426255356        -0.000420680069        -0.000351100544
        0.000327193163         0.000269655404         0.000199041668         0.000192869613         0.000260105991         0.000331818109         0.000334219064         0.000266702167         0.000202400776         0.000210784604         0.000284200016         0.000346032336         0.000331766111         0.000257186924         0.000201666763         0.000224227482         0.000301123835         0.000350955938         0.000320750808         0.000241987506         0.000197339935         0.000233250651         0.000310756067         0.000346647102         0.000301492269         0.000221413517
       -0.000167686515        -0.000086581488        -0.000037531055        -0.000073398911        -0.000157068291        -0.000200846485        -0.000159247324        -0.000077003460        -0.000041699060        -0.000091156655        -0.000173490022        -0.000202022396        -0.000146910966        -0.000066653703        -0.000046250998        -0.000107353895        -0.000185372699        -0.000197761565        -0.000131269195        -0.000055965423        -0.000051208065        -0.000121717012        -0.000192523084        -0.000188213821        -0.000112699542        -0.000045168745
       -0.000026463996        -0.000108364757        -0.000118189102        -0.000046511682         0.000029988095         0.000029721766        -0.000047597703        -0.000120763870        -0.000112947599        -0.000032889232         0.000034397931         0.000017516486        -0.000065904793        -0.000127866497        -0.000102984988        -0.000017597359         0.000038076056         0.000005276206        -0.000081205444        -0.000129747409        -0.000088717441        -0.000001103822         0.000040883089        -0.000006722928        -0.000093102256        -0.000126267561
        0.000206383971         0.000263790714         0.000227123438         0.000137637223         0.000092141476         0.000140610042         0.000233475535         0.000274105231         0.000220927233         0.000131327802         0.000100947403         0.000162622708         0.000251743840         0.000274524871         0.000207097023         0.000120734647         0.000106537624         0.000179184645         0.000261399060         0.000265558441         0.000186321102         0.000106326836         0.000108883714         0.000189894848         0.000262070503         0.000247144248
       -0.000328263684        -0.000341145690        -0.000264529808        -0.000182605608        -0.000184769104        -0.000271171754        -0.000352694122        -0.000345167099        -0.000258285465        -0.000185314862        -0.000204514581        -0.000296489582        -0.000364718519        -0.000337521949        -0.000243789244        -0.000182458639        -0.000217995676        -0.000312279899        -0.000364835246        -0.000318981840        -0.000221774048        -0.000174323725        -0.000224960982        -0.000318071131        -0.000352763387        -0.000289550952
        0.000363714439         0.000324139179         0.000227173897         0.000178266105         0.000231682032         0.000333255663         0.000377731671         0.000319965587         0.000222566819         0.000189723972         0.000257141573         0.000354363876         0.000379221605         0.000305736802         0.000211557957         0.000195957697         0.000274970818         0.000364424997         0.000368831749         0.000282274037         0.000194705335         0.000196959026         0.000284731306         0.000363011530         0.000346452176         0.000249651379
       -0.000306326897        -0.000221898607        -0.000132173451        -0.000133901037        -0.000226938112        -0.000314514391        -0.000305517986        -0.000210670005        -0.000131156870        -0.000151763567        -0.000251340702        -0.000325181538        -0.000295602066        -0.000193941488        -0.000127485060        -0.000166192324        -0.000268785596        -0.000326321072        -0.000277235918        -0.000172383210        -0.000121393065        -0.000176885111        -0.000278780521        -0.000317701524        -0.000250553389        -0.000146149633
        0.000172691021         0.000065324169         0.000010539220         0.000066701541         0.000174905232         0.000221301705         0.000157318627         0.000050856058         0.000014588791         0.000087005836         0.000191787095         0.000218426254         0.000138864319         0.000037087639         0.000020511460         0.000106562296         0.000204244559         0.000210215017         0.000117876498         0.000024398088         0.000028186123         0.000124894253         0.000211921573         0.000196764024         0.000094759449         0.000013027601
        0.000002153821         0.000101860364         0.000102312452         0.000003983429        -0.000088461285        -0.000076763620         0.000027275396         0.000114321423         0.000092902104        -0.000014026853        -0.000093351827        -0.000061217187         0.000048521725         0.000120006916         0.000077636806        -0.000034084061        -0.000097520326        -0.000046068248         0.000065531636         0.000118877131         0.000056910580        -0.000055727885        -0.000100919202        -0.000031792436         0.000077671496         0.000110610868
       -0.000173478804        -0.000234906507        -0.000176549239        -0.000062019564        -0.000013944557        -0.000084498491        -0.000200443140        -0.000240451705        -0.000163153885        -0.000050796036        -0.000022389847        -0.000108135566        -0.000217576527        -0.000235017325        -0.000141648305        -0.000035427890        -0.000027690729        -0.000125658376        -0.000224739764        -0.000218864245        -0.000112542317        -0.000016171658        -0.000029501250        -0.000136269538        -0.000221177841        -0.000191619971
        0.000297913862         0.000299837690         0.000195697224         0.000097811825         0.000111529046         0.000224083286         0.000318160312         0.000295703091         0.000181384188         0.000096545469         0.000131132979         0.000248814043         0.000325304429         0.000279505961         0.000159116447         0.000090305699         0.000144583271         0.000263294862         0.000319431535         0.000251711475         0.000129348408         0.000079028697         0.000151179778         0.000266572442         0.000299832143         0.000211970068
       -0.000344311822        -0.000282068594        -0.000159931045        -0.000108883289        -0.000184550190        -0.000308571789        -0.000351355383        -0.000268796140        -0.000148788528        -0.000118481578        -0.000210127973        -0.000327060385        -0.000345680570        -0.000245866093        -0.000132216007        -0.000123718455        -0.000228184636        -0.000333922269        -0.000327580470        -0.000213827568        -0.000110479877        -0.000124203678        -0.000237831614        -0.000328297479        -0.000296594412        -0.000172464207
        0.000301537067         0.000189437878         0.000084353747         0.000098416750         0.000217825807         0.000317491524         0.000293042337         0.000170867536         0.000080272275         0.000117093689         0.000242583945         0.000324299202         0.000275816753         0.000147876677         0.000074904261         0.000133226006         0.000260466026         0.000321317864         0.000250325342         0.000120980509         0.000068269665         0.000146210748         0.000270656341         0.000308058156         0.000216536687         0.000090200085
       -0.000181089932        -0.000049228848         0.000006515608        -0.000072853558        -0.000203744226        -0.000248250247        -0.000159582250        -0.000031344559         0.000001144531        -0.000096419031        -0.000221124678        -0.000241427743        -0.000135847960        -0.000015628219        -0.000007489287        -0.000119913197        -0.000234129946        -0.000229422426        -0.000110461561        -0.000002468732        -0.000019191163        -0.000142727135        -0.000242302221        -0.000212327671        -0.000083903628         0.000007819412
        0.000014155874        -0.000099584084        -0.000086246779         0.000039309254         0.000143993327         0.000116918196        -0.000013753301        -0.000110523123        -0.000071510184         0.000062064240         0.000149374739         0.000098506863        -0.000036668469        -0.000113223156        -0.000049882710         0.000087159751         0.000154064314         0.000081044681        -0.000053993350        -0.000107470774        -0.000021666964         0.000114211556         0.000158167401         0.000065264704        -0.000064789311        -0.000092668899
        0.000156114005         0.000216902364         0.000134055230        -0.000003633591        -0.000049814993         0.000045090900         0.000181702455         0.000216436043         0.000112910894        -0.000019667740        -0.000041698571         0.000069655457         0.000196366984         0.000203924733         0.000083248009        -0.000039699296        -0.000036757511         0.000087284317         0.000199591165         0.000179338421         0.000045345573        -0.000063733761        -0.000035699970         0.000096733211         0.000190158490         0.000141889505
       -0.000285513236        -0.000272274404        -0.000140188641        -0.000030101174        -0.000059329979        -0.000198011694        -0.000300631729        -0.000259426165        -0.000118013162        -0.000025396291        -0.000078869368        -0.000221443515        -0.000301872287        -0.000234137199        -0.000088201996        -0.000016243718        -0.000092210616        -0.000233743676        -0.000288905669        -0.000196548576        -0.000050910162        -0.000002213195        -0.000098188612        -0.000233439019        -0.000260519155        -0.000145871148
        0.000340261176         0.000252780440         0.000107502617         0.000058856804         0.000159110950         0.000303306110         0.000339945533         0.000230679618         0.000090722045         0.000067418793         0.000184912265         0.000318644125         0.000326671472         0.000199336130         0.000069461107         0.000072365588         0.000203134754         0.000321652132         0.000300399810         0.000159041328         0.000043712791         0.000072947821         0.000212449487         0.000311011296         0.000260268139         0.000109255423
       -0.000305821860        -0.000165819787        -0.000049255445        -0.000079686725        -0.000225535191        -0.000333432041        -0.000289907187        -0.000140917380        -0.000043440466        -0.000100055366        -0.000250746550        -0.000336169461        -0.000265640166        -0.000112695691        -0.000037656862        -0.000118637250        -0.000269028340        -0.000328804138        -0.000233336797        -0.000081559985        -0.000031763187        -0.000134580722        -0.000279265046        -0.000310580759        -0.000192794955        -0.000047434599
        0.000190699572         0.000036492728        -0.000015605188         0.000089345358         0.000240715861         0.000279006002         0.000163887022         0.000016648086        -0.000007525447         0.000116851239         0.000258650349         0.000268399409         0.000135763373         0.000000468414         0.000005147203         0.000144853573         0.000272194824         0.000252805443         0.000106983683        -0.000011582415         0.000022220100         0.000172672251         0.000280818168         0.000232329810         0.000078151777        -0.000019015793
       -0.000024483075         0.000099396857         0.000068264407        -0.000084562998        -0.000197659551        -0.000151662195         0.000005059841         0.000107324562         0.000047150235        -0.000112350776        -0.000203528425        -0.000130872927         0.000028384787         0.000105516440         0.000018157885        -0.000142716931        -0.000208764007        -0.000111714142         0.000044606756         0.000093512451        -0.000018577241        -0.000175402694        -0.000213647183        -0.000095212587         0.000052399294         0.000070298070
       -0.000149438740        -0.000205081585        -0.000095484705         0.000063089851         0.000103049489        -0.000017965460        -0.000172498217        -0.000197495571        -0.000066167862         0.000083753991         0.000095199216        -0.000042787703        -0.000183416466        -0.000176766811        -0.000027950531         0.000108277633         0.000090665069        -0.000059671541        -0.000181253691        -0.000142509107         0.000019170737         0.000136946220         0.000090527721        -0.000066887549        -0.000164212252        -0.000093366972
        0.000285061883         0.000252836919         0.000092919414        -0.000025457997         0.000022872088         0.000187163830         0.000294215213         0.000230851241         0.000063198568        -0.000033003924         0.000042454880         0.000208627432         0.000288602533         0.000196027899         0.000026166802        -0.000044534901         0.000055638978         0.000217885742         0.000267444314         0.000148145368        -0.000018326654        -0.000060827363         0.000060811307         0.000212879914         0.000228890463         0.000085861966
       -0.000346013715        -0.000231241615        -0.000065253127        -0.000023431427        -0.000150106068        -0.000311838614        -0.000338042780        -0.000200685494        -0.000043800286        -0.000031805681        -0.000176249256        -0.000323530468        -0.000316806899        -0.000161312410        -0.000018811060        -0.000037218866        -0.000194591024        -0.000322023395        -0.000281916929        -0.000113160126         0.000009951845        -0.000038626890        -0.000203362464        -0.000305452498        -0.000231939780        -0.000055341390
        0.000315295901         0.000147680740         0.000023672921         0.000074139752         0.000245980703         0.000358117589         0.000292285412         0.000117508522         0.000017468185         0.000097058778         0.000271727863         0.000356593408         0.000261307272         0.000085164534         0.000012604054         0.000118851383         0.000290347494         0.000344554131         0.000222536177         0.000050992863         0.000008866254         0.000138476176         0.000300396985         0.000320785333         0.000175549370         0.000014893330
       -0.000199924001        -0.000025909005         0.000018060011        -0.000114329068        -0.000283584868        -0.000311474361        -0.000168658918        -0.000005556960         0.000005926746        -0.000146395356        -0.000302088951        -0.000297253029        -0.000137079642         0.000009560081        -0.000012122245        -0.000179437101        -0.000316093864        -0.000278238176        -0.000105956314         0.000018821194        -0.000035990756        -0.000212733404        -0.000324818416        -0.000254470839        -0.000075909054         0.000021388627
        0.000029511229        -0.000100458465        -0.000047894682         0.000131717204         0.000249246413         0.000181157546        -0.000000523766        -0.000103934619        -0.000019434621         0.000164739300         0.000255547615         0.000158473484        -0.000022982360        -0.000096093176         0.000017881502         0.000200509920         0.000261251009         0.000138199658        -0.000036642978        -0.000076128222         0.000064159737         0.000238776829         0.000266719926         0.000121388829        -0.000039596616        -0.000042398754
        0.000151022721         0.000197124516         0.000059037268        -0.000117744953        -0.000147273573         0.000001098882         0.000170434422         0.000181387197         0.000021229454        -0.000142764111        -0.000139577789         0.000025518111         0.000176329322         0.000151331654        -0.000025841915        -0.000171466884        -0.000135391441         0.000040836728         0.000167269104         0.000106118231        -0.000082434460        -0.000204331479        -0.000135809597         0.000044679946         0.000141056192         0.000043612977
       -0.000293228129        -0.000238546541        -0.000051447526         0.000071133999         0.000000471672        -0.000188393503        -0.000295618950        -0.000207085975        -0.000014604847         0.000080844312        -0.000019292639        -0.000207216121        -0.000282203291        -0.000162345685         0.000029189287         0.000094074103        -0.000032359996        -0.000212533372        -0.000251653988        -0.000103664993         0.000080337679         0.000111600001        -0.000036583979        -0.000202216897        -0.000200391688        -0.000029057522
        0.000358266554         0.000214659901         0.000030803772         0.000000123535         0.000154537192         0.000330767786         0.000342379241         0.000176102854         0.000005727901         0.000009199697         0.000181129788         0.000338277053         0.000312811819         0.000129164227        -0.000021892596         0.000015951313         0.000199530736         0.000331446955         0.000268655013         0.000073624787        -0.000052296403         0.000019046255         0.000208226958         0.000306166266         0.000208800718         0.000008044026
       -0.000327482581        -0.000133077012        -0.000005839759        -0.000079646327        -0.000276487093        -0.000388701481        -0.000297727229        -0.000098756254        -0.000000626865        -0.000105957082        -0.000302776657        -0.000382641916        -0.000260359565        -0.000063480192         0.000001878138        -0.000131729153        -0.000321508042        -0.000365275560        -0.000215342113        -0.000027568058         0.000001871799        -0.000156398130        -0.000329056764        -0.000336542396        -0.000157855139         0.000008086061
        0.000207604693         0.000016728564        -0.000014737353         0.000146413116         0.000330529508         0.000343956775         0.000172754586        -0.000002655588         0.000002774643         0.000183568107         0.000349479020         0.000326187947         0.000138651457        -0.000015122914         0.000027561998         0.000222039427         0.000363431574         0.000303622824         0.000106002550        -0.000019751006         0.000060063038         0.000259569692         0.000373213668         0.000269160721         0.000081162095        -0.000015758837
       -0.000029511142         0.000102318091         0.000025056787        -0.000180283495        -0.000298076694        -0.000205115136        -0.000000128003         0.000099916198        -0.000011638133        -0.000218583544        -0.000304586362        -0.000180933430         0.000020186007         0.000084477725        -0.000058162128        -0.000259508857        -0.000310286439        -0.000159630734         0.000029717310         0.000054773190        -0.000114157224        -0.000304376172        -0.000307581231        -0.000151204576         0.000036424244         0.000007194165
       -0.000159399259        -0.000191661445        -0.000023888189         0.000167973651         0.000182970184         0.000006541498        -0.000174042220        -0.000166778683         0.000022602843         0.000196887330         0.000175173567        -0.000016866565        -0.000173586001        -0.000126263006         0.000078612471         0.000229081804         0.000170658123        -0.000029764682        -0.000156402200        -0.000068513106         0.000145469737         0.000258494816         0.000180204803        -0.000046937260        -0.000108835003         0.000009281567
        0.000307829222         0.000227582907         0.000014534582        -0.000107960732        -0.000012115307         0.000199699710         0.000302635677         0.000186358890        -0.000028863259        -0.000119001970         0.000008055620         0.000215150003         0.000280336000         0.000131288158        -0.000078722252        -0.000132692062         0.000021086025         0.000216171953         0.000237789092         0.000061430752        -0.000132238559        -0.000157504123         0.000044558864         0.000182587646         0.000174389835
       -0.000374724757        -0.000201286992        -0.000002864875         0.000012458451        -0.000170440378        -0.000357635561        -0.000350607081        -0.000155234178         0.000024664909         0.000001698315        -0.000197532511        -0.000360210770        -0.000312051094        -0.000101215011         0.000053488079        -0.000007359164        -0.000216572204        -0.000345088184        -0.000258713515        -0.000037851451         0.000087326580        -0.000030057602        -0.000206292690        -0.000313948235
        0.000340558524         0.000120768074        -0.000005279136         0.000094774844         0.000314977447         0.000422856779         0.000304345180         0.000083463416        -0.000008049905         0.000125275080         0.000341569784         0.000411511011         0.000260691538         0.000046444277        -0.000006635156         0.000156340421         0.000357857780         0.000389279819         0.000204218272         0.000011837057         0.000007470032         0.000171502741         0.000367143821
       -0.000212805327        -0.000008471626         0.000006224720        -0.000184393687        -0.000379801883        -0.000374808037        -0.000175189326         0.000008444346        -0.000017974626        -0.000226956238        -0.000398533650        -0.000353153650        -0.000139151137         0.000016561766        -0.000051155078        -0.000269407971        -0.000413087821        -0.000318383701        -0.000112096212         0.000016998256        -0.000086360753        -0.000315511875
        0.000024593914        -0.000104649989         0.000000163086         0.000229487916         0.000343109163         0.000222938662        -0.000003016579        -0.000094923168         0.000045873709         0.000272662278         0.000349122052         0.000197064036        -0.000019829980        -0.000070364799         0.000101681695         0.000319375436         0.000345086997         0.000184002878        -0.000036659206        -0.000026230181         0.000170542859
        0.000173500001         0.000187711256        -0.000010307206        -0.000213554961        -0.000210019574        -0.000005484186         0.000182193551         0.000152654292        -0.000065454240        -0.000245484661        -0.000201192825         0.000016277523         0.000174415540         0.000100055407        -0.000130839937        -0.000273122311        -0.000205205511         0.000046171788         0.000134742591         0.000028731026
       -0.000327135420        -0.000218618411         0.000018441725         0.000136286040         0.000012836079        -0.000219528236        -0.000313355211        -0.000167256678         0.000067601301         0.000147264956        -0.000007991582        -0.000231439266        -0.000279398741        -0.000101705423         0.000119528416         0.000167361463        -0.000042990296        -0.000207850433        -0.000226214168
        0.000393454108         0.000189833979        -0.000019277199        -0.000015116153         0.000196275567         0.000390170260         0.000360409380         0.000136748486        -0.000047813603        -0.000001624579         0.000224521501         0.000384609036         0.000312997154         0.000074315662        -0.000079144267         0.000028032217         0.000223482141         0.000364526039
       -0.000352901726        -0.000109848157         0.000010308654        -0.000118407867        -0.000359426809        -0.000457975050        -0.000310205330        -0.000070631443         0.000009101762        -0.000154362074        -0.000383546413        -0.000441668300        -0.000253818936        -0.000035665141        -0.000005419438        -0.000175458627        -0.000401688534
        0.000214636039         0.000000822808         0.000007057255         0.000227019284         0.000429184539         0.000401978385         0.000174626842        -0.000012042766         0.000039446747         0.000273407143         0.000448082535         0.000366571074         0.000144581133        -0.000018633316         0.000075726572         0.000323819380
       -0.000014793033         0.000107103626        -0.000027597593        -0.000278081551        -0.000382699762        -0.000233272891         0.000009864898         0.000088737539        -0.000082399646        -0.000326444625        -0.000377654837        -0.000215610552         0.000037516296         0.000048553529        -0.000149976598
       -0.000192339864        -0.000184341410         0.000043589940         0.000253674350         0.000227384521        -0.000003916632        -0.000194320733        -0.000137353400         0.000107555613         0.000280372851         0.000226656625        -0.000046049475        -0.000162382974        -0.000072411033
        0.000349393222         0.000210343892        -0.000047710332        -0.000155660486        -0.000003126875         0.000247138409         0.000324027844         0.000148851225        -0.000099128951        -0.000172339561         0.000041899337         0.000232795139         0.000280450163
       -0.000412237482        -0.000179085458         0.000035889303         0.000008336980        -0.000231336590        -0.000423558470        -0.000370398565        -0.000116588731         0.000066134178        -0.000026201945        -0.000238411573        -0.000413585183
        0.000362627550         0.000099387626        -0.000009603475         0.000150057712         0.000405287112         0.000492562442         0.000305708592         0.000062917159         0.000003260384         0.000175884534         0.000431242527
       -0.000211732745         0.000006360560        -0.000024954626        -0.000271276248        -0.000477458861        -0.000412913567        -0.000178138007         0.000020609916        -0.000061328269        -0.000325108547
        0.000000192741        -0.000109478898         0.000056623559         0.000325435653         0.000404821215         0.000245663925        -0.000038817390        -0.000073771867         0.000122378993
        0.000215439686         0.000179586885        -0.000076087215        -0.000280244102        -0.000244398863         0.000046328679         0.000191200019         0.000121114383
       -0.000370574390        -0.000201905045         0.000071496890         0.000172523526        -0.000041052057        -0.000256857371        -0.000336252793
        0.000429713236         0.000163867599        -0.000048607148         0.000024402354         0.000250664588         0.000460308242
       -0.000358938253        -0.000093126911        -0.000000935267        -0.000172623640        -0.000455242031
        0.000212254820        -0.000022872779         0.000043307804         0.000319225362
        0.000040418809         0.000101483033        -0.000088051724
       -0.000220639463        -0.000174154183
        0.000392724723
