        0.454747056231         0.115989898904         0.659913573854
        0.423203807629         0.191586096303         0.608716165178
        0.417040408696         0.198418799411         0.590605629949
        0.412021979420         0.210063629103         0.597672394247
        0.410782898148         0.210269442311         0.594461591490
        0.409918872749         0.211317933702         0.595022560624
        0.409645214722         0.211151874735         0.594442286889
        0.409509122690         0.211209942247         0.594416006415
        0.409453337149         0.211235247096         0.594394429218
        0.409432981186         0.211253107127         0.594393133303
        0.409422276445         0.211269063820         0.594404107872
        0.409418832687         0.211270834321         0.594402334909
        0.409416865324         0.211272530889         0.594403612695
        0.409416200181         0.211272133712         0.594402753818
        0.409415875550         0.211272169006         0.594402743488
        0.409415748820         0.211272173218         0.594402703431
        0.409415700452         0.211272203237         0.594402718676
        0.409415677526         0.211272234752         0.594402748260
        0.409415669491         0.211272240946         0.594402751422
        0.409415665650         0.211272244144         0.594402755055
        0.409415663994         0.211272243794         0.594402754782
        0.409415663454         0.211272243214         0.594402754271
        0.409415663126         0.211272243282         0.594402754500
        0.409415663059         0.211272243155         0.594402754360
        0.409415663002         0.211272243227         0.594402754476
        0.409415662991         0.211272243214         0.594402754460
        0.409415662983         0.211272243220         0.594402754471
        0.409415662980         0.211272243217         0.594402754472
        0.409415662980         0.211272243216         0.594402754470
        0.409415662979         0.211272243215         0.594402754471
        0.409415662979         0.211272243215         0.594402754470
        0.409415662978         0.211272243214         0.594402754470
        0.409415662978         0.211272243214         0.594402754469
        0.409415662979         0.211272243214         0.594402754470
        0.409415662978         0.211272243214         0.594402754470
        0.409415662978         0.211272243214         0.594402754470
        0.409415662979         0.211272243214         0.594402754470
        0.409415662978         0.211272243215         0.594402754470
        0.409415662979         0.211272243214         0.594402754470
        0.409415662978         0.211272243214         0.594402754470
        0.409415662979         0.211272243214         0.594402754470
        0.409415662978         0.211272243214         0.594402754470
        0.409415662979         0.211272243214         0.594402754470
        0.409415662978         0.211272243215         0.594402754470
        0.409415662979         0.211272243214         0.594402754470
        0.409415662979         0.211272243215         0.594402754470
        0.409415662979         0.211272243215         0.594402754470
        0.409415662979         0.211272243215         0.594402754470
        0.409415662979         0.211272243215         0.594402754470
        0.409415662979         0.211272243215         0.594402754470
        0.409415662979         0.211272243215         0.594402754470
        0.409415662979         0.211272243215         0.594402754470
        0.409415662979         0.211272243215         0.594402754470
        0.409415662979         0.211272243215         0.594402754470
        0.409415662978         0.211272243215         0.594402754470
        0.409415662979         0.211272243215         0.594402754470
        0.409415662979         0.211272243215         0.594402754470
        0.409415662979         0.211272243215         0.594402754470
        0.409415662979         0.211272243215         0.594402754470
        0.409415662979         0.211272243215         0.594402754470
        0.409415662979         0.211272243215         0.594402754470
        0.409415662979         0.211272243215         0.594402754470
        0.409415662979         0.211272243215         0.594402754470
        0.409415662979         0.211272243215         0.594402754470
        0.409415662979         0.211272243215         0.594402754470
        0.409415662979         0.211272243215         0.594402754470
        0.409415662979         0.211272243215         0.594402754470
        0.409415662978         0.211272243215         0.594402754470
        0.409415662978         0.211272243215         0.594402754470
        0.409415662977         0.211272243215         0.594402754470
        0.409415662976         0.211272243215         0.594402754470
        0.409415662972         0.211272243215         0.594402754470
        0.409415662963         0.211272243216         0.594402754468
        0.409415662944         0.211272243218         0.594402754465
        0.409415662899         0.211272243227         0.594402754463
        0.409415662796         0.211272243256         0.594402754464
        0.409415662555         0.211272243310         0.594402754452
        0.409415661993         0.211272243367         0.594402754360
        0.409415660694         0.211272243333         0.594402753985
        0.409415657709         0.211272243068         0.594402752908
        0.409415650984         0.211272242977         0.594402750859
        0.409415635776         0.211272245182         0.594402748139
        0.409415601357         0.211272255992         0.594402747006
        0.409415522070         0.211272283175         0.594402745874
        0.409415337073         0.211272320820         0.594402718685
        0.409414908978         0.211272316562         0.594402569453
        0.409413922861         0.211272137830         0.594402053158
        0.409411720048         0.211271772201         0.594400889233
        0.409406812702         0.211271869513         0.594398984357
        0.409395928902         0.211275151625         0.594397327519
        0.409371330041         0.211286589510         0.594396811809
        0.409314187713         0.211307754572         0.594389937986
        0.409182455180         0.211320376319         0.594339731671
        0.408875792129         0.211248120544         0.594119909441
        0.408201314712         0.211015430677         0.593540706957
        0.406720809693         0.210757052678         0.592373221636
        0.403617083254         0.211885189866         0.591133767239
        0.397012374606         0.218174223565         0.591177608887
        0.382246123007         0.233790566191         0.590166980921
        0.355272532910         0.247655940344         0.563511924740
