        0.444133003441         0.081730635515         0.630961727671
        0.417764773414         0.123311847656         0.531818265282
        0.407015591160         0.131203573299         0.524210380736
        0.403962816496         0.131091493376         0.516035802169
        0.401884560657         0.133282386778         0.516939706570
        0.401502377379         0.133053358809         0.515421668352
        0.401116893637         0.133759831166         0.516116082444
        0.401091946742         0.133740020639         0.515855294198
        0.401021025131         0.133963210986         0.516115561294
        0.401029089404         0.133973731303         0.516075446945
        0.401016116957         0.134044422739         0.516161837197
        0.401021285309         0.134052649166         0.516158205286
        0.401019001863         0.134075580811         0.516186251662
        0.401021077867         0.134079898189         0.516187532483
        0.401020741670         0.134087640140         0.516196797408
        0.401021487281         0.134089696953         0.516198023079
        0.401021478507         0.134092441811         0.516201202466
        0.401021741027         0.134093391988         0.516201913883
        0.401021769330         0.134094419708         0.516203062340
        0.401021864538         0.134094859230         0.516203430572
        0.401021886742         0.134095273035         0.516203876723
        0.401021925165         0.134095490387         0.516204071730
        0.401021941647         0.134095687531         0.516204276587
        0.401021963621         0.134095828369         0.516204409471
        0.401021981846         0.134095976108         0.516204557689
        0.401022006592         0.134096135036         0.516204712172
        0.401022038318         0.134096343373         0.516204917666
        0.401022084805         0.134096630957         0.516205199885
        0.401022153023         0.134097050556         0.516205612634
        0.401022256312         0.134097675144         0.516206227459
        0.401022412714         0.134098618009         0.516207156015
        0.401022652343         0.134100055712         0.516208573795
        0.401023017144         0.134102261362         0.516210748409
        0.401023575291         0.134105676819         0.516214118879
        0.401024412720         0.134110993079         0.516219355447
        0.401025658814         0.134119361224         0.516227587560
        0.401027412267         0.134132604541         0.516240533602
        0.401029731648         0.134153850390         0.516261148432
        0.401032162393         0.134188105448         0.516293821649
        0.401033231574         0.134244172570         0.516346107047
        0.401027759608         0.134336154867         0.516428347862
        0.401002767215         0.134489020539         0.516557157276
        0.400923157668         0.134741607644         0.516748623878
        0.400706004974         0.135158933563         0.517014661499
        0.400149520740         0.135828505476         0.517307592590
        0.398787230202         0.136841744053         0.517387086628
        0.395582814629         0.138205116705         0.516446786821
        0.388148706656         0.139415917855         0.511746488140
        0.371726306022         0.140217615540         0.496255991429
        0.343747415509         0.144507855358         0.459859489116
