0.663247
0.820062
0.889288
0.953464
0.979491
0.970542
1.01285
1.00626
1.05564
1.07596
1.10273
1.11161
1.12832
1.11584
1.14681
1.14353
1.17823
1.18748
1.20958
1.20721
1.22968
1.21845
1.25394
1.25389
1.28956
1.29395
1.32223
1.31513
1.34979
1.34109
1.38634
1.38807
1.43068
1.43059
1.47006
1.45971
1.50817
1.50096
1.55561
1.55589
1.60586
1.5991
1.64905
1.63394
1.69172
1.68227
1.74066
1.7341
1.78668
1.76885
1.82222
1.79832
1.85508
1.83753
1.89001
1.86999
1.91616
1.88211
1.92707
1.88997
1.93313
1.9023
1.93897
1.90067
1.93041
1.87763
1.90249
1.85152
1.87224
1.82769
1.84299
1.78717
1.79378
1.72661
1.72563
1.66793
1.66597
1.61494
1.61032
1.54549
1.52848
1.45976
1.43592
1.38653
1.37066
1.32636
1.30862
1.24773
1.20937
1.15441
1.11429
1.08726
1.07127
1.04152
1.01315
0.950123
0.857392
0.765805
0.634009
