        0.462176186407         0.109365005198         0.744515792701
        0.372985812254         0.174492812621         0.300767887067
        0.381841736898         0.134688440195         0.447556505886
        0.379523125514         0.151239501996         0.390139154540
        0.380760662831         0.142969504160         0.405859839377
        0.380888594224         0.144385164932         0.389476438079
        0.380803943749         0.142282689815         0.386246683693
        0.380572769533         0.142119102670         0.381578312859
        0.380320191341         0.141974438500         0.381884990103
        0.380156179576         0.142470562037         0.384517613638
        0.380085749190         0.143177439342         0.389048822600
        0.380107885744         0.143956458973         0.393864013453
        0.380188854582         0.144580234968         0.397766030243
        0.380295521698         0.144916171218         0.399861337061
        0.380395909347         0.144909597363         0.399824909574
        0.380468106291         0.144597772161         0.397886373556
        0.380501260644         0.144089205895         0.394721867705
        0.380495597313         0.143531032233         0.391247846564
        0.380459860391         0.143069885784         0.388376758901
        0.380407794147         0.142815990209         0.386794645824
        0.380354253865         0.142818923860         0.386809995689
        0.380311804685         0.143059802200         0.388305486953
        0.380288381520         0.143460758413         0.390796960809
        0.380286327860         0.143908281044         0.393578661042
        0.380302799954         0.144283911899         0.395914107557
        0.380331233400         0.144494369163         0.397223339701
        0.380363384038         0.144493731829         0.397220764556
        0.380391408128         0.144292621413         0.395972194344
        0.380409527871         0.143952738491         0.393860894499
        0.380414992934         0.143568783661         0.391475255829
        0.380408243529         0.143242823311         0.389449517105
        0.380392360554         0.143057836193         0.388299380498
        0.380372023236         0.143057131109         0.388294094148
        0.380352267597         0.143234621848         0.389395997915
        0.380337343069         0.143538053377         0.391280552762
        0.380329903621         0.143883946192         0.393429188506
        0.380330661998         0.144180105766         0.395269153824
        0.380338511168         0.144349748773         0.396323403562
        0.380351010289         0.144351045470         0.396332003422
        0.380365069319         0.144187191675         0.395314705232
        0.380377655329         0.143904639088         0.393559969141
        0.380386375493         0.143580174343         0.391544719043
        0.380389847204         0.143300368033         0.389806694732
        0.380387825570         0.143138807047         0.388803020684
        0.380381109367         0.143137013043         0.388791660906
        0.380371281876         0.143293929220         0.389766097238
        0.380360360234         0.143566601726         0.391459554427
        0.380350425909         0.143881776579         0.393417038616
        0.380343292860         0.144155324122         0.395115999863
        0.380340246543         0.144314406254         0.396104025920
        0.380341866593         0.144316620434         0.396117750069
        0.380347936846         0.144161154360         0.395152132032
        0.380357448915         0.143889056053         0.393462134726
        0.380368711996         0.143572535569         0.391496276691
        0.380379580583         0.143296050608         0.389779149611
        0.380387795764         0.143134066076         0.388773269330
        0.380391406447         0.143131268069         0.388756166944
        0.380389203941         0.143290419759         0.389744951025
        0.380381079485         0.143571110229         0.391488543778
        0.380368209137         0.143899852266         0.393530423993
        0.380352988251         0.144189041420         0.395326414717
        0.380338678201         0.144359951686         0.396387534672
        0.380328787500         0.144363820342         0.396410965197
        0.380326280068         0.144195469119         0.395364646069
        0.380332770227         0.143895741214         0.393502398793
        0.380347905723         0.143541858352         0.391304015892
        0.380369134922         0.143227916716         0.389354092155
        0.380391990762         0.143040356785         0.388189623760
        0.380410909255         0.143034680772         0.388155348109
        0.380420461437         0.143219553916         0.389304958151
        0.380416751918         0.143552702804         0.391375626251
        0.380398659156         0.143950109042         0.393845154326
        0.380368584027         0.144306600314         0.396059949061
        0.380332440447         0.144522917719         0.397403229009
        0.380298759062         0.144532472097         0.397461284302
        0.380276965787         0.144320804323         0.396144399013
        0.380275111677         0.143932339222         0.393728837639
        0.380297522975         0.143462034019         0.390804989698
        0.380342952227         0.143033269367         0.388140015480
        0.380403791468         0.142766910550         0.386485559633
        0.380466736032         0.142748984099         0.386376760606
        0.380514990548         0.143005195580         0.387973697395
        0.380531759009         0.143489281409         0.390988782271
        0.380504443325         0.144089130533         0.394724669781
        0.380428771085         0.144650421637         0.398221027361
        0.380311971446         0.145013119182         0.400481384158
        0.380174260891         0.145052752787         0.400729549477
        0.380047840851         0.144716696525         0.398635062382
        0.379973605000         0.144046044085         0.394451209402
        0.379994274870         0.143177883625         0.389023400098
        0.380147722417         0.142320879714         0.383668393203
        0.380453096679         0.141724923639         0.379894022095
        0.380905415033         0.141593358882         0.379168905914
        0.381446093624         0.142127235310         0.382282407467
        0.381933527618         0.143187637862         0.389910896682
        0.382112928545         0.145044938024         0.399984213392
        0.381192563477         0.146305147403         0.414004258327
        0.378600001187         0.149246442861         0.420153743594
        0.370345546869         0.146574186005         0.434754338379
        0.357006331963         0.155832960359         0.399156785128
        0.355102733474         0.137025682060         0.431665203928
