     -160.031913803954
     -160.064012571902
     -160.064837261193
     -160.065005337892
     -160.065068542942
     -160.065091755478
     -160.065099468715
     -160.082773573281
     -160.086089090231
     -160.086820518200
     -160.086937701470
     -160.086979189727
     -160.087001578885
     -160.087015140470
     -160.088650695865
     -160.089321069177
     -160.089916668638
     -160.090504253659
     -160.090971205785
     -160.091199601306
     -160.091297214472
     -160.091330638139
     -160.091342604442
     -160.091350143193
     -160.091353858356
     -160.091354988245
     -160.091355960175
     -160.091356458293
     -160.091356801301
     -160.091356796140
     -160.091356788118
     -160.091356782533
     -160.091357408778
     -160.091357518782
     -160.091357523338
     -160.091357521228
     -160.093408021807
     -160.093488035033
     -160.093490748579
     -160.093490902776
     -160.093490929002
     -160.093490932783
     -160.093490931938
     -160.093490933934
     -160.093490934381
     -160.093490935425
     -160.093490937063
     -160.093490938239
     -160.093490938828
     -160.093490939065
     -160.093490939363
     -160.093490939637
     -160.093490939849
     -160.093490940003
     -160.093490940118
     -160.093490940202
     -160.093490940277
     -160.093490940352
     -160.093526358745
     -160.093526629511
     -160.093526634405
     -160.093526634305
     -160.093526634195
     -160.093526634095
     -160.093526634062
     -160.093526634051
     -160.093526634046
     -160.093526634044
     -160.093526634041
     -160.093526634040
     -160.093526634035
     -160.093526634038
     -160.093526634042
     -160.093526634040
     -160.093527483125
     -160.093527491025
     -160.093527491348
     -160.093527491369
     -160.093527491365
     -160.093527491366
     -160.093527491361
     -160.093527491362
     -160.093527501373
     -160.093527504459
     -160.093527504497
     -160.093527504498
     -160.093527504495
