     -600.023273693192
     -600.023577066591
     -600.023577066608
     -600.023577066610
     -600.023577066612
     -600.023577066616
     -600.023577066621
     -600.023577066613
     -600.023577066614
     -600.023577066605
     -600.023577066607
     -600.023577066612
     -600.023577066607
     -600.023577066609
     -600.023576930605
     -600.023576930826
     -600.023576930820
     -600.023576930823
     -600.023576930818
     -600.023576930823
     -600.023576930820
     -600.023576930816
     -600.023576930821
     -600.023576930825
     -600.023576930823
     -600.023576930826
     -600.023576930823
     -600.023576930816
     -600.023576930821
     -600.023576930825
     -600.023576930820
     -600.023576930821
     -600.023576930820
     -600.023576930822
     -600.023576930825
     -600.023576930824
     -600.023576975557
     -600.023576975540
     -600.023576975492
     -600.023576975485
     -600.023576975486
     -600.023576975480
     -600.023576975470
     -600.023576975485
     -600.023576975479
     -600.023576975475
     -600.023576975473
     -600.023576975477
     -600.023576975479
     -600.023576975484
     -600.023576975472
     -600.023576975479
     -600.023576975475
     -600.023576975480
     -600.023576975469
     -600.023576975474
     -600.023576975483
     -600.023576975485
     -600.023577017338
     -600.023577017512
     -600.023577017535
     -600.023577017553
     -600.023577017562
     -600.023577017562
     -600.023577017566
     -600.023577017569
     -600.023577017570
     -600.023577017565
     -600.023577017566
     -600.023577017583
     -600.023577017641
     -600.023577017662
     -600.023577017671
     -600.023577017672
     -600.023577066698
     -600.023577066701
     -600.023577066695
     -600.023577066695
     -600.023577066703
     -600.023577066700
     -600.023577066708
     -600.023577066708
     -600.023577066941
     -600.023577067650
     -600.023577067640
     -600.023577067657
     -600.023577067658
