     -594.023124411120
     -594.023347181359
     -594.023347181373
     -594.023347181371
     -594.023347181378
     -594.023347181374
     -594.023347181379
     -594.023347181362
     -594.023347181364
     -594.023347181376
     -594.023347181371
     -594.023347181371
     -594.023347181370
     -594.023347181369
     -594.023347046345
     -594.023347046564
     -594.023347046564
     -594.023347046558
     -594.023347046560
     -594.023347046567
     -594.023347046561
     -594.023347046559
     -594.023347046556
     -594.023347046561
     -594.023347046565
     -594.023347046567
     -594.023347046564
     -594.023347046555
     -594.023347046555
     -594.023347046559
     -594.023347046564
     -594.023347046562
     -594.023347046564
     -594.023347046560
     -594.023347046556
     -594.023347046558
     -594.023347091091
     -594.023347091064
     -594.023347091037
     -594.023347091022
     -594.023347091014
     -594.023347091018
     -594.023347091010
     -594.023347091018
     -594.023347091029
     -594.023347091018
     -594.023347091016
     -594.023347091014
     -594.023347091020
     -594.023347091021
     -594.023347091019
     -594.023347091019
     -594.023347091029
     -594.023347091019
     -594.023347091015
     -594.023347091024
     -594.023347091020
     -594.023347091021
     -594.023347132562
     -594.023347132746
     -594.023347132764
     -594.023347132778
     -594.023347132789
     -594.023347132789
     -594.023347132791
     -594.023347132794
     -594.023347132796
     -594.023347132793
     -594.023347132799
     -594.023347132843
     -594.023347132891
     -594.023347132897
     -594.023347132890
     -594.023347132897
     -594.023347181456
     -594.023347181462
     -594.023347181462
     -594.023347181461
     -594.023347181460
     -594.023347181465
     -594.023347181460
     -594.023347181459
     -594.023347181694
     -594.023347182396
     -594.023347182399
     -594.023347182406
     -594.023347182419
