        0.444761156172         0.076886522921         0.633244287698
        0.414032782940         0.114396745395         0.505417551648
        0.404762410623         0.117605061796         0.500792235002
        0.401271229793         0.117894684092         0.494369852732
        0.399787798307         0.117985164716         0.493101913796
        0.399229185572         0.117862955889         0.492374534374
        0.399006499339         0.117814953181         0.492188453546
        0.398923488231         0.117781699109         0.492106251520
        0.398892242581         0.117767547044         0.492083513639
        0.398881038380         0.117760700280         0.492075402220
        0.398877100824         0.117757837526         0.492073433275
        0.398875796169         0.117756608480         0.492072976928
        0.398875391425         0.117756113550         0.492072986934
        0.398875282194         0.117755915314         0.492073057800
        0.398875260925         0.117755839137         0.492073116886
        0.398875261979         0.117755810489         0.492073152132
        0.398875266361         0.117755800161         0.492073171060
        0.398875269737         0.117755796593         0.492073180473
        0.398875271738         0.117755795443         0.492073184959
        0.398875272796         0.117755795111         0.492073187021
        0.398875273319         0.117755795036         0.492073187946
        0.398875273565         0.117755795031         0.492073188350
        0.398875273678         0.117755795040         0.492073188524
        0.398875273728         0.117755795048         0.492073188597
        0.398875273749         0.117755795053         0.492073188628
        0.398875273759         0.117755795056         0.492073188640
        0.398875273762         0.117755795058         0.492073188645
        0.398875273764         0.117755795058         0.492073188647
        0.398875273764         0.117755795059         0.492073188648
        0.398875273765         0.117755795059         0.492073188648
        0.398875273765         0.117755795059         0.492073188648
        0.398875273765         0.117755795059         0.492073188648
        0.398875273765         0.117755795059         0.492073188648
        0.398875273765         0.117755795059         0.492073188648
        0.398875273765         0.117755795059         0.492073188649
        0.398875273765         0.117755795059         0.492073188648
        0.398875273765         0.117755795059         0.492073188648
        0.398875273765         0.117755795059         0.492073188648
        0.398875273765         0.117755795059         0.492073188648
        0.398875273765         0.117755795059         0.492073188648
        0.398875273765         0.117755795059         0.492073188648
        0.398875273765         0.117755795059         0.492073188648
        0.398875273765         0.117755795059         0.492073188648
        0.398875273765         0.117755795059         0.492073188648
        0.398875273765         0.117755795059         0.492073188648
        0.398875273765         0.117755795059         0.492073188648
        0.398875273765         0.117755795059         0.492073188648
        0.398875273765         0.117755795059         0.492073188649
        0.398875273765         0.117755795059         0.492073188648
        0.398875273765         0.117755795059         0.492073188648
        0.398875273765         0.117755795059         0.492073188648
        0.398875273765         0.117755795059         0.492073188648
        0.398875273765         0.117755795059         0.492073188648
        0.398875273765         0.117755795059         0.492073188648
        0.398875273765         0.117755795059         0.492073188648
        0.398875273765         0.117755795059         0.492073188648
        0.398875273765         0.117755795059         0.492073188648
        0.398875273765         0.117755795059         0.492073188648
        0.398875273765         0.117755795059         0.492073188649
        0.398875273765         0.117755795059         0.492073188648
        0.398875273765         0.117755795059         0.492073188648
        0.398875273765         0.117755795059         0.492073188648
        0.398875273765         0.117755795059         0.492073188648
        0.398875273765         0.117755795059         0.492073188648
        0.398875273765         0.117755795059         0.492073188648
        0.398875273765         0.117755795059         0.492073188648
        0.398875273765         0.117755795059         0.492073188648
        0.398875273765         0.117755795059         0.492073188648
        0.398875273765         0.117755795059         0.492073188648
        0.398875273765         0.117755795059         0.492073188649
        0.398875273765         0.117755795059         0.492073188648
        0.398875273765         0.117755795059         0.492073188648
        0.398875273765         0.117755795059         0.492073188648
        0.398875273765         0.117755795059         0.492073188648
        0.398875273765         0.117755795059         0.492073188648
        0.398875273765         0.117755795059         0.492073188649
        0.398875273765         0.117755795059         0.492073188648
        0.398875273765         0.117755795059         0.492073188648
        0.398875273765         0.117755795059         0.492073188648
        0.398875273765         0.117755795059         0.492073188648
        0.398875273765         0.117755795059         0.492073188648
        0.398875273765         0.117755795059         0.492073188648
        0.398875273765         0.117755795059         0.492073188648
        0.398875273765         0.117755795059         0.492073188648
        0.398875273765         0.117755795059         0.492073188648
        0.398875273765         0.117755795059         0.492073188648
        0.398875273765         0.117755795059         0.492073188648
        0.398875273765         0.117755795059         0.492073188648
        0.398875273765         0.117755795059         0.492073188649
        0.398875273765         0.117755795059         0.492073188648
        0.398875273765         0.117755795059         0.492073188648
        0.398875273765         0.117755795059         0.492073188648
        0.398875273765         0.117755795059         0.492073188649
        0.398875273765         0.117755795059         0.492073188648
        0.398875273765         0.117755795059         0.492073188648
        0.398875273765         0.117755795059         0.492073188648
        0.398875273765         0.117755795059         0.492073188648
        0.398875273765         0.117755795059         0.492073188648
        0.398875273765         0.117755795059         0.492073188648
        0.398875273765         0.117755795059         0.492073188648
        0.398875273765         0.117755795059         0.492073188648
        0.398875273765         0.117755795059         0.492073188648
        0.398875273765         0.117755795059         0.492073188648
        0.398875273765         0.117755795059         0.492073188649
        0.398875273765         0.117755795059         0.492073188648
        0.398875273765         0.117755795059         0.492073188648
        0.398875273765         0.117755795059         0.492073188648
        0.398875273765         0.117755795059         0.492073188648
        0.398875273765         0.117755795059         0.492073188648
        0.398875273765         0.117755795059         0.492073188648
        0.398875273765         0.117755795059         0.492073188648
        0.398875273765         0.117755795059         0.492073188648
        0.398875273765         0.117755795059         0.492073188648
        0.398875273765         0.117755795059         0.492073188648
        0.398875273765         0.117755795059         0.492073188648
        0.398875273765         0.117755795059         0.492073188648
        0.398875273765         0.117755795059         0.492073188648
        0.398875273765         0.117755795059         0.492073188648
        0.398875273765         0.117755795059         0.492073188648
        0.398875273765         0.117755795059         0.492073188648
        0.398875273765         0.117755795059         0.492073188648
        0.398875273765         0.117755795059         0.492073188649
        0.398875273765         0.117755795059         0.492073188648
        0.398875273765         0.117755795059         0.492073188649
        0.398875273765         0.117755795059         0.492073188648
        0.398875273765         0.117755795059         0.492073188648
        0.398875273765         0.117755795059         0.492073188648
        0.398875273765         0.117755795059         0.492073188648
        0.398875273765         0.117755795059         0.492073188648
        0.398875273765         0.117755795059         0.492073188648
        0.398875273765         0.117755795059         0.492073188649
        0.398875273765         0.117755795059         0.492073188648
        0.398875273765         0.117755795059         0.492073188648
        0.398875273765         0.117755795059         0.492073188648
        0.398875273765         0.117755795059         0.492073188648
        0.398875273765         0.117755795059         0.492073188649
        0.398875273765         0.117755795059         0.492073188648
        0.398875273765         0.117755795059         0.492073188648
        0.398875273765         0.117755795059         0.492073188648
        0.398875273765         0.117755795059         0.492073188648
        0.398875273765         0.117755795059         0.492073188648
        0.398875273765         0.117755795059         0.492073188648
        0.398875273765         0.117755795059         0.492073188648
        0.398875273765         0.117755795059         0.492073188648
        0.398875273765         0.117755795059         0.492073188648
        0.398875273765         0.117755795059         0.492073188648
        0.398875273765         0.117755795059         0.492073188648
        0.398875273765         0.117755795059         0.492073188648
        0.398875273765         0.117755795059         0.492073188648
        0.398875273765         0.117755795059         0.492073188648
        0.398875273765         0.117755795059         0.492073188648
        0.398875273765         0.117755795059         0.492073188648
        0.398875273765         0.117755795059         0.492073188648
        0.398875273765         0.117755795059         0.492073188648
        0.398875273765         0.117755795059         0.492073188648
        0.398875273765         0.117755795059         0.492073188648
        0.398875273765         0.117755795059         0.492073188648
        0.398875273765         0.117755795059         0.492073188648
        0.398875273765         0.117755795059         0.492073188648
        0.398875273765         0.117755795059         0.492073188648
        0.398875273765         0.117755795059         0.492073188648
        0.398875273765         0.117755795059         0.492073188648
        0.398875273765         0.117755795059         0.492073188648
        0.398875273765         0.117755795059         0.492073188648
        0.398875273765         0.117755795059         0.492073188648
        0.398875273765         0.117755795059         0.492073188649
        0.398875273765         0.117755795059         0.492073188648
        0.398875273765         0.117755795059         0.492073188648
        0.398875273765         0.117755795059         0.492073188648
        0.398875273765         0.117755795059         0.492073188648
        0.398875273765         0.117755795059         0.492073188648
        0.398875273765         0.117755795059         0.492073188648
        0.398875273765         0.117755795059         0.492073188648
        0.398875273765         0.117755795059         0.492073188648
        0.398875273765         0.117755795059         0.492073188648
        0.398875273765         0.117755795059         0.492073188648
        0.398875273765         0.117755795059         0.492073188648
        0.398875273765         0.117755795059         0.492073188648
        0.398875273765         0.117755795059         0.492073188648
        0.398875273765         0.117755795059         0.492073188648
        0.398875273765         0.117755795059         0.492073188648
        0.398875273765         0.117755795059         0.492073188648
        0.398875273765         0.117755795059         0.492073188648
        0.398875273765         0.117755795059         0.492073188648
        0.398875273765         0.117755795059         0.492073188648
        0.398875273765         0.117755795059         0.492073188648
        0.398875273765         0.117755795059         0.492073188648
        0.398875273765         0.117755795059         0.492073188648
        0.398875273765         0.117755795059         0.492073188648
        0.398875273765         0.117755795059         0.492073188648
        0.398875273765         0.117755795059         0.492073188648
        0.398875273765         0.117755795059         0.492073188648
        0.398875273765         0.117755795059         0.492073188648
        0.398875273765         0.117755795059         0.492073188648
        0.398875273765         0.117755795059         0.492073188648
        0.398875273765         0.117755795059         0.492073188648
        0.398875273765         0.117755795059         0.492073188648
        0.398875273765         0.117755795059         0.492073188648
        0.398875273765         0.117755795059         0.492073188648
        0.398875273765         0.117755795059         0.492073188648
        0.398875273765         0.117755795059         0.492073188648
        0.398875273765         0.117755795059         0.492073188648
        0.398875273765         0.117755795059         0.492073188648
        0.398875273765         0.117755795059         0.492073188648
        0.398875273765         0.117755795059         0.492073188648
        0.398875273765         0.117755795059         0.492073188648
        0.398875273765         0.117755795059         0.492073188648
        0.398875273765         0.117755795059         0.492073188648
        0.398875273765         0.117755795059         0.492073188648
        0.398875273765         0.117755795059         0.492073188648
        0.398875273765         0.117755795059         0.492073188648
        0.398875273765         0.117755795059         0.492073188648
        0.398875273765         0.117755795059         0.492073188648
        0.398875273765         0.117755795059         0.492073188648
        0.398875273765         0.117755795059         0.492073188648
        0.398875273765         0.117755795059         0.492073188648
        0.398875273765         0.117755795059         0.492073188648
        0.398875273765         0.117755795059         0.492073188648
        0.398875273765         0.117755795059         0.492073188648
        0.398875273765         0.117755795059         0.492073188648
        0.398875273765         0.117755795059         0.492073188648
        0.398875273765         0.117755795059         0.492073188648
        0.398875273765         0.117755795059         0.492073188648
        0.398875273765         0.117755795059         0.492073188648
        0.398875273765         0.117755795059         0.492073188648
        0.398875273765         0.117755795059         0.492073188648
        0.398875273765         0.117755795059         0.492073188648
        0.398875273765         0.117755795059         0.492073188648
        0.398875273765         0.117755795059         0.492073188648
        0.398875273765         0.117755795059         0.492073188648
        0.398875273765         0.117755795059         0.492073188648
        0.398875273765         0.117755795059         0.492073188648
        0.398875273765         0.117755795059         0.492073188648
        0.398875273765         0.117755795059         0.492073188648
        0.398875273765         0.117755795059         0.492073188648
        0.398875273765         0.117755795059         0.492073188648
        0.398875273765         0.117755795059         0.492073188648
        0.398875273765         0.117755795059         0.492073188648
        0.398875273765         0.117755795059         0.492073188648
        0.398875273765         0.117755795059         0.492073188648
        0.398875273765         0.117755795059         0.492073188648
        0.398875273765         0.117755795059         0.492073188649
        0.398875273765         0.117755795059         0.492073188648
        0.398875273765         0.117755795059         0.492073188648
        0.398875273765         0.117755795059         0.492073188648
        0.398875273765         0.117755795059         0.492073188648
        0.398875273765         0.117755795059         0.492073188648
        0.398875273765         0.117755795059         0.492073188648
        0.398875273765         0.117755795059         0.492073188648
        0.398875273765         0.117755795059         0.492073188648
        0.398875273765         0.117755795059         0.492073188648
        0.398875273765         0.117755795059         0.492073188648
        0.398875273765         0.117755795059         0.492073188648
        0.398875273765         0.117755795059         0.492073188648
        0.398875273765         0.117755795059         0.492073188648
        0.398875273765         0.117755795059         0.492073188648
        0.398875273765         0.117755795059         0.492073188648
        0.398875273765         0.117755795059         0.492073188648
        0.398875273765         0.117755795059         0.492073188648
        0.398875273765         0.117755795059         0.492073188648
        0.398875273765         0.117755795059         0.492073188648
        0.398875273765         0.117755795059         0.492073188648
        0.398875273765         0.117755795059         0.492073188648
        0.398875273765         0.117755795059         0.492073188648
        0.398875273765         0.117755795059         0.492073188648
        0.398875273765         0.117755795059         0.492073188648
        0.398875273765         0.117755795059         0.492073188648
        0.398875273765         0.117755795059         0.492073188648
        0.398875273765         0.117755795059         0.492073188648
        0.398875273765         0.117755795059         0.492073188648
        0.398875273765         0.117755795059         0.492073188648
        0.398875273766         0.117755795059         0.492073188649
        0.398875273766         0.117755795059         0.492073188649
        0.398875273768         0.117755795059         0.492073188650
        0.398875273771         0.117755795058         0.492073188652
        0.398875273776         0.117755795056         0.492073188657
        0.398875273781         0.117755795049         0.492073188667
        0.398875273778         0.117755795027         0.492073188681
        0.398875273730         0.117755794964         0.492073188700
        0.398875273509         0.117755794791         0.492073188697
        0.398875272720         0.117755794325         0.492073188562
        0.398875270196         0.117755793099         0.492073187921
        0.398875262622         0.117755789931         0.492073185582
        0.398875240867         0.117755781887         0.492073177991
        0.398875180345         0.117755761793         0.492073154948
        0.398875016175         0.117755712380         0.492073088077
        0.398874579964         0.117755592702         0.492072900047
        0.398873441547         0.117755307595         0.492072384931
        0.398870516377         0.117754639254         0.492070999920
        0.398863110149         0.117753104328         0.492067346538
        0.398844599664         0.117749646652         0.492057817406
        0.398798972838         0.117742102268         0.492033399569
        0.398687790185         0.117726084129         0.491971056130
        0.398420991017         0.117694343071         0.491815306280
        0.397787363047         0.117634991803         0.491422751310
        0.396313520808         0.117550394595         0.490466018538
        0.392921835383         0.117496531287         0.488067435978
        0.385359633251         0.117901583339         0.482388038440
        0.368933072563         0.120435216338         0.467181709576
        0.343301946748         0.125418445183         0.437318138122
