       -2.000000000000      -593.957874236518
       -0.100000000000       -13.869793335175
       -0.010000000000        -1.363052283263
        0.000000000000         0.000000000000
        0.010000000000         1.345721267030
        0.020000000000         2.635673581931
        0.500000000000        17.306805776852
        0.300000000000        11.199511794666
        0.100000000000         7.645414934936
        0.800000000000        24.617127038589
        0.900000000000        26.709981915463
        1.000000000000        27.026080187597
        1.100000000000        26.452385365784
        1.200000000000        26.660773114912
        1.500000000000        26.724994551135
        2.000000000000        26.447210358942
        5.000000000000        18.200263563117
