0.205535
-0.0981326
0.0606274
-0.0343319
0.0162632
-0.00305277
-0.00630207
0.012033
-0.0145263
0.0141558
-0.011543
0.00740952
-0.0026109
-0.00198804
0.00563337
-0.00780881
0.00829872
-0.00719254
0.00484283
-0.00179108
-0.00133537
0.0039424
-0.00557857
0.0060082
-0.00523713
0.00349465
-0.00117931
-0.00122347
0.003239
-0.00449536
0.0047893
-0.00411478
0.00265352
-0.000732207
-0.00124618
0.00288495
-0.0038724
0.0040395
-0.00338614
0.00207423
-0.000390744
-0.00131259
0.00269185
-0.00347997
0.00353739
-0.0028749
0.00164687
-0.000117147
-0.00139609
0.00258612
-0.00321971
0.00318198
-0.00249592
0.00131454
0.000111866
-0.00148779
0.00253362
-0.00304249
0.00292046
-0.00220279
0.00104469
0.000311109
-0.00158459
0.00251642
-0.0029209
0.00272223
-0.00196777
0.000817159
0.000490398
-0.00168538
0.00252396
-0.00283798
0.00256785
-0.00177283
0.000618517
0.000656466
-0.00178948
0.00254885
-0.00278164
0.00244326
-0.00160483
0.000438976
0.000813999
-0.00189548
0.00258377
-0.00274008
0.00233512
-0.00145123
0.000269898
0.00096746
-0.00199714
0.00261858
-0.00268061
0.00223906
-0.00124673
0.000158141
0.00123276
-0.00197274
0.00241296
