0.0665221
-0.0322498
0.0334775
-0.0213659
0.0200836
-0.0145833
0.0134489
-0.0103687
0.00953922
-0.0075511
0.00692013
-0.0055396
0.00505175
-0.00402235
0.00362025
-0.00283172
0.00249181
-0.00186767
0.00156776
-0.00106948
0.000800096
-0.000397528
0.000150591
0.000174506
-0.00040228
0.000664813
-0.000875701
0.00108621
-0.0012807
0.00144796
-0.00162601
0.00175685
-0.00191785
0.002018
-0.00216122
0.00223536
-0.00236001
0.00241208
-0.00251748
0.00255075
-0.00263638
0.00265364
-0.00271919
0.00272277
-0.00276815
0.00276003
-0.00278538
0.00276724
-0.00277292
0.00274621
-0.0027328
0.00269876
-0.00266702
0.00262673
-0.0025776
0.00253201
-0.00246657
0.00241651
-0.00233601
0.00228222
-0.00218799
0.00213113
-0.00202461
0.00196528
-0.00184794
0.00178671
-0.0016601
0.00159747
-0.00146313
0.00139959
-0.00125908
0.00119508
-0.00104993
0.000985903
-0.000837609
0.000773979
-0.000623999
0.000561163
-0.000410896
0.00034924
-0.000200021
0.000139913
6.99205e-06
-6.52016e-05
0.000208592
-0.00026457
0.000403307
-0.00045674
0.000589732
-0.000640318
0.000766487
-0.000813918
0.000932119
-0.000976096
0.00108486
-0.00112489
0.00122156
-0.00124493
