-0.111791
0.0854207
-0.0677185
0.0515997
-0.0356206
0.0199999
-0.00577088
-0.00579644
0.0136477
-0.0172532
0.0167505
-0.0129197
0.007018
-0.000520958
-0.00516765
0.00897556
-0.010338
0.00925917
-0.00625373
0.00218973
0.00192812
-0.00518494
0.00694349
-0.0069566
0.00538596
-0.00273064
-0.000312172
0.00301857
-0.00480154
0.00533131
-0.0045889
0.00284599
-0.000581039
-0.00164488
0.00332192
-0.00410392
0.00387562
-0.00276256
0.00108525
0.000727995
-0.00224702
0.00313906
-0.00323899
0.00257627
-0.0013553
-0.000103219
0.00144417
-0.00236249
0.00267076
-0.00233534
0.0014745
-0.00032154
-0.000836564
0.00172918
-0.00216397
0.00206694
-0.00149245
0.000602899
0.000375577
-0.0012095
0.00171283
-0.00178749
0.00144092
-0.000778173
-2.82747e-05
0.000782559
-0.0013123
0.00150724
-0.0013412
0.000873213
-0.000228824
-0.000432834
0.000957815
-0.00123262
0.00120801
-0.00090652
0.000413065
0.000148308
-0.000645162
0.000967496
-0.00105155
0.000891554
-0.000537521
8.05189e-05
0.00037041
-0.000713955
0.00087887
-0.000838101
0.000612077
-0.00026121
-0.000129951
0.000472843
-0.000694611
0.000753084
-0.000644018
0.000399594
-7.92743e-05
-0.000244417
0.000501869
