0.163452
-0.0873196
0.0574083
-0.0360143
0.0227148
-0.0141456
0.00877555
-0.00543774
0.00339174
-0.00214882
0.00139777
-0.000942652
0.000662483
-0.000483834
0.000362917
-0.000274163
0.00020295
-0.000141163
8.44568e-05
-3.06482e-05
-2.12445e-05
7.15512e-05
-0.000120264
0.000167204
-0.000212116
0.00025472
-0.000294734
0.000331891
-0.000365943
0.00039667
-0.000423873
0.000447384
-0.000467064
0.000482799
-0.000494509
0.000502141
-0.000505676
0.000505122
-0.000500521
0.000491943
-0.000479491
0.000463296
-0.000443519
0.000420348
-0.000394001
0.00036472
-0.000332771
0.000298443
-0.000262046
0.000223907
-0.000184371
0.000143795
-0.000102543
6.09895e-05
-1.95114e-05
-2.15149e-05
6.17161e-05
-0.000100726
0.000138189
-0.000173762
0.000207122
-0.000237964
0.000266007
-0.000290997
0.000312707
-0.000330941
0.000345536
-0.000356364
0.00036333
-0.000366378
0.000365486
-0.000360672
0.000351989
-0.000339527
0.000323414
-0.00030381
0.000280912
-0.000254949
0.00022618
-0.000194894
0.000161408
-0.000126063
8.92189e-05
-5.12615e-05
1.258e-05
2.63998e-05
-6.52924e-05
0.00010361
-0.000141058
0.000176964
-0.000211392
0.000243004
-0.000273066
0.000297903
-0.0003225
0.000335827
-0.000353316
0.000345866
-0.000345675
