-0.122668
0.097406
-0.0785493
0.0590806
-0.0385408
0.0183228
-0.000516984
-0.0128863
0.0205795
-0.0222651
0.0187089
-0.0115406
0.00287291
0.0051619
-0.010849
0.0132053
-0.0121109
0.00824144
-0.00283241
-0.00265953
0.00691313
-0.00903541
0.00872886
-0.00630531
0.00255577
0.0014813
-0.0047907
0.00662286
-0.00665276
0.0050237
-0.00227454
-0.00082335
0.00347308
-0.00504997
0.00524233
-0.0041052
0.00202007
0.000423047
-0.00258673
0.0039479
-0.00422022
0.00340943
-0.00179237
-0.000170149
0.00196074
-0.00313882
0.00344625
-0.00286075
0.00158671
1.02907e-05
-0.00150557
0.00252611
-0.00284176
0.00241487
-0.00139852
8.64566e-05
0.00116959
-0.00205265
0.00235912
-0.00204415
0.00122413
-0.000137915
-0.000920971
0.00168247
-0.00196783
0.00173047
-0.00106072
0.0001553
0.000739075
-0.0013919
0.00164753
-0.00146148
0.000906133
-0.000145927
-0.000610075
0.00116486
-0.0013842
0.00122855
-0.000758642
0.000114646
0.000524533
-0.000990235
0.00116805
-0.00102552
0.00061687
-6.46526e-05
-0.000476012
0.000860337
-0.000992227
0.000847993
-0.00047969
-2.0321e-06
0.000460235
-0.000769978
0.000852017
-0.000692842
0.000346092
8.43981e-05
-0.000474764
