0.121843
-0.0821929
0.0573791
-0.0392183
0.0265878
-0.0178649
0.0119106
-0.00788427
0.00518517
-0.0033899
0.0022043
-0.00142642
0.000919065
-0.000589941
0.000377471
-0.0002409
0.000153444
-9.76167e-05
6.20703e-05
-3.94791e-05
2.5138e-05
-1.60365e-05
1.02576e-05
-6.58775e-06
4.25343e-06
-2.76223e-06
1.80338e-06
-1.18221e-06
7.76964e-07
-5.11075e-07
3.35954e-07
-2.20406e-07
1.44165e-07
-9.39406e-08
6.09478e-08
-3.93567e-08
2.52899e-08
-1.617e-08
1.02878e-08
-6.51387e-09
4.10536e-09
-2.57621e-09
1.61022e-09
-1.00287e-09
6.22718e-10
-3.85723e-10
2.38502e-10
-1.47324e-10
9.09887e-11
-5.62377e-11
3.48186e-11
-2.16155e-11
1.34679e-11
-8.42948e-12
5.30383e-12
-3.35669e-12
2.13753e-12
-1.36972e-12
8.83069e-13
-5.72562e-13
3.73122e-13
-2.44201e-13
1.60377e-13
-1.05594e-13
6.96394e-14
-4.59636e-14
3.0337e-14
-2.00088e-14
1.31792e-14
-8.66451e-15
5.6831e-15
-3.71749e-15
2.42441e-15
-1.57596e-15
1.02091e-15
-6.58976e-16
4.23793e-16
-2.71529e-16
1.73321e-16
-1.10221e-16
6.98378e-17
-4.40926e-17
2.7743e-17
-1.73994e-17
1.08795e-17
-6.78434e-18
4.22065e-18
-2.62066e-18
1.6249e-18
-1.0067e-18
6.23708e-19
-3.86845e-19
2.40576e-19
-1.50448e-19
9.50992e-20
-6.13463e-20
4.10972e-20
-2.90866e-20
