-0.0722067
0.0413506
-0.0262157
0.0168077
-0.0107791
0.00689547
-0.00439875
0.00280096
-0.00178387
0.00113988
-0.000734098
0.000479394
-0.000319848
0.000219835
-0.000156825
0.000116674
-9.0581e-05
7.31141e-05
-6.09471e-05
5.20588e-05
-4.52309e-05
3.97344e-05
-3.51354e-05
3.11756e-05
-2.77e-05
2.46137e-05
-2.18556e-05
1.93843e-05
-1.71688e-05
1.51844e-05
-1.34097e-05
1.18258e-05
-1.0415e-05
9.16099e-06
-8.0484e-06
7.06351e-06
-6.19343e-06
5.4259e-06
-4.74932e-06
4.15316e-06
-3.62748e-06
3.16477e-06
-2.75977e-06
2.4075e-06
-2.10192e-06
1.83644e-06
-1.6048e-06
1.40171e-06
-1.22299e-06
1.06539e-06
-9.26389e-07
8.03939e-07
-6.96312e-07
6.01979e-07
-5.19548e-07
4.47732e-07
-3.8534e-07
3.31276e-07
-2.84532e-07
2.44196e-07
-2.09446e-07
1.7955e-07
-1.53859e-07
1.31802e-07
-1.12879e-07
9.66531e-08
-8.27475e-08
7.08345e-08
-6.06314e-08
5.18947e-08
-4.44151e-08
3.80125e-08
-3.25324e-08
2.78423e-08
-2.38287e-08
2.03941e-08
-1.74553e-08
1.49409e-08
-1.27897e-08
1.09495e-08
-9.37557e-09
8.02956e-09
-6.87874e-09
5.89516e-09
-5.05483e-09
4.33728e-09
-3.72504e-09
3.20323e-09
-2.75911e-09
2.38178e-09
-2.06204e-09
1.79203e-09
-1.56508e-09
1.37556e-09
-1.21859e-09
1.09004e-09
-9.85917e-10
9.03604e-10
-8.29836e-10
