0.187602
-0.0960538
0.0621646
-0.0387193
0.023589
-0.013249
0.00597973
-0.000805638
-0.0028988
0.00546246
-0.00711557
0.00799444
-0.00821097
0.00785613
-0.00702306
0.00581002
-0.00432542
0.00268539
-0.00100943
-0.00058685
0.00199925
-0.00314208
0.00395331
-0.00439769
0.00446758
-0.00418197
0.00358403
-0.00273724
0.00172032
-0.000621175
-0.000469971
0.00146757
-0.00229717
0.00290076
-0.00324044
0.0033004
-0.00308718
0.00262841
-0.00197003
0.00117234
-0.000304958
-0.000558949
0.00134868
-0.00200168
0.00246833
-0.00271557
0.00272896
-0.00251335
0.00209203
-0.00150459
0.000803444
-4.94455e-05
-0.000693272
0.0013627
-0.00190411
0.00227443
-0.00244555
0.00240632
-0.00216317
0.00173934
-0.00117287
0.000513397
0.00018205
-0.000853938
0.00144533
-0.00190674
0.00220021
-0.00230234
0.00220601
-0.0019208
0.00147217
-0.000899323
0.00025199
0.000413767
-0.00104044
0.00157412
-0.00196925
0.00219243
-0.00222513
0.00206505
-0.00172615
0.00123759
-0.000641471
-1.04476e-05
0.0006611
-0.00125332
0.00173496
-0.00206433
0.00221267
-0.00216902
0.0019341
-0.00153407
0.000987455
-0.000368172
-0.000323121
0.000926772
-0.00153326
0.00182972
-0.00208642
