0.169252
-0.0953244
0.0642129
-0.04206
0.0273983
-0.0172492
0.0100963
-0.00492589
0.00111177
0.00172327
-0.00380933
0.00528438
-0.00623668
0.00672724
-0.00680564
0.00651881
-0.00591659
0.0050545
-0.00399446
0.00280393
-0.00155367
0.000314469
0.000846487
-0.00186933
0.00270468
-0.00331604
0.00368128
-0.00379316
0.00365905
-0.00329998
0.002749
-0.00204908
0.00125036
-0.000407133
-0.000425604
0.00119549
-0.00185599
0.00236909
-0.00270731
0.00285504
-0.00280905
0.00257835
-0.00218333
0.00165427
-0.00102931
0.00035192
0.000331956
-0.000976951
0.00154121
-0.00198907
0.0022932
-0.00243621
0.00241153
-0.00222366
0.00188774
-0.00142845
0.000878379
-0.000275835
-0.000337747
0.000920607
-0.0014335
0.00184231
-0.00212029
0.00224974
-0.00222307
0.00204321
-0.00172335
0.00128612
-0.000762057
0.000187598
0.000397381
-0.000952346
0.00143894
-0.00182367
0.00208018
-0.00219101
0.00214867
-0.00195613
0.00162656
-0.00118259
0.000654901
-8.02536e-05
-0.000500972
0.00104766
-0.00152101
0.00188743
-0.00212102
0.00220536
-0.00213422
0.00191224
-0.00155309
0.00108195
-0.00052632
-6.61759e-05
0.000671665
-0.00120041
0.00168391
-0.00192553
0.00212208
