-0.0418709
0.0127613
-0.010085
0.00854902
-0.00496903
0.0027261
-0.00196498
0.00144171
-0.000903971
0.000560452
-0.000389094
0.000270829
-0.000175699
0.000114104
-7.792e-05
5.31096e-05
-3.50825e-05
2.32423e-05
-1.5704e-05
1.05643e-05
-7.00985e-06
4.6536e-06
-3.10668e-06
2.06981e-06
-1.37358e-06
9.12054e-07
-6.06505e-07
4.02803e-07
-2.66962e-07
1.76786e-07
-1.17e-07
7.73236e-08
-5.10225e-08
3.36309e-08
-2.21465e-08
1.45676e-08
-9.57197e-09
6.28398e-09
-4.12225e-09
2.70207e-09
-1.7699e-09
1.15861e-09
-7.58041e-10
4.95709e-10
-3.24012e-10
2.11702e-10
-1.38272e-10
9.0283e-11
-5.89324e-11
3.84589e-11
-2.50926e-11
1.63687e-11
-1.0676e-11
6.96221e-12
-4.53976e-12
2.95989e-12
-1.92967e-12
1.25795e-12
-8.20019e-13
5.34525e-13
-3.48419e-13
2.27107e-13
-1.48033e-13
9.64923e-14
-6.28975e-14
4.10001e-14
-2.67271e-14
1.74235e-14
-1.1359e-14
7.40572e-15
-4.82858e-15
3.14847e-15
-2.05309e-15
1.3389e-15
-8.73214e-16
5.69545e-16
-3.7151e-16
2.42354e-16
-1.58114e-16
1.03164e-16
-6.73172e-17
4.39305e-17
-2.86715e-17
1.87146e-17
-1.22169e-17
7.97621e-18
-5.20839e-18
3.40167e-18
-2.22224e-18
1.45234e-18
-9.49877e-19
6.22054e-19
-4.08246e-19
2.69475e-19
-1.80503e-19
1.23653e-19
-8.77928e-20
7.07425e-20
-6.86182e-20
