-0.00571033
-0.00393012
0.00588027
-0.00544956
0.00450196
-0.00346057
0.00255295
-0.00182576
0.00127615
-0.000875246
0.000590909
-0.000393447
0.000258734
-0.000168195
0.000108151
-6.8808e-05
4.33199e-05
-2.69857e-05
1.66297e-05
-1.01348e-05
6.1111e-06
-3.64319e-06
2.14279e-06
-1.24057e-06
7.0469e-07
-3.91016e-07
2.10487e-07
-1.08687e-07
5.27228e-08
-2.29683e-08
7.87608e-09
-7.62836e-10
-2.16667e-09
3.01739e-09
-2.92204e-09
2.46534e-09
-1.93089e-09
1.44226e-09
-1.04183e-09
7.33781e-10
-5.06501e-10
3.43817e-10
-2.30055e-10
1.5199e-10
-9.9264e-11
6.41381e-11
-4.10228e-11
2.59811e-11
-1.62953e-11
1.01206e-11
-6.22253e-12
3.78557e-12
-2.27701e-12
1.35267e-12
-7.92376e-13
4.56695e-13
-2.58162e-13
1.42449e-13
-7.61545e-14
3.89524e-14
-1.86166e-14
7.88288e-15
-2.49501e-15
-6.14461e-19
9.91383e-16
-1.24314e-15
1.16551e-15
-9.68201e-16
7.51562e-16
-5.58195e-16
4.0169e-16
-2.82176e-16
1.94421e-16
-1.3181e-16
8.81256e-17
-5.81947e-17
3.79997e-17
-2.45545e-17
1.57095e-17
-9.9542e-18
6.24759e-18
-3.88375e-18
2.39061e-18
-1.4564e-18
8.77519e-19
-5.22381e-19
3.06789e-19
-1.77387e-19
1.00683e-19
-5.58532e-20
3.00789e-20
-1.55496e-20
7.55928e-21
-3.30479e-21
1.14437e-21
-1.21207e-22
-2.76966e-22
4.30502e-22
-2.67314e-22
