0.156781
-0.0912537
0.0606911
-0.0395408
0.0254437
-0.0158605
0.00927092
-0.00467003
0.00140039
0.000954356
-0.00265834
0.00387535
-0.00470764
0.00521974
-0.0054549
0.00544535
-0.00521889
0.00480294
-0.00422667
0.00352203
-0.00272367
0.00186837
-0.000993867
0.000137459
0.00066556
-0.0013834
0.00198911
-0.00246165
0.00278662
-0.00295665
0.00297148
-0.00283769
0.00256824
-0.00218171
0.00170139
-0.00115411
0.000569011
2.38526e-05
-0.000594962
0.00111671
-0.00156468
0.00191875
-0.00216393
0.00229095
-0.00229653
0.00218335
-0.00195984
0.00163964
-0.00124087
0.000785175
-0.000296696
-0.000199184
0.000677096
-0.00111295
0.00148514
-0.00177557
0.00197051
-0.00206119
0.00204419
-0.00192146
0.00170021
-0.00139251
0.00101465
-0.000586332
0.000129717
0.000331715
-0.000774344
0.00117562
-0.0015152
0.001776
-0.00194499
0.00201384
-0.00197927
0.00184315
-0.00161241
0.00129867
-0.000917737
0.000488821
-3.36531e-05
-0.0004246
0.000862521
-0.00125767
0.0015898
-0.00184189
0.00200107
-0.00205918
0.00201308
-0.00186473
0.00162096
-0.00129323
0.000896767
-0.00045122
-2.31043e-05
0.000497943
-0.000956279
0.00135016
-0.00169392
0.00187213
-0.00201757
