0.051005
-0.023764
0.0188929
-0.0065385
0.00147707
0.00433786
-0.00767537
0.0106596
-0.0123044
0.0136044
-0.0138191
0.0139692
-0.0130476
0.0123945
-0.0106679
0.00950246
-0.00732438
0.00591157
-0.0036293
0.00220544
-0.000128262
-0.00111144
0.00274108
-0.00365527
0.00468296
-0.00519304
0.00556293
-0.00565573
0.00540839
-0.00513086
0.00438848
-0.00383479
0.00277606
-0.00206918
0.000898285
-0.000169202
-0.000915962
0.00154796
-0.00238386
0.00282737
-0.00330565
0.00350801
-0.00358669
0.00353843
-0.00324244
0.0029749
-0.00238641
0.00196325
-0.00120393
0.000708212
8.32933e-05
-0.0005639
0.00125512
-0.00164256
0.00212764
-0.00236501
0.00257943
-0.00263845
0.00256637
-0.00244995
0.00212334
-0.00186294
0.0013531
-0.00100161
0.000404871
-2.65144e-05
-0.000553018
0.000893906
-0.00136161
0.00161086
-0.00189613
0.00201776
-0.00208392
0.00206488
-0.00191316
0.00176424
-0.00143151
0.00118433
-0.000734985
0.000435538
5.05392e-05
-0.00035028
0.00079155
-0.00104236
0.00136862
-0.00153156
0.0016944
-0.0017463
0.00172575
-0.00166232
0.00146909
-0.00130511
0.000977999
-0.000744626
0.00034332
-8.26029e-05
-0.000323142
0.000561362
-0.000877296
