0.177155
-0.088022
0.0615148
-0.0349061
0.00675839
0.000692204
-0.0156581
0.0150037
-0.016192
0.0128182
-0.0059535
0.00296652
0.00465372
-0.00587645
0.00921464
-0.00862069
0.00668575
-0.00514656
0.000376396
0.000990468
-0.00497328
0.00541868
-0.00620449
0.00564009
-0.00324799
0.00217629
0.00137821
-0.00224882
0.00451612
-0.00469191
0.00438062
-0.0038284
0.00145715
-0.000572203
-0.00208791
0.00275168
-0.00395447
0.00400755
-0.00314019
0.00256987
-0.000414455
-0.00042305
0.00234363
-0.00293675
0.00341775
-0.00339416
0.00228378
-0.0016348
-0.000184877
0.00108273
-0.00237669
0.00296706
-0.00297825
0.00285544
-0.00172762
0.00091031
0.000511573
-0.00154829
0.00234297
-0.00292922
0.00268756
-0.00238298
0.0013911
-0.000312296
-0.000722335
0.00191701
-0.00236504
0.00286743
-0.00254416
0.00194194
-0.00114902
-0.000241035
0.000969853
-0.00225238
0.00250184
-0.002778
0.00246516
-0.00146864
0.000845081
0.000816518
-0.00135365
0.00256634
-0.00271249
0.0026086
-0.00230627
0.000895743
-0.000359116
-0.00143165
0.00186431
-0.00280642
0.00286701
-0.00228271
0.00193705
-0.000200107
-0.0003026
0.00200003
-0.00233429
0.00276723
