0.179109
-0.101454
0.065867
-0.0403357
0.0220188
-0.008642
-0.00103218
0.00765442
-0.0117171
0.0135942
-0.0136485
0.012237
-0.00973301
0.00652759
-0.00302126
-0.000398768
0.003389
-0.00567959
0.00709561
-0.00756638
0.00712356
-0.00589044
0.0040645
-0.00189393
-0.000350614
0.00240668
-0.00404897
0.00511262
-0.00550785
0.00522538
-0.00433314
0.00296536
-0.00130516
-0.000437998
0.00205354
-0.00335454
0.00419871
-0.004503
0.00425075
-0.00349115
0.00233166
-0.000924061
-0.000554438
0.001923
-0.00301898
0.00371695
-0.00394247
0.00367946
-0.0029707
0.00191171
-0.000638595
-0.000688867
0.00190706
-0.0028686
0.00345997
-0.00361459
0.00331986
-0.00261795
0.0016002
-0.000395754
-0.000844425
0.00196643
-0.00283253
0.00333799
-0.00342342
0.00308145
-0.00235718
0.00134269
-0.000165747
-0.00102597
0.00208346
-0.00287523
0.00330359
-0.00331638
0.00291296
-0.00214412
0.00110617
7.05169e-05
-0.00123763
0.0022479
-0.00297414
0.00332531
-0.00325743
0.00277838
-0.00194688
0.000866209
0.000327494
-0.00148194
0.00244885
-0.00310494
0.00336712
-0.00320482
0.00263246
-0.00172919
0.000575362
0.000618519
-0.00181241
0.00258135
-0.00317034
