-0.00863367
-0.000882053
-7.45014e-05
-6.03655e-06
-4.7145e-07
-3.64045e-08
-2.80246e-09
-2.15476e-10
-1.65674e-11
-1.27405e-12
-9.79381e-14
-7.52718e-15
-5.78535e-16
-4.44813e-17
-3.42008e-18
-2.62905e-19
-2.02044e-20
-1.55307e-21
-1.19435e-22
-9.18221e-24
-7.05685e-25
-5.42528e-26
-4.17018e-27
-3.20467e-28
-2.46354e-29
-1.89367e-30
-1.45561e-31
-1.11905e-32
-8.60581e-34
-6.6176e-35
-5.09301e-36
-3.92413e-37
-3.02139e-38
-3.81117e-39
-1.2857e-39
1.83671e-40
-6.31369e-40
-9.36722e-39
1.37753e-39
1.33161e-39
-1.69896e-39
-4.1326e-40
-9.18355e-41
-7.34684e-40
-4.59177e-40
-6.31369e-39
-1.10203e-39
-7.34684e-40
5.51013e-40
-2.31885e-39
-4.49994e-39
1.01019e-39
4.82136e-40
1.14794e-40
3.86857e-39
1.65304e-39
-4.44828e-40
-4.59177e-40
-6.42848e-39
2.75506e-40
6.0554e-40
1.14794e-41
3.90301e-40
-1.12039e-38
-1.83671e-39
-3.44383e-40
1.11925e-40
-2.29589e-41
1.93429e-39
1.2857e-39
2.64027e-40
4.70657e-40
-4.1326e-40
-9.18355e-40
1.2857e-39
-8.58662e-39
1.19386e-39
-1.65304e-39
-9.18355e-41
5.51013e-40
-1.74487e-39
-2.55417e-40
3.91736e-39
-1.23978e-39
2.29589e-40
-3.71934e-39
-3.67342e-39
4.0178e-40
-1.676e-39
-1.46937e-39
9.64273e-40
-2.70915e-39
9.64273e-40
-1.01019e-39
-3.32904e-40
5.51013e-40
-7.80602e-40
-1.37753e-40
