-0.130009
0.104267
-0.085123
0.0650765
-0.0437659
0.0225967
-0.00360582
-0.0112462
0.020587
-0.0239382
0.021797
-0.0155058
0.00695789
0.00179034
-0.00891414
0.0131434
-0.0139514
0.0115814
-0.00691581
0.00122832
0.00412253
-0.00798996
0.00966459
-0.00898686
0.00633159
-0.00247831
-0.00159579
0.00494911
-0.00688213
0.00707387
-0.00562334
0.002994
0.000119135
-0.00296456
0.00490897
-0.00557258
0.00489707
-0.00313565
0.000772941
0.00160243
-0.00344012
0.00435191
-0.00418996
0.00306463
-0.00130161
-0.000647517
0.00231793
-0.00333992
0.00351823
-0.00286596
0.0015881
-2.1672e-05
-0.00145083
0.00249304
-0.00288984
0.00258964
-0.00170591
0.000480512
0.000780623
-0.0017825
0.00230883
-0.00226725
0.00170289
-0.000779154
-0.0002677
0.00118791
-0.00177692
0.00191976
-0.00161182
0.000952702
-0.000116327
-0.000694021
0.00129445
-0.0015614
0.00145589
-0.00102658
0.000392512
0.000289002
-0.000860908
0.00120203
-0.00125183
0.00101955
-0.00057675
3.6446e-05
0.000475307
-0.000848426
0.00101178
-0.000945534
0.000681039
-0.000289553
-0.000136565
0.000505353
-0.000744532
0.000814689
-0.000714159
0.000475586
-0.000156017
-0.000176513
0.00045683
