0.274685
-0.0564754
-0.0336567
0.0419595
-0.00951709
-0.0216346
0.0239792
-0.00116452
-0.0188213
0.0161326
0.00338804
-0.0169539
0.0108875
0.00640226
-0.0151519
0.00672489
0.00842479
-0.0132202
0.0032212
0.00968842
-0.011129
0.000233556
0.0103162
-0.00890955
-0.00228403
0.0103935
-0.00661814
-0.00434226
0.0099924
-0.00432201
-0.00594151
0.00918247
-0.002092
-0.00708329
0.00803443
2.41944e-06
-0.00777581
0.00662189
0.00189696
-0.00803652
0.00502114
0.00353564
-0.00789304
0.00331019
0.00487321
-0.00738313
0.00156694
0.00587694
-0.00655397
-0.000133014
0.00652761
-0.00546114
-0.0017189
0.00681995
-0.00416707
-0.00312732
0.00676236
-0.00273935
-0.00430463
0.00637623
-0.0012485
-0.00520889
0.00569488
0.000234391
-0.00581137
0.00476215
0.00164037
-0.00609732
0.00363085
0.00290542
-0.0060662
0.00236093
0.00397314
-0.00573124
0.00101741
0.00479723
-0.00511862
-0.000331849
0.00534347
-0.0042662
-0.00161855
0.00559105
-0.00322211
-0.00277648
0.00553307
-0.00204303
-0.00374336
0.00517601
-0.000792578
-0.00446168
0.00453317
0.000448396
-0.00486567
0.00372301
0.0018244
-0.00457753
0.00336234
0.00352959
