0.0543744
-0.0532605
0.0268765
-0.024404
0.0119319
-0.0110475
0.00511602
-0.0049882
0.00212676
-0.00225542
0.0008527
-0.00102499
0.000325077
-0.00047001
0.000114099
-0.000218333
3.38622e-05
-0.000103125
5.78711e-06
-4.96781e-05
-2.51834e-06
-2.44563e-05
-3.92459e-06
-1.23157e-05
-3.29619e-06
-6.34214e-06
-2.32728e-06
-3.33477e-06
-1.51565e-06
-1.78615e-06
-9.43438e-07
-9.71753e-07
-5.71154e-07
-5.35447e-07
-3.39596e-07
-2.98004e-07
-1.99495e-07
-1.67129e-07
-1.16232e-07
-9.42697e-08
-6.73371e-08
-5.33973e-08
-3.88577e-08
-3.0338e-08
-2.23623e-08
-1.72741e-08
-1.28451e-08
-9.85076e-09
-7.36872e-09
-5.62349e-09
-4.22337e-09
-3.21263e-09
-2.41915e-09
-1.83626e-09
-1.38512e-09
-1.04992e-09
-7.92851e-10
-6.00447e-10
-4.5375e-10
-3.43446e-10
-2.59651e-10
-1.96465e-10
-1.4857e-10
-1.12393e-10
-8.50059e-11
-6.42996e-11
-4.86357e-11
-3.67865e-11
-2.78261e-11
-2.10463e-11
-1.59201e-11
-1.20411e-11
-9.10829e-12
-6.88901e-12
-5.21107e-12
-3.94139e-12
-2.98137e-12
-2.25498e-12
-1.70571e-12
-1.29013e-12
-9.75874e-13
-7.38119e-13
-5.58317e-13
-4.22292e-13
-3.19418e-13
-2.41595e-13
-1.82734e-13
-1.38209e-13
-1.04531e-13
-7.90613e-14
-5.98003e-14
-4.52595e-14
-3.43023e-14
-2.61506e-14
-2.02196e-14
-1.63449e-14
-1.45484e-14
-1.54377e-14
