0.0564533
-0.0383238
0.0301616
-0.0170531
0.0141989
-0.00782408
0.00626876
-0.00378073
0.00263013
-0.00185646
0.0010939
-0.000879206
0.00047958
-0.000388722
0.000227719
-0.000161039
0.000111791
-6.58812e-05
5.27185e-05
-2.86896e-05
2.31494e-05
-1.34644e-05
9.66464e-06
-6.45606e-06
4.01842e-06
-3.0032e-06
1.7383e-06
-1.32914e-06
7.90052e-07
-5.65233e-07
3.66971e-07
-2.3769e-07
1.68076e-07
-1.01967e-07
7.44411e-08
-4.52141e-08
3.19405e-08
-2.04632e-08
1.35143e-08
-9.22549e-09
5.76767e-09
-4.07059e-09
2.51594e-09
-1.75276e-09
1.11696e-09
-7.44158e-10
4.9671e-10
-3.16635e-10
2.18018e-10
-1.36646e-10
9.39616e-11
-5.98255e-11
3.99773e-11
-2.63104e-11
1.69858e-11
-1.14878e-11
7.28134e-12
-4.95021e-12
3.15725e-12
-2.1097e-12
1.37687e-12
-8.96364e-13
5.98563e-13
-3.82888e-13
2.57876e-13
-1.65027e-13
1.10119e-13
-7.15625e-14
4.68552e-14
-3.10219e-14
1.99994e-14
-1.33727e-14
8.59664e-15
-5.72665e-15
3.71759e-15
-2.44433e-15
1.61022e-15
-1.04531e-15
6.95479e-16
-4.49537e-16
2.99074e-16
-1.94442e-16
1.28292e-16
-8.43462e-17
5.51074e-17
-3.65654e-17
2.37811e-17
-1.58158e-17
1.03189e-17
-6.83256e-18
4.49721e-18
-2.95883e-18
1.97037e-18
-1.29409e-18
8.74996e-19
-5.7979e-19
4.04588e-19
-2.99521e-19
2.46567e-19
