0.144795
-0.0837975
0.0549539
-0.0350589
0.0221565
-0.0137806
0.00844008
-0.00508705
0.00301692
-0.00176077
0.00101224
-0.000574674
0.000324076
-0.000183673
0.000106811
-6.571e-05
4.41771e-05
-3.29992e-05
2.70816e-05
-2.37043e-05
2.14787e-05
-1.97374e-05
1.81877e-05
-1.67204e-05
1.53088e-05
-1.39577e-05
1.268e-05
-1.14868e-05
1.03845e-05
-9.37484e-06
8.45585e-06
-7.62314e-06
6.87089e-06
-6.19265e-06
5.58186e-06
-5.03217e-06
4.53757e-06
-4.09256e-06
3.69209e-06
-3.33164e-06
3.0071e-06
-2.7148e-06
2.45144e-06
-2.21408e-06
2.00007e-06
-1.80706e-06
1.63293e-06
-1.4758e-06
1.33395e-06
-1.20587e-06
1.0902e-06
-9.85718e-07
8.91318e-07
-8.06015e-07
7.28921e-07
-6.59236e-07
5.96242e-07
-5.39291e-07
4.87799e-07
-4.41239e-07
3.99137e-07
-3.61064e-07
3.26633e-07
-2.95496e-07
2.67337e-07
-2.41871e-07
2.18841e-07
-1.98014e-07
1.79181e-07
-1.62152e-07
1.46755e-07
-1.32836e-07
1.20253e-07
-1.08881e-07
9.86063e-08
-8.93247e-08
8.09435e-08
-7.33789e-08
6.65551e-08
-6.04038e-08
5.48637e-08
-4.98795e-08
4.54016e-08
-4.13854e-08
3.77911e-08
-3.45832e-08
3.173e-08
-2.92034e-08
2.6979e-08
-2.50338e-08
2.33503e-08
-2.19062e-08
2.06954e-08
-1.96748e-08
1.88742e-08
-1.81386e-08
1.7666e-08
-1.68485e-08
1.66025e-08
