0.00976432
-0.015202
0.00951361
-0.00582818
0.00417822
-0.00309274
0.0021643
-0.00145945
0.000986507
-0.000674322
0.000460435
-0.000311863
0.000210166
-0.000141456
9.50449e-05
-6.36525e-05
4.24975e-05
-2.83062e-05
1.88109e-05
-1.24788e-05
8.27086e-06
-5.47977e-06
3.6299e-06
-2.40432e-06
1.59253e-06
-1.05481e-06
6.98596e-07
-4.62608e-07
3.06268e-07
-2.02705e-07
1.34115e-07
-8.86999e-08
5.86389e-08
-3.87486e-08
2.55932e-08
-1.68962e-08
1.11492e-08
-7.35346e-09
4.84766e-09
-3.19424e-09
2.10378e-09
-1.38495e-09
9.11333e-10
-5.99418e-10
3.94093e-10
-2.58993e-10
1.7014e-10
-1.11726e-10
7.334e-11
-4.81249e-11
3.1568e-11
-2.07003e-11
1.35695e-11
-8.89233e-12
5.8255e-12
-3.81526e-12
2.49799e-12
-1.63508e-12
1.06997e-12
-6.9999e-13
4.57832e-13
-2.99376e-13
1.95716e-13
-1.27921e-13
8.35913e-14
-5.46124e-14
3.56726e-14
-2.32966e-14
1.52114e-14
-9.93044e-15
6.48173e-15
-4.22999e-15
2.76005e-15
-1.80063e-15
1.17453e-15
-7.66024e-16
4.99525e-16
-3.25694e-16
2.12327e-16
-1.38402e-16
9.0204e-17
-5.87835e-17
3.8303e-17
-2.49552e-17
1.6257e-17
-1.05894e-17
6.89701e-18
-4.49168e-18
2.92498e-18
-1.90466e-18
1.24029e-18
-8.07826e-19
5.26478e-19
-3.43664e-19
2.25166e-19
-1.48793e-19
1.0047e-19
-7.14931e-20
5.56829e-20
