        0.144863041571          0.117449755734          0.117913274577          0.118765252033          0.119216851149          0.119572962915          0.119435606542          0.119196950975          0.118876310061          0.118612060001          0.118442183060          0.118395541919          0.118462810574          0.118614689046          0.118806165314          0.118987902639          0.119116449977          0.119163499783          0.119121615769          0.119005179966          0.118846278258          0.118686531110          0.118566874787          0.118517720484          0.118551739257
        0.174688853353          0.140114719761          0.143535126102          0.143182694419          0.143612693414          0.143680343837          0.143505573418          0.143299363658          0.143088954514          0.142958676943          0.142909956429          0.142942662779          0.143032466423          0.143150899668          0.143267194416          0.143355485237          0.143398493089          0.143390161860          0.143335952396          0.143251011847          0.143156519441          0.143074975739          0.143025393246          0.143019327974          0.143058490233
        0.173322103035          0.140010704549          0.143331072761          0.142666712238          0.143032734579          0.143029052374          0.142894015375          0.142741997839          0.142605138901          0.142537203205          0.142531460835          0.142580210281          0.142659922113          0.142747653362          0.142822077715          0.142868217918          0.142878796481          0.142854756898          0.142804197604          0.142740215989          0.142678003105          0.142631736116          0.142611805711          0.142622829084          0.142662751719
        0.174678505169          0.140682801482          0.144041308350          0.143222008917          0.143575973217          0.143586968690          0.143493624893          0.143388469107          0.143291741473          0.143250877300          0.143256082733          0.143300538162          0.143363846772          0.143427993732          0.143477266565          0.143502061628          0.143499277176          0.143472142053          0.143428831434          0.143380437231          0.143338569284          0.143312996510          0.143309710704          0.143329734859          0.143368879581
        0.174979953764          0.140777646056          0.144118495342          0.143238161293          0.143622717233          0.143665937804          0.143618695434          0.143551087933          0.143480704217          0.143450925184          0.143452815871          0.143482348482          0.143523694044          0.143564119563          0.143592987990          0.143604690037          0.143598381275          0.143577508607          0.143548510164          0.143519217652          0.143497125886          0.143487810600          0.143493754844          0.143513800581          0.143543333545
        0.175024825021          0.140752840171          0.144080430954          0.143220378927          0.143639867138          0.143722930092          0.143706879830          0.143659282942          0.143595548582          0.143560936110          0.143549392568          0.143560863077          0.143583547619          0.143608326950          0.143627242291          0.143636129477          0.143634244567          0.143623885101          0.143609344277          0.143595669430          0.143587343163          0.143587142346          0.143595414048          0.143609941007          0.143626428844
        0.174944502421          0.140667100253          0.144024184787          0.143196584188          0.143654575940          0.143766677671          0.143768463887          0.143726079815          0.143656844837          0.143609092424          0.143580524285          0.143574826573          0.143583395371          0.143599391625          0.143616004122          0.143629055859          0.143636749867          0.143639513104          0.143639227039          0.143638296043          0.143638675781          0.143641116556          0.143644827394          0.143647661559          0.143646769629
        0.174822999039          0.140603095737          0.143992367474          0.143203211919          0.143688540236          0.143816599233          0.143821783226          0.143772678627          0.143689909726          0.143625598601          0.143580998640          0.143562640635          0.143563784387          0.143578365809          0.143599331538          0.143621422367          0.143641143680          0.143656831835          0.143668103510          0.143675168518          0.143678154528          0.143676686794          0.143669868680          0.143656677512          0.143636650816
        0.174738397338          0.140569904595          0.143997047649          0.143234223897          0.143735142700          0.143865500538          0.143863467144          0.143800445334          0.143701196854          0.143621220218          0.143564546601          0.143539384494          0.143539604502          0.143558766815          0.143588682069          0.143622429048          0.143654535383          0.143681227553          0.143700080666          0.143709588298          0.143708797353          0.143697194201          0.143674902753          0.143643137132          0.143604752138
        0.174698216918          0.140573776884          0.144029697395          0.143280123312          0.143783999142          0.143906175448          0.143890174919          0.143810465385          0.143695694836          0.143603900692          0.143540783735          0.143515033509          0.143520058362          0.143548219333          0.143589657945          0.143635519872          0.143678304549          0.143712290131          0.143733414742          0.143739137265          0.143728368592          0.143701574765          0.143661040437          0.143611203424          0.143558895382
        0.174706351501          0.140603441567          0.144077814813          0.143328034935          0.143825092914          0.143932562547          0.143900092291          0.143804746877          0.143678248177          0.143580089110          0.143516495896          0.143495639162          0.143509707785          0.143549379012          0.143602868906          0.143659317422          0.143709304066          0.143745494872          0.143762809129          0.143758575276          0.143732679443          0.143687733924          0.143629223382          0.143565533898          0.143507737723
        0.174747529750          0.140647031419          0.144127901886          0.143367949920          0.143851839230          0.143942241589          0.143894370589          0.143787189286          0.143654342647          0.143555693064          0.143497000346          0.143485193307          0.143510776589          0.143562499998          0.143626577191          0.143690231550          0.143742430211          0.143774816566          0.143782175410          0.143762809888          0.143718755861          0.143655829951          0.143583466270          0.143514288574          0.143463199714
        0.174806024136          0.140692006313          0.144169535929          0.143393426470          0.143861631822          0.143936186375          0.143876643313          0.143762997406          0.143629611273          0.143535793128          0.143486106818          0.143485795483          0.143523440928          0.143585788993          0.143657129557          0.143723059674          0.143771504902          0.143793957019          0.143786167775          0.143748595651          0.143686497184          0.143609658121          0.143531765851          0.143469282798          0.143439905098
        0.174865753110          0.140728906748          0.144196187863          0.143402091799          0.143855479225          0.143918044904          0.143852100377          0.143737798122          0.143609163733          0.143524275593          0.143486040454          0.143497784234          0.143546085910          0.143615761978          0.143689460623          0.143751714856          0.143790274389          0.143797581521          0.143771541911          0.143715849197          0.143639753120          0.143557316872          0.143486083306          0.143445315252          0.143453117410
        0.174914661703          0.140751818627          0.144205500366          0.143395086352          0.143837112011          0.143893069631          0.143826447009          0.143716790136          0.143597000464          0.143523500339          0.143497291705          0.143519704447          0.143575384793          0.143647497703          0.143717606834          0.143770043940          0.143793486681          0.143782521282          0.143738295781          0.143668518389          0.143586742824          0.143510909834          0.143461375106          0.143457812230          0.143516635213
        0.174945296596          0.140758652170          0.144198705159          0.143376172839          0.143811860210          0.143867014667          0.143804964583          0.143704065821          0.143595592241          0.143534077904          0.143518529852          0.143548350482          0.143606527864          0.143675129736          0.143735496401          0.143772863865          0.143778037161          0.143748843395          0.143690459585          0.143614921817          0.143539684862          0.143485518082          0.143473193510          0.143520691920          0.143636954146
        0.174955102243          0.140750609814          0.144179696090          0.143350641423          0.143785540242          0.143845193499          0.143791812940          0.143702166158          0.143605627507          0.143554753909          0.143546621311          0.143578977233          0.143633704344          0.143692632768          0.143737985710          0.143757107154          0.143744034037          0.143700628661          0.143636414426          0.143567350724          0.143513738325          0.143496771001          0.143535528348          0.143640512167          0.143812702886
        0.174945724165          0.140731349284          0.144153906650          0.143324227225          0.143763504283          0.143831777713          0.143789573058          0.143711818081          0.143625890701          0.143582427682          0.143576847176          0.143605792860          0.143650901210          0.143694870406          0.143722012748          0.143722890449          0.143695574155          0.143646284290          0.143588486580          0.143541003926          0.143524571255          0.143558691800          0.143654962477          0.143815919697          0.144019451423
        0.174921923862          0.140705956562          0.144127205190          0.143302191126          0.143749942332          0.143829346967          0.143798987301          0.143731816837          0.143653287209          0.143612379274          0.143603408375          0.143622772092          0.143652966306          0.143678763579          0.143687679107          0.143674301305          0.143641063727          0.143598143595          0.143561886631          0.143551560850          0.143586213621          0.143677862782          0.143830135706          0.144022471573          0.144207497256
        0.174890255997          0.140679927279          0.144104957301          0.143288642924          0.143747435097          0.143838633949          0.143818846320          0.143759057408          0.143683079893          0.143638786516          0.143620252342          0.143624732904          0.143636789634          0.143644384043          0.143639046473          0.143619726644          0.143592824094          0.143571410450          0.143572288312          0.143613042340          0.143705232369          0.143852901620          0.144036578462          0.144210436041          0.144272717422
        0.174857760638          0.140658297669          0.144091338719          0.143286107421          0.143756704254          0.143858415894          0.143846027073          0.143788778882          0.143709416236          0.143655562854          0.143622161214          0.143608528970          0.143602407253          0.143595760272          0.143584473272          0.143571465468          0.143566042183          0.143581743968          0.143633695889          0.143731993860          0.143880216557          0.144059306958          0.144224518083          0.144275656884          0.143930025028
        0.174830851949          0.140645002431          0.144088898657          0.143295279195          0.143776509151          0.143885555438          0.143875743413          0.143815098772          0.143726174952          0.143657454560          0.143605952903          0.143574161377          0.143553814141          0.143541220174          0.143536232592          0.143544683728          0.143576359381          0.143643130273          0.143752633318          0.143906975933          0.144086633966          0.144247260197          0.144289767106          0.143932992724          0.142946734613
        0.174814503996          0.140642459191          0.144098318737          0.143314917592          0.143803692664          0.143915253013          0.143902085972          0.143831865772          0.143728070160          0.143641248355          0.143571598596          0.143525596436          0.143499311130          0.143493012624          0.143509470017          0.143555005953          0.143637745832          0.143762075603          0.143927637150          0.144113430470          0.144274621241          0.144312548501          0.143947097511          0.142949756513          0.139838619753
        0.174811734085          0.140651328110          0.144118316660          0.143341886639          0.143833437686          0.143941587745          0.143918879404          0.143833768693          0.143711863796          0.143606892870          0.143523043572          0.143471114863          0.143451128187          0.143466266610          0.143519796490          0.143616390390          0.143756695698          0.143937099603          0.144134130753          0.144301455734          0.144339947353          0.143969836243          0.142963839662          0.139841594401          0.134799086395
        0.174823317170          0.140670401600          0.144145697085          0.143371403413          0.143859810863          0.143958375252          0.143920794533          0.143817552052          0.143677489644          0.143558321001          0.143468557035          0.143422935199          0.143424383433          0.143476584043          0.143581163054          0.143735325083          0.143931719540          0.144143615372          0.144322184248          0.144366809797          0.143997163202          0.142986485771          0.139855356637          0.134802045452 
        0.174847670435          0.140696632059          0.144175611399          0.143397573035          0.143876621742          0.143960280083          0.143904565745          0.143783141637          0.143628876133          0.143503799206          0.143420354345          0.143396171472          0.143434674815          0.143537913220          0.143700056819          0.143910318661          0.144138228269          0.144331677341          0.144387551988          0.144023940628          0.143013669981          0.139877465318          0.134815424987  
        0.174880912209          0.140725363106          0.144202103399          0.143414239617          0.143878535052          0.143944033178          0.143870116925          0.143734467216          0.143574294322          0.143455547649          0.143393552385          0.143406422851          0.143495951738          0.143656744128          0.143874989954          0.144116786786          0.144326273461          0.144397043464          0.144044604681          0.143040287987          0.139903993546          0.134836856078   
        0.174917171572          0.140750843571          0.144218969422          0.143416091782          0.143862286665          0.143909557699          0.143821383267          0.143679809100          0.143525975438          0.143428692688          0.143403756526          0.143467643126          0.143614709368          0.143831595736          0.144081387913          0.144304789551          0.144391624343          0.144054044298          0.143060816464          0.139929961705          0.134862537818    
        0.174949243571          0.140767054711          0.144220870845          0.143399874023          0.143827806986          0.143860790551          0.143766656007          0.143631413223          0.143499060233          0.143438850631          0.143464927755          0.143586333666          0.143789474461          0.144037905825          0.144269327526          0.144370115174          0.144048614144          0.143070184555          0.139949979620          0.134887657931     
        0.174969625984          0.140768791297          0.144204549665          0.143365508020          0.143779039651          0.143806026673          0.143718195093          0.143604437628          0.143509179285          0.143499992372          0.143583573824          0.143761028073          0.143995696839          0.144225771694          0.144334622725          0.144027140976          0.143064778354          0.139959096178          0.134907013833      
        0.174971863324          0.140752850737          0.144169950971          0.143316911800          0.143724283277          0.143757531084          0.143691173234          0.143614529352          0.143570315120          0.143618631920          0.143758232936          0.143967184923          0.144183492699          0.144291036836          0.143991727226          0.143043438933          0.139953780410          0.134915832339       
        0.174952017621          0.140719137351          0.144121040396          0.143262344084          0.143675801917          0.143730482236          0.143701250192          0.143675684076          0.143688987439          0.143793309277          0.143964366653          0.144154932118          0.144248733864          0.143948247079          0.143008259253          0.139932897653          0.134910714769        
        0.174910028413          0.140671472363          0.144066144424          0.143214019226          0.143648768024          0.143740545348          0.143762430763          0.143794427129          0.143863735296          0.143999481079          0.144152102725          0.144220161030          0.143906051517          0.142965076124          0.139898490202          0.134890576224         
        0.174850704801          0.140617938448          0.144017559037          0.143187055668          0.143658837129          0.143801729650          0.143881242834          0.143969294965          0.144070002999          0.144187259197          0.144217335497          0.143877554693          0.142923177161          0.139856260461          0.134857395781          
        0.174784140418          0.140570507168          0.143990490502          0.143197058905          0.143720006906          0.143920565056          0.144056218650          0.144175713084          0.144257872461          0.144252515621          0.143874742289          0.142894890192          0.139815286385          0.134816679758           
        0.174725241775          0.140544010053          0.144000625691          0.143257986712          0.143838798328          0.144095582768          0.144262766584          0.144363720930          0.144323169210          0.143909841771          0.142892116390          0.139787621742          0.134777185629            
        0.174692446413          0.140553766538          0.144061987718          0.143376347489          0.144013737889          0.144302185097          0.144450890532          0.144429072984          0.143980326370          0.142926996408          0.139784905626          0.134750535388             
        0.174704777717          0.140613486979          0.144181104701          0.143550681111          0.144220236450          0.144490358897          0.144516285604          0.144085974609          0.142997017334          0.139819014803          0.134747947713              
        0.174779244672          0.140729575199          0.144356493392          0.143756488082          0.144408308166          0.144555776396          0.144172973187          0.143101958655          0.139887493461          0.134780866852               
        0.174923766652          0.140900613560          0.144563498205          0.143943942112          0.144473679107          0.144212366401          0.143188366499          0.139990130355          0.134846918801                
        0.175136548136          0.141102573456          0.144752020238          0.144009120883          0.144130455397          0.143227503266          0.140074640203          0.134945896083                 
        0.175387676797          0.141286545803          0.144817519854          0.143667009112          0.143146122883          0.140112908233          0.135027380181                  
        0.175616385351          0.141350555661          0.144473471479          0.142685902780          0.140033302660          0.135064302477                   
        0.175695826383          0.141014775822          0.143486730969          0.139583061489          0.134987517783                    
        0.175278429007          0.140051892379          0.140366545260          0.134553616594                     
        0.174081253172          0.137006278141          0.135308622983                      
        0.170295837691          0.132069889772                       
        0.164159346207                        
