        0.127366431748          0.100494582390          0.102768934818          0.105211334282          0.105132850408          0.104836444605          0.103538750701          0.102808230176          0.102739522940          0.103390149586          0.104268723850          0.104856551794          0.104836561092          0.104266460951          0.103515408615          0.103033243243          0.103090200915          0.103630436571          0.104317731254          0.104739536325          0.104649607941          0.104109117079          0.103446317334          0.103060567618          0.103186120018
        0.166650056948          0.128621184318          0.133939895294          0.134622140119          0.134207121948          0.133946398316          0.133039097978          0.132809979267          0.132994076699          0.133568404752          0.134105377496          0.134313129242          0.134093973240          0.133607601846          0.133155484551          0.133000776313          0.133220769076          0.133670673287          0.134076251152          0.134197099262          0.133966164475          0.133525909538          0.133142111166          0.133046402789          0.133299190356
        0.164796095923          0.127077639989          0.132455859996          0.132140394812          0.131997343254          0.131921423508          0.131461033802          0.131454797482          0.131614065021          0.131934930614          0.132160878058          0.132180678143          0.131994820201          0.131730509679          0.131550858788          0.131558903347          0.131741288189          0.131981449353          0.132132561730          0.132105112893          0.131918609399          0.131688170471          0.131554929267          0.131601380356          0.131801417552
        0.166278713708          0.127958706882          0.132856455299          0.132621198676          0.132649167634          0.132923926994          0.132656338262          0.132648860264          0.132614137305          0.132682663905          0.132742889966          0.132772455112          0.132755699984          0.132714271412          0.132680039147          0.132674180971          0.132695907307          0.132726008347          0.132742117399          0.132733837601          0.132708896671          0.132686960158          0.132685505754          0.132707094143          0.132736772226
        0.166563916741          0.127480274242          0.132577223148          0.132470967828          0.132849808379          0.133319263002          0.133049950936          0.132853319599          0.132567510808          0.132471075946          0.132539729445          0.132736431810          0.132940947118          0.133044484897          0.132997103466          0.132832075098          0.132645235253          0.132541079907          0.132575968022          0.132727971207          0.132910087985          0.133019058298          0.132992835848          0.132845116454          0.132658082311
        0.165937331729          0.127224133682          0.132429224131          0.132667720109          0.133210467639          0.133673218720          0.133218079434          0.132787904655          0.132353568549          0.132272605860          0.132502192421          0.132905326169          0.133240612302          0.133325798478          0.133125746421          0.132766040646          0.132457664356          0.132376190150          0.132564229594          0.132909565545          0.133210644696          0.133291960062          0.133104438485          0.132754174477          0.132443068402
        0.165532277898          0.127059101737          0.132577766195          0.132983127572          0.133513818677          0.133792149967          0.133105959511          0.132530455591          0.132113801930          0.132193391698          0.132627112606          0.133158175842          0.133473424482          0.133406258431          0.133013594919          0.132534940379          0.132250816571          0.132322112811          0.132701412783          0.133163219564          0.133435201537          0.133355655040          0.132967676102          0.132495894164          0.132218475349
        0.165307447641          0.127207353086          0.132895088096          0.133275384551          0.133624606241          0.133670382108          0.132844154912          0.132289834660          0.132035925499          0.132318186437          0.132876330594          0.133383935712          0.133545531604          0.133287254208          0.132778970147          0.132327677270          0.132197305948          0.132458146397          0.132950605072          0.133380455343          0.133490900627          0.133212826517          0.132706736048          0.132271462923          0.132171392910
        0.165511170935          0.127502184385          0.133200643494          0.133380650564          0.133506426600          0.133408340677          0.132605769777          0.132214198238          0.132163261749          0.132569466084          0.133103561841          0.133457151762          0.133427635016          0.133054123394          0.132573767560          0.132276615776          0.132335724830          0.132709269162          0.133169248907          0.133437284808          0.133349303769          0.132953550202          0.132484507895          0.132226882375          0.132347470904
        0.165920918297          0.127776397445          0.133320560039          0.133258334146          0.133248146575          0.133170318761          0.132532149545          0.132343666988          0.132416700086          0.132798656591          0.133178453871          0.133340788029          0.133196042704          0.132850678358          0.132524754950          0.132417210522          0.132588886629          0.132929690941          0.133227671577          0.133297261562          0.133091740501          0.132733279971          0.132442092320          0.132405098928          0.132660450099
        0.166306802435          0.127871951011          0.133208788375          0.132998708878          0.133012368488          0.133096702384          0.132661736522          0.132597484552          0.132646462706          0.132874671977          0.133063481613          0.133110484489          0.132993458770          0.132802109964          0.132665593274          0.132670680594          0.132809924932          0.132989160026          0.133088983689          0.133040958831          0.132872346006          0.132691321955          0.132620542643          0.132718347276          0.132935583319
        0.166452882908          0.127751039182          0.132952341715          0.132762350960          0.132937612144          0.133224864309          0.132913622028          0.132825939653          0.132721487989          0.132759306086          0.132832892874          0.132907246710          0.132943667111          0.132941316828          0.132917339937          0.132890231369          0.132868392761          0.132849957877          0.132832314708          0.132820884848          0.132829170510          0.132868142938          0.132932057943          0.132991971863          0.133005498420
        0.166305186267          0.127500075414          0.132713876102          0.132687288546          0.133062662338          0.133474600365          0.133139264943          0.132898919822          0.132604611489          0.132527692308          0.132628496975          0.132855699350          0.133080508437          0.133190384720          0.133134288769          0.132946536301          0.132727645015          0.132592153961          0.132610992128          0.132775905041          0.133003595475          0.133176974450          0.133203106745          0.133059778892          0.132807912138
        0.165976741958          0.127272919515          0.132634495697          0.132811123433          0.133308619183          0.133697709999          0.133209381517          0.132779827409          0.132371383481          0.132321856211          0.132575145398          0.132990128734          0.133326738483          0.133404389985          0.133187879559          0.132803581920          0.132468162493          0.132369310857          0.132564137577          0.132947873677          0.133309563901          0.133445098254          0.133268253664          0.132860074911          0.132429468100
        0.165673202899          0.127200713052          0.132755164090          0.133054834425          0.133528718179          0.133765400962          0.133088078447          0.132544814161          0.132164305754          0.132267149503          0.132707765052          0.133234096373          0.133538273677          0.133455554870          0.133042801690          0.132542455695          0.132244017151          0.132321051926          0.132734236366          0.133251526717          0.133575202423          0.133507856650          0.133066482785          0.132480079238          0.132074076224
        0.165571988840          0.127318635599          0.132998590685          0.133272219868          0.133594935173          0.133642163308          0.132851817775          0.132336708744          0.132108906635          0.132398803154          0.132950394009          0.133444082170          0.133587843328          0.133308978440          0.132780464559          0.132317460954          0.132195021461          0.132490143809          0.133036488897          0.133515560662          0.133636365679          0.133304614353          0.132685288171          0.132123879397          0.131954743116
        0.165723863829          0.127550598844          0.133218432316          0.133336245486          0.133471795281          0.133404763029          0.132643444366          0.132281161506          0.132240471062          0.132641084161          0.133159848655          0.133493098482          0.133440707158          0.133046153316          0.132555213114          0.132268419167          0.132363993589          0.132791986406          0.133299919570          0.133576127332          0.133432573371          0.132922915978          0.132328782394          0.132004483566          0.132208220823
        0.166030934202          0.127756849006          0.133286096417          0.133212185864          0.133235460128          0.133196148663          0.132588349506          0.132413290904          0.132483145063          0.132850826765          0.133209164323          0.133346293216          0.133178148342          0.132821196242          0.132506632800          0.132437919142          0.132666201445          0.133055616492          0.133360720843          0.133372658461          0.133051146936          0.132566646213          0.132209774027          0.132258439326          0.132746316940
        0.166308688839          0.127816378574          0.133164971669          0.132976277888          0.133027997464          0.133141548487          0.132721225764          0.132656849495          0.132693521924          0.132900869278          0.133063197081          0.133084522498          0.132953837645          0.132773280165          0.132676906860          0.132740861478          0.132930432822          0.133117057007          0.133158070971          0.132992062396          0.132695528709          0.132448241066          0.132464534319          0.132797259081          0.133430030552
        0.166395117829          0.127696550078          0.132930107339          0.132769963706          0.132973901536          0.133275241882          0.132965368181          0.132867949363          0.132744150011          0.132755716035          0.132802313731          0.132860911112          0.132906461429          0.132944141409          0.132980488085          0.133005646502          0.132992424774          0.132915184935          0.132778422419          0.132637233147          0.132577672321          0.132703673192          0.133004182775          0.133481636774          0.133762533273
        0.166243911606          0.127470591302          0.132722950836          0.132716793065          0.133107171905          0.133520001444          0.133176559716          0.132918775666          0.132599301191          0.132495368024          0.132579166754          0.132813722470          0.133077420595          0.133247900493          0.133245438025          0.133067747691          0.132790837278          0.132536127394          0.132424190364          0.132519658327          0.132833288593          0.133243746625          0.133689257487          0.133814327935          0.133610063545
        0.165949156427          0.127273668040          0.132668046580          0.132850048624          0.133350823366          0.133731197674          0.133226907146          0.132773519607          0.132338887864          0.132272251860          0.132531776777          0.132984236048          0.133380763180          0.133512501105          0.133307120639          0.132865786734          0.132411726686          0.132182058315          0.132306551903          0.132774875116          0.133373083388          0.133929073778          0.134021931827          0.133661720322          0.132336991550
        0.165688509863          0.127223489227          0.132799973162          0.133092644570          0.133560806413          0.133780830083          0.133080800031          0.132512328143          0.132115416866          0.132224398472          0.132701519196          0.133286713473          0.133644614854          0.133573423656          0.133104314219          0.132486016187          0.132057340934          0.132064090785          0.132560990051          0.133313745253          0.134057952150          0.134261463200          0.133868768379          0.132387513448          0.129273517361
        0.165618616406          0.127351346264          0.133042499635          0.133301065423          0.133609706488          0.133633549441          0.132818765000          0.132288131542          0.132067119443          0.132393423234          0.133003041178          0.133549703241          0.133704774915          0.133369729648          0.132723623865          0.132131012509          0.131938970426          0.132317769917          0.133098687574          0.133997542415          0.134389834590          0.134107597232          0.132592486975          0.129322836572          0.124238317401
        0.165783325294          0.127583173177          0.133252122770          0.133348718875          0.133462458113          0.133370395482          0.132594111555          0.132239548726          0.132235833449          0.132694333133          0.133265376049          0.133609411511          0.133500594580          0.132988347833          0.132368025834          0.132012374449          0.132192296033          0.132854592823          0.133781236973          0.134328842030          0.134235462637          0.132829532038          0.129523261158          0.124284795268 
        0.166087384634          0.127781729191          0.133301527426          0.133201152481          0.133199953949          0.133145192072          0.132545651884          0.132408563187          0.132536709898          0.132956475146          0.133325069620          0.133405369793          0.133119129020          0.132632500654          0.132249385239          0.132265921067          0.132728955905          0.133536286056          0.134112072395          0.134174385864          0.132956976480          0.129755127709          0.124477622814  
        0.166350910189          0.127826277768          0.133155301306          0.132939307656          0.132975548446          0.133097002499          0.132715276678          0.132710150788          0.132799103737          0.133016514355          0.133121670884          0.133024496624          0.132763538400          0.132514117973          0.132503587018          0.132803184534          0.133410587404          0.133866936830          0.133957940431          0.132897154835          0.129879886745          0.124701716228   
        0.166414012621          0.127684321630          0.132893761175          0.132716012694          0.132927788547          0.133267560723          0.133017620788          0.132973263650          0.132859560834          0.132813864316          0.132741774699          0.132669580655          0.132645547436          0.132769030134          0.133041869708          0.133485556536          0.133741382683          0.133713299887          0.132683003742          0.129821554575          0.124823255730    
        0.166231833606          0.127433597630          0.132669765269          0.132669042142          0.133098131701          0.133570992963          0.133281210783          0.133034036684          0.132657313706          0.132434787224          0.132387652031          0.132551934604          0.132900812589          0.133308156315          0.133725363725          0.133816728165          0.133588088908          0.132440446488          0.129612283410          0.124768388474     
        0.165904609511          0.127220310383          0.132621685896          0.132839300164          0.133400811543          0.133835205236          0.133341886447          0.132831511774          0.132278468226          0.132081160262          0.132270165386          0.132806977112          0.133440084450          0.133992498455          0.134056930763          0.133663402268          0.132315934824          0.129375154887          0.124567499228      
        0.165623722186          0.127175986746          0.132791191986          0.133141013275          0.133664154159          0.133895619806          0.133138683830          0.132451937491          0.131924822195          0.131963584257          0.132524517599          0.133345535219          0.134124451918          0.134324242625          0.133903198900          0.132390138548          0.129253351903          0.124338935705       
        0.165562708846          0.127339370969          0.133092985932          0.133403047493          0.133724070383          0.133691291061          0.132758153565          0.132097518836          0.131807006536          0.132217173296          0.133061812727          0.134028974045          0.134456008941          0.134169954604          0.132627613795          0.129325778627          0.124220857978        
        0.165774172932          0.127628112626          0.133355872953          0.133462076655          0.133519891378          0.133309248308          0.132402982258          0.131979341739          0.132060193802          0.132753347658          0.133743757326          0.134360009711          0.134301329367          0.132892169881          0.129557842281          0.124289793751         
        0.166151699411          0.127878426462          0.133416012207          0.133257959406          0.133138549523          0.132952929599          0.132284671510          0.132232860246          0.132595974946          0.133434042591          0.134074141452          0.134205326017          0.133022811528          0.129816454063          0.124512932437          
        0.166481121503          0.127934229202          0.133212633741          0.132877593296          0.132783061415          0.132834476359          0.132538884112          0.132769548624          0.133276298163          0.133763981136          0.133919835972          0.132928124469          0.129944247268          0.124762314613           
        0.166557217359          0.127738277676          0.132832275501          0.132523399838          0.132665054296          0.133089889566          0.133076815098          0.133451054371          0.133606193119          0.133610198293          0.132645436218          0.129851834395          0.124886225515            
        0.166303600002          0.127373971014          0.132477452670          0.132406183613          0.132920185226          0.133629893457          0.133759799424          0.133781571613          0.133452752872          0.132338499417          0.129575648963          0.124798159880             
        0.165828231170          0.127035105342          0.132359436880          0.132660990681          0.133459259762          0.134315350366          0.134090947245          0.133628004222          0.132182178527          0.129275688568          0.124532776699              
        0.165384312088          0.126923316205          0.132613767484          0.133198676458          0.134143458838          0.134647540294          0.133936942699          0.132355475714          0.129122860517          0.124243891964               
        0.165236204504          0.127167712172          0.133151595594          0.133880898683          0.134474941312          0.134492724456          0.132661508273          0.129292085741          0.124096230183                
        0.165553559097          0.127682738939          0.133834404128          0.134211203520          0.134320198451          0.133212271803          0.129591091005          0.124258337575                 
        0.166225557373          0.128336019543          0.134165368801          0.134056506373          0.133041721255          0.130129230246          0.124545866673                  
        0.167078925939          0.128652105199          0.134011130332          0.132781072178          0.129962720906          0.125063698998                   
        0.167492815584          0.128503562978          0.132735490703          0.129708290912          0.124904337310                    
        0.167300581796          0.127281555150          0.129663470374          0.124660958136                     
        0.165707210030          0.124336227078          0.124616368570                      
        0.161871850293          0.119499168725                       
        0.155569339356                        
