       -0.008359278855
       -0.003920644254
       -0.001567199403
       -0.000442775384
       -0.000043902565
       -0.000014630204
       -0.000097493298
       -0.000144803824
       -0.000119017436
       -0.000056362515
       -0.000009452790
       -0.000002736866
       -0.000023133228
       -0.000041232274
       -0.000038913471
       -0.000020711534
       -0.000004101949
       -0.000001515601
       -0.000010708918
       -0.000019746891
       -0.000019381218
       -0.000010715180
       -0.000002324791
       -0.000001211813
       -0.000006667235
