       -0.022982436043
       -0.001160542601
       -0.000889417077
       -0.000297754953
       -0.000115996878
       -0.000045415063
       -0.000018916512
       -0.000009585269
       -0.000006231612
       -0.000005069688
       -0.000004575898
       -0.000004279486
       -0.000004016701
       -0.000003751552
       -0.000003479087
       -0.000003204316
       -0.000002932335
       -0.000002667246
       -0.000002411909
       -0.000002168349
       -0.000001938020
       -0.000001721994
       -0.000001521064
       -0.000001335796
       -0.000001166548
