       -0.001687095937
       -0.001613258606
       -0.000774023563
       -0.000348197048
       -0.000153902885
       -0.000067576429
       -0.000029578097
       -0.000012917897
       -0.000005628655
       -0.000002444956
       -0.000001057361
       -0.000000454404
       -0.000000193544
       -0.000000081395
       -0.000000033610
       -0.000000013508
       -0.000000005205
       -0.000000001867
       -0.000000000581
       -0.000000000120
        0.000000000024
        0.000000000053
        0.000000000048
        0.000000000034
        0.000000000023
