       -0.026326708716
       -0.000352995056
       -0.000975119046
       -0.000267445737
       -0.000127574199
       -0.000061088110
       -0.000041716151
       -0.000033849434
       -0.000029548061
       -0.000025450072
       -0.000021248287
       -0.000017216142
       -0.000013701439
       -0.000010897234
       -0.000008828409
       -0.000007402792
       -0.000006467428
       -0.000005858177
       -0.000005431809
       -0.000005083159
       -0.000004749217
       -0.000004404253
       -0.000004049637
       -0.000003701842
       -0.000003381366
