       -0.038470042144
        0.004202869351
       -0.001341484145
        0.000075212558
       -0.000171490732
       -0.000180762546
       -0.000093714000
       -0.000029794035
       -0.000016591069
       -0.000044828831
       -0.000050715929
       -0.000025979922
       -0.000005693970
       -0.000011579281
       -0.000025258344
       -0.000022422515
       -0.000007925641
       -0.000002813188
       -0.000010944315
       -0.000016450928
       -0.000010271544
       -0.000002321773
       -0.000003775575
       -0.000010187193
       -0.000010387624
