       -0.008892001983
       -0.003184449570
       -0.001379393915
       -0.000558886540
       -0.000191462203
       -0.000047574507
       -0.000012134087
       -0.000021982084
       -0.000041560892
       -0.000052961766
       -0.000050827991
       -0.000038153766
       -0.000021901588
       -0.000008897142
       -0.000002969367
       -0.000004012225
       -0.000008920023
       -0.000013636120
       -0.000015216615
       -0.000012981973
       -0.000008387268
       -0.000003889991
       -0.000001523421
       -0.000001918839
       -0.000004192982
