        0.075196387556          0.075625974011          0.075874692210          0.075835084601          0.075538613486          0.075135238092          0.074819091231          0.074736558552          0.074919759280          0.075275252106          0.075631418031          0.075820841990          0.075758539052          0.075479816531          0.075121118789          0.074853995492          0.074803878683          0.074991825044          0.075326065357          0.075646618568          0.075801452043          0.075718186003          0.075437754247          0.075094476929          0.074852176534          0.074826522859
       -0.038339359394         -0.038089027659         -0.038040686621         -0.038206654578         -0.038500800893         -0.038781454158         -0.038918077322         -0.038850708910         -0.038615339676         -0.038324624462         -0.038113966582         -0.038078532699         -0.038230241320         -0.038493980901         -0.038744010996         -0.038863107306         -0.038796849623         -0.038578060610         -0.038310478246         -0.038119696031         -0.038094430931         -0.038245406512         -0.038500772616         -0.038739991574         -0.038850330056         -0.038779650756
        0.016266232719          0.016149146907          0.016207361417          0.016407012519          0.016650964681          0.016825324477          0.016851965099          0.016723087024          0.016502665186          0.016295078046          0.016196110467          0.016249122601          0.016426258819          0.016642739548          0.016797056588          0.016818193483          0.016698059444          0.016494407252          0.016303264032          0.016213945500          0.016267592481          0.016438344774          0.016645702767          0.016792220973          0.016809008926          0.016687923670
       -0.007316591860         -0.007273332198         -0.007427732122         -0.007700206090         -0.007960000997         -0.008086723041         -0.008025158684         -0.007808630824         -0.007541131190         -0.007347541032         -0.007315554745         -0.007456075105         -0.007699780678         -0.007930712232         -0.008040805977         -0.007979934911         -0.007778416895         -0.007531927177         -0.007356248381         -0.007333138197         -0.007472457172         -0.007707963494         -0.007928540776         -0.008030262349         -0.007965055249         -0.007763296902
        0.002076319387          0.002129838786          0.002325696513          0.002567897052          0.002742631077          0.002770900648          0.002643621308          0.002423717483          0.002215187900          0.002114177496          0.002164872855          0.002340260950          0.002556021275          0.002710568067          0.002732408098          0.002612891694          0.002409416224          0.002217974040          0.002128089892          0.002181179759          0.002351553379          0.002558710807          0.002705100715          0.002721760892          0.002600618275          0.002398380393
        0.000125804144         -0.000001830248         -0.000226211804         -0.000439893084         -0.000544012768         -0.000493304899         -0.000315262149         -0.000095435115          0.000063497820          0.000089469621         -0.000026430907         -0.000227145131         -0.000417265140         -0.000507889514         -0.000457792060         -0.000291944127         -0.000089103800          0.000055433245          0.000074382065         -0.000040365011         -0.000234277722         -0.000415886066         -0.000499635167         -0.000445947693         -0.000279828273         -0.000079296469
       -0.001260250284         -0.001083707583         -0.000865521510         -0.000708045947         -0.000682389866         -0.000796793350         -0.000994668960         -0.001182378115         -0.001273274473         -0.001227477730         -0.001069262946         -0.000874601876         -0.000735090071         -0.000715246554         -0.000822929883         -0.001006409625         -0.001179091339         -0.001260173700         -0.001212257319         -0.001058503076         -0.000871556380         -0.000739458689         -0.000724447891         -0.000833796814         -0.001016317185         -0.001186169598
        0.001653320564          0.001443953618          0.001245161827          0.001148457587          0.001195543435          0.001360664086          0.001564298229          0.001711138865          0.001734373900          0.001625880038          0.001438794429          0.001261800821          0.001177455770          0.001223981144          0.001378096982          0.001566559294          0.001700771869          0.001718183309          0.001611284076          0.001430817088          0.001261856108          0.001183951089          0.001233901900          0.001388474911          0.001575147443          0.001705928048
       -0.001739818965         -0.001522111090         -0.001364913688         -0.001338784545         -0.001451877358         -0.001647970046         -0.001833985339         -0.001923753677         -0.001877580825         -0.001719615969         -0.001525456847         -0.001386244433         -0.001366170490         -0.001473074499         -0.001655490606         -0.001827217707         -0.001907789883         -0.001859939999         -0.001706731967         -0.001520523413         -0.001388986545         -0.001374078758         -0.001483039035         -0.001664903778         -0.001834202318         -0.001910892651
        0.001626543220          0.001424182747          0.001325262043          0.001372050973          0.001538547420          0.001744245028          0.001892522176          0.001915552276          0.001805023116          0.001614792968          0.001434801684          0.001348792204          0.001395567555          0.001551572964          0.001742543197          0.001878561084          0.001896102698          0.001787516118          0.001604310353          0.001432839780          0.001353823099          0.001404583625          0.001561545342          0.001751118655          0.001884001131          0.001897013815
       -0.001413038391         -0.001251151871         -0.001223033665         -0.001337355727         -0.001536942752         -0.001726721400         -0.001818400866         -0.001771110854         -0.001609336724         -0.001410323763         -0.001267341147         -0.001246178795         -0.001355015439         -0.001541319042         -0.001716904884         -0.001799328783         -0.001750344723         -0.001593523866         -0.001402949699         -0.001268377734         -0.001253208403         -0.001364824637         -0.001551042041         -0.001724362281         -0.001802854510         -0.001748710845
        0.001137275150          0.001035643081          0.001081495542          0.001248981525          0.001456834331          0.001607101395          0.001630730836          0.001518927912          0.001326038936          0.001143182853          0.001055362550          0.001102120751          0.001259785299          0.001453172471          0.001591069730          0.001608927627          0.001498887148          0.001313164237          0.001139355058          0.001059323349          0.001110894891          0.001270120432          0.001462339133          0.001596977153          0.001610019901          0.001494350019
       -0.000832627477         -0.000802984530         -0.000916146099         -0.001115332708         -0.001305450286         -0.001397812707         -0.001351030585         -0.001189249701         -0.000989706742         -0.000845933622         -0.000824084091         -0.000932616114         -0.001119059911         -0.001295043047         -0.001377801542         -0.001328840477         -0.001171719816         -0.000980727416         -0.000845890742         -0.000830781316         -0.000942763186         -0.001129454147         -0.001303077334         -0.001381506535         -0.001326964943         -0.001164192844
        0.000521392079          0.000565709196          0.000730993729          0.000936986753          0.001086507947          0.001110730343          0.001000494379          0.000809416510          0.000627843663          0.000540267987          0.000586181881          0.000742320028          0.000934169537          0.001071154630          0.001089077792          0.000980020180          0.000795776422          0.000623325910          0.000543963898          0.000595228446          0.000753289202          0.000943963778          0.001077323641          0.001089910411          0.000974842703          0.000785546385
       -0.000224040551         -0.000335153263         -0.000531592613         -0.000719637512         -0.000811591467         -0.000766249528         -0.000607111242         -0.000410273987         -0.000268156629         -0.000246296450         -0.000353268731         -0.000537380200         -0.000711342458         -0.000793311436         -0.000745147255         -0.000590052972         -0.000401422081         -0.000268247304         -0.000253369892         -0.000364037485         -0.000548418497         -0.000719727047         -0.000796849438         -0.000742592004         -0.000581570683         -0.000389146718
       -0.000041541833          0.000121748584          0.000325583481          0.000473979128          0.000498763417          0.000390611785          0.000202282077          0.000023010786         -0.000063569614         -0.000018234018          0.000136154255          0.000325967444          0.000461619916          0.000479567207          0.000371905358          0.000189809352          0.000019308943         -0.000059154110         -0.000008444411          0.000147820551          0.000336205105          0.000467763842          0.000479823307          0.000365708997          0.000178354053          0.000005893586
        0.000259481410          0.000064031774         -0.000123282516         -0.000215371851         -0.000171174917         -0.000013819716          0.000181249212          0.000322202785          0.000343793983          0.000237372992          0.000054252986         -0.000118825061         -0.000200508016         -0.000152851874          0.000001140048          0.000188552602          0.000320906875          0.000335700276          0.000225741394          0.000042614950         -0.000127377093         -0.000203660615         -0.000149372704          0.000010940021          0.000202359755          0.000334408236
       -0.000417509187         -0.000213201020         -0.000064165876         -0.000038571467         -0.000145885542         -0.000333546080         -0.000512402514         -0.000598739967         -0.000553198604         -0.000398574735         -0.000208505990         -0.000072600503         -0.000054425776         -0.000161927280         -0.000343969791         -0.000514504734         -0.000593010878         -0.000542308442         -0.000386070722         -0.000197831510         -0.000066564128         -0.000054876369         -0.000169358146         -0.000357035055         -0.000529769610         -0.000605419292
        0.000508624121          0.000319724002          0.000226376052          0.000269942475          0.000427370937          0.000622975645          0.000764418876          0.000785952694          0.000678757477          0.000494405496          0.000320136902          0.000237766124          0.000285471516          0.000440177580          0.000628598278          0.000761717797          0.000776612234          0.000666055637          0.000482011796          0.000311328741          0.000234986961          0.000289954166          0.000451483940          0.000644233108          0.000777232114          0.000786607673
       -0.000532368176         -0.000381454019         -0.000354785918         -0.000462111811         -0.000650683542         -0.000830713537         -0.000917684012         -0.000871721308         -0.000715706631         -0.000523886590         -0.000386636695         -0.000368076539         -0.000476272240         -0.000659727117         -0.000831673084         -0.000910845032         -0.000859710427         -0.000702204364         -0.000512574936         -0.000380550221         -0.000369162362         -0.000484945328         -0.000674430024         -0.000848733234         -0.000925055906         -0.000865887864
        0.000494872200          0.000400031923          0.000443054354          0.000601005784          0.000797813915          0.000940384196          0.000962236745          0.000854278745          0.000668416348          0.000492605315          0.000409359019          0.000457223343          0.000613014276          0.000802891859          0.000937074689          0.000952062183          0.000840586928          0.000655136708          0.000483332550          0.000406756987          0.000462541340          0.000625621679          0.000819985604          0.000953928038          0.000963166031          0.000841662007
       -0.000407699152         -0.000380117550         -0.000487280316         -0.000676458840         -0.000857480923         -0.000945221337         -0.000899330537         -0.000742634292         -0.000549745625         -0.000411589766         -0.000392723248         -0.000501345088         -0.000685729519         -0.000858606670         -0.000938186606         -0.000886699731         -0.000728288607         -0.000537722413         -0.000405251766         -0.000394160275         -0.000510863074         -0.000701462303         -0.000876517996         -0.000952831356         -0.000892908165         -0.000723409260
        0.000285988831          0.000328490666          0.000486369519          0.000683592622          0.000826828046          0.000849224138          0.000741417503          0.000555300822          0.000379046917          0.000295462127          0.000343293392          0.000499373241          0.000689683543          0.000824166485          0.000839117199          0.000727278535          0.000541361914          0.000369276625          0.000292778167          0.000348958861          0.000512524113          0.000707145077          0.000840884225          0.000849475428          0.000727183729          0.000530384457
       -0.000146539316         -0.000253382015         -0.000442501560         -0.000623818023         -0.000712101691         -0.000666777264         -0.000510463754         -0.000317704147         -0.000179498992         -0.000160540399         -0.000269122817         -0.000453526895         -0.000626422700         -0.000705958309         -0.000654358129         -0.000495824853         -0.000305216580         -0.000172832328         -0.000161910845         -0.000278721845         -0.000469185127         -0.000643758229         -0.000719324172         -0.000658654213         -0.000488715972         -0.000288808387
        0.000006162761          0.000163972829          0.000361340903          0.000504995170          0.000527996562          0.000420787568          0.000235080739          0.000059000114         -0.000024564647          0.000023243602          0.000179299346          0.000369566364          0.000503971173          0.000518827737          0.000406912503          0.000220961591          0.000048897392         -0.000027540638          0.000028657083          0.000192043693          0.000386167578          0.000519129900          0.000526890777          0.000403995401          0.000206970800          0.000028443273
        0.000119728801         -0.000069799846         -0.000251680289         -0.000340602655         -0.000295845078         -0.000139870108          0.000052817836          0.000191079368          0.000210019254          0.000101260747         -0.000083389139         -0.000256455038         -0.000336001818         -0.000284250803         -0.000125448450          0.000065462261          0.000198062079          0.000209042464          0.000092221455         -0.000098098979         -0.000272209489         -0.000347037105         -0.000285564415         -0.000114962608          0.000085386926          0.000220648695
       -0.000218461001         -0.000020079424          0.000124524933          0.000148177415          0.000041163366         -0.000144793899         -0.000321312186         -0.000405102946         -0.000357050410         -0.000200359392         -0.000009397475          0.000125425724          0.000140249465          0.000027855292         -0.000158853146         -0.000331645943         -0.000408457672         -0.000352164605         -0.000188438733          0.000005858674          0.000138542824          0.000145565538          0.000021654400         -0.000176433515         -0.000355841842         -0.000430898849
        0.000281333360          0.000098008439          0.000008070259          0.000052532023          0.000208960865          0.000402541842          0.000541551724          0.000560558482          0.000451063508          0.000265243812          0.000091162507          0.000011216611          0.000063354020          0.000223187570          0.000415352535          0.000548858022          0.000559976430          0.000442566058          0.000251427764          0.000076881070          0.000002348694          0.000064835295          0.000236900657          0.000438738523          0.000575032426          0.000579741188
       -0.000304481083         -0.000158410272         -0.000134073374         -0.000241385119         -0.000428412830         -0.000606164413         -0.000690599274         -0.000642163969         -0.000484232908         -0.000291819137         -0.000156039114         -0.000141181149         -0.000254486390         -0.000442674217         -0.000616842129         -0.000694250265         -0.000637511636         -0.000472654525         -0.000277286074         -0.000144250507         -0.000137852108         -0.000263200882         -0.000463067350         -0.000643937693         -0.000719559466         -0.000651969666
        0.000289043221          0.000198010911          0.000242330538          0.000399583861          0.000594517544          0.000734654844          0.000753891501          0.000643566163          0.000456303124          0.000280915132          0.000200426078          0.000253029826          0.000414140246          0.000607808041          0.000742292889          0.000753354435          0.000634924842          0.000442440225          0.000267005195          0.000192533881          0.000256057614          0.000429755530          0.000633159231          0.000770239565          0.000774593556          0.000641661200
       -0.000240554797         -0.000215663224         -0.000323308084         -0.000511393084         -0.000690380292         -0.000775546595         -0.000726918584         -0.000567984593         -0.000374318324         -0.000237689026         -0.000222797218         -0.000336900130         -0.000526335987         -0.000701563392         -0.000779253600         -0.000721846808         -0.000555751631         -0.000359269018         -0.000225828092         -0.000219929348         -0.000346458266         -0.000547637716         -0.000729272731         -0.000804635458         -0.000735854360         -0.000553039111
        0.000167783452          0.000212021080          0.000369867878          0.000565801106          0.000706839275          0.000726403088          0.000615674071          0.000427534216          0.000251300869          0.000170453988          0.000223370449          0.000385295283          0.000579829283          0.000714716857          0.000725435851          0.000606061419          0.000412513841          0.000236424934          0.000161993538          0.000226177919          0.000400761734          0.000604704377          0.000741506345          0.000744724951          0.000610297002          0.000399773088
       -0.000081375496         -0.000189274841         -0.000378051256         -0.000557864779         -0.000643610024         -0.000595050807         -0.000435682970         -0.000241360732         -0.000104250696         -0.000089336827         -0.000203880087         -0.000393933658         -0.000569543294         -0.000647086355         -0.000589004929         -0.000421995628         -0.000224758333         -0.000091021952         -0.000085342341         -0.000212364975         -0.000413850596         -0.000595156428         -0.000669437732         -0.000599175992         -0.000415086947         -0.000202777075
       -0.000007427498          0.000150959034          0.000347658827          0.000489385169          0.000509294084          0.000398448258          0.000209827566          0.000033049876         -0.000048055599          0.000005050764          0.000167462878          0.000362416216          0.000497328744          0.000507585793          0.000387416894          0.000193029815          0.000016347368         -0.000058253750          0.000006124693          0.000180920417          0.000384628242          0.000520508954          0.000522325943          0.000386517784          0.000175053451         -0.000012843238
        0.000087947164         -0.000101692102         -0.000282378933         -0.000368697979         -0.000320230083         -0.000160461288          0.000034533621          0.000172184662          0.000187160199          0.000072178303         -0.000118478806         -0.000294421555         -0.000371784040         -0.000313038198         -0.000145088898          0.000053071963          0.000187410115          0.000193202339          0.000065966204         -0.000135586812         -0.000316376182         -0.000389523121         -0.000317872829         -0.000132548942          0.000080657196          0.000220882578
       -0.000151151155          0.000046733037          0.000189378211          0.000209636322          0.000098472263         -0.000090981829         -0.000268673864         -0.000350233883         -0.000296844075         -0.000133625696          0.000062111875          0.000197307714          0.000207177718          0.000086059910         -0.000109552876         -0.000287321991         -0.000362455765         -0.000297938432         -0.000122703115          0.000081121669          0.000216422707          0.000217075893          0.000079876706         -0.000132931457         -0.000321945884         -0.000396710170
        0.000190634243          0.000008598018         -0.000078479747         -0.000029931769          0.000130702466          0.000326946747          0.000465562496          0.000480647754          0.000364869645          0.000173029059         -0.000003783775         -0.000081251529         -0.000021773703          0.000147519934          0.000347173927          0.000482543698          0.000488466758          0.000360577157          0.000158250360         -0.000022729403         -0.000095234883         -0.000022309380          0.000164604191          0.000379391979          0.000520753910          0.000519605907
       -0.000203326127         -0.000059457261         -0.000038851583         -0.000150656658         -0.000341458542         -0.000520542978         -0.000602765696         -0.000548916409         -0.000384410398         -0.000187318829         -0.000051417161         -0.000041817562         -0.000164101754         -0.000361358520         -0.000540562336         -0.000616230964         -0.000551129482         -0.000374692041         -0.000169922634         -0.000034546075         -0.000034752552         -0.000173474417         -0.000388068670         -0.000578547052         -0.000653797888         -0.000574988639
        0.000189713568          0.000101818240          0.000150562954          0.000312318874          0.000510090622          0.000649839975          0.000665011545          0.000548221315          0.000354868362          0.000176865543          0.000099101004          0.000159304518          0.000330061728          0.000531283531          0.000667534369          0.000673150934          0.000543974092          0.000340200777          0.000158453608          0.000086211990          0.000160298827          0.000348876221          0.000565201872          0.000707173265          0.000705195730          0.000556550469
       -0.000153497003         -0.000132607573         -0.000245085177         -0.000437213984         -0.000617618506         -0.000700425163         -0.000646076452         -0.000480272166         -0.000281801633         -0.000145132528         -0.000135715555         -0.000259035828         -0.000457690977         -0.000637909279         -0.000713568067         -0.000647355354         -0.000469309209         -0.000263296795         -0.000127595162         -0.000128439622         -0.000268446659         -0.000484384004         -0.000675445321         -0.000749824930         -0.000668901432         -0.000467498751
        0.000100810728          0.000149756555          0.000312451582          0.000511441879          0.000652044595          0.000667220043          0.000549568542          0.000354952935          0.000175933018          0.000097872157          0.000158604410          0.000330407801          0.000532568439          0.000668997340          0.000673768997          0.000543078388          0.000337854712          0.000155334111          0.000083192966          0.000158069819          0.000347637896          0.000564397273          0.000705484636          0.000701290415          0.000549943123          0.000320637790
       -0.000039254198         -0.000152287791         -0.000345413994         -0.000526738177         -0.000609897910         -0.000555138537         -0.000388358476         -0.000188824865         -0.000051512538         -0.000042155538         -0.000166138640         -0.000365578472         -0.000546081217         -0.000621156991         -0.000553645814         -0.000374138817         -0.000167066439         -0.000030990917         -0.000032117070         -0.000172733155         -0.000388955749         -0.000579197418         -0.000651447000         -0.000567701502         -0.000364399303         -0.000135503533
       -0.000023066820          0.000140440602          0.000340375449          0.000481571079          0.000496704145          0.000378387604          0.000182768494          0.000002856725         -0.000075564849         -0.000014529308          0.000157936311          0.000360523164          0.000496667459          0.000500422026          0.000368370498          0.000161917396         -0.000021387237         -0.000093746182         -0.000018627490          0.000171164604          0.000387349712          0.000526636480          0.000519769149          0.000366421603          0.000135755444         -0.000062812141
        0.000078426568         -0.000115727538         -0.000297911481         -0.000381374420         -0.000326248662         -0.000158564473          0.000042058683          0.000180149515          0.000189592727          0.000065059982         -0.000135034297         -0.000315676776         -0.000390134517         -0.000321466451         -0.000140654376          0.000067554554          0.000204353169          0.000203380013          0.000062551185         -0.000153542432         -0.000342624531         -0.000412674672         -0.000327018697         -0.000122076636          0.000105860616          0.000253417021
       -0.000120313246          0.000080813402          0.000222737084          0.000237861310          0.000118807783         -0.000078026835         -0.000259127204         -0.000338113644         -0.000276750873         -0.000103415543          0.000099852615          0.000235956221          0.000238923952          0.000105629150         -0.000102212474         -0.000286720607         -0.000359693910         -0.000284443455         -0.000094264409          0.000121666258          0.000259590712          0.000251156568          0.000096078016         -0.000133755198         -0.000336304572         -0.000405360708
        0.000144188259         -0.000039210748         -0.000123144690         -0.000067592371          0.000101276110          0.000303391864          0.000442569122          0.000452095183          0.000326667459          0.000125392134         -0.000055911670         -0.000130154228         -0.000060509675          0.000121756479          0.000331525816          0.000469414649          0.000468538861          0.000326936781          0.000110128910         -0.000078702777         -0.000147815751         -0.000060596131          0.000143723017          0.000376472308          0.000517426211          0.000521516723
       -0.000148041223         -0.000005105706          0.000010066400         -0.000109913735         -0.000308310868         -0.000490905967         -0.000570501606         -0.000508503469         -0.000333739420         -0.000129170027          0.000007412248          0.000009885575         -0.000124680884         -0.000334204466         -0.000520160827         -0.000593558693         -0.000517404234         -0.000325732080         -0.000108892974          0.000028929658          0.000019376096         -0.000135306937         -0.000370140410         -0.000565330114         -0.000655594354         -0.000537869925
        0.000132572006          0.000048047991          0.000104068681          0.000274282990          0.000478036159          0.000618275580          0.000627628660          0.000500877065          0.000297932464          0.000115516217          0.000041163859          0.000111670649          0.000295462504          0.000506801062          0.000645399040          0.000643714622          0.000500186831          0.000281524798          0.000091939617          0.000023302386          0.000110338159          0.000319180701          0.000544684961          0.000709197929          0.000668971467          0.000547223512
       -0.000100926607         -0.000085687818         -0.000206581716         -0.000406462324         -0.000590339052         -0.000670226977         -0.000607278737         -0.000430838531         -0.000224762095         -0.000087501154         -0.000085357381         -0.000221071885         -0.000432031498         -0.000618827030         -0.000691609741         -0.000613434805         -0.000419332260         -0.000201060688         -0.000063018767         -0.000072592884         -0.000230759679         -0.000459311794         -0.000677475540         -0.000718536306         -0.000678476560         -0.000349120212
        0.000058078695          0.000114505937          0.000285858272          0.000490866838          0.000631712671          0.000640568637          0.000512416427          0.000307875031          0.000124378710          0.000049825246          0.000120991817          0.000305916438          0.000518072881          0.000656250961          0.000652682710          0.000506522039          0.000286028851          0.000095621912          0.000027221045          0.000116317991          0.000320616063          0.000565729204          0.000682135500          0.000727231029          0.000428095733          0.000295943650
       -0.000010054184         -0.000131687332         -0.000332670241         -0.000517316501         -0.000597104306         -0.000533152551         -0.000355265114         -0.000147914920         -0.000010006430         -0.000008012312         -0.000144489578         -0.000356185259         -0.000542770158         -0.000613959493         -0.000533243126         -0.000337180374         -0.000117653262          0.000019933074          0.000009910674         -0.000146039739         -0.000388590131         -0.000565522470         -0.000689125358         -0.000455394340         -0.000365144950 
       -0.000036830480          0.000135457225          0.000341358797          0.000482453505          0.000490721329          0.000361396605          0.000155555308         -0.000028929866         -0.000103833480         -0.000032301112          0.000153287958          0.000365529962          0.000502571760          0.000496793538          0.000348751158          0.000126745792         -0.000063025788         -0.000132608764         -0.000043121101          0.000168072492          0.000383764765          0.000570074126          0.000428628198          0.000390102259  
        0.000076663017         -0.000125366236         -0.000310652410         -0.000390301657         -0.000325518270         -0.000146420312          0.000062158239          0.000200900975          0.000202978850          0.000065927039         -0.000146252361         -0.000332368170         -0.000401932906         -0.000319590662         -0.000121923474          0.000096874725          0.000237129786          0.000224218295          0.000069141232         -0.000159267208         -0.000385384349         -0.000351771806         -0.000368588061   
       -0.000104586952          0.000102408358          0.000243912889          0.000251781913          0.000121444897         -0.000085743884         -0.000271495615         -0.000347002561         -0.000275100925         -0.000088637387          0.000123971281          0.000260246146          0.000253297178          0.000103733843         -0.000117552686         -0.000311164989         -0.000375824381         -0.000294806782         -0.000080962338          0.000157757295          0.000234584181          0.000303861495    
        0.000117403944         -0.000068919293         -0.000148734185         -0.000083279966          0.000097118378          0.000307258229          0.000447130474          0.000449215508          0.000311080650          0.000097705379         -0.000088695496         -0.000157758795         -0.000074186659          0.000122853303          0.000346183644          0.000480176132          0.000482316687          0.000308436374          0.000085472502         -0.000091352322         -0.000204188270     
       -0.000114019883          0.000028298684          0.000035994528         -0.000095393034         -0.000304210165         -0.000491488002         -0.000567481593         -0.000494575813         -0.000306324381         -0.000092387550          0.000044199367          0.000036523798         -0.000112546494         -0.000338462441         -0.000525265461         -0.000609739263         -0.000496405849         -0.000315492915         -0.000060827518          0.000081769416      
        0.000095576911          0.000015348643          0.000081420201          0.000263255950          0.000475068752          0.000615849068          0.000617245774          0.000477110747          0.000261617388          0.000074113659          0.000005129435          0.000088360210          0.000289520244          0.000506296574          0.000662408286          0.000622918007          0.000505268517          0.000204008958          0.000048735036       
       -0.000065189825         -0.000057580384         -0.000190011511         -0.000400378955         -0.000588793936         -0.000664492004         -0.000589726034         -0.000398971048         -0.000183352296         -0.000046186260         -0.000053691577         -0.000205860521         -0.000426248646         -0.000634708100         -0.000673413915         -0.000632634049         -0.000321416170         -0.000171893587        
        0.000027365992          0.000093986273          0.000277063844          0.000490038785          0.000630859631          0.000630745831          0.000488116153          0.000270680215          0.000082068771          0.000013116730          0.000098075967          0.000295423507          0.000530735180          0.000642504122          0.000682920148          0.000399364253          0.000273245125         
        0.000012695214         -0.000120588636         -0.000332032139         -0.000520756739         -0.000595381518         -0.000518409130         -0.000325749375         -0.000108703884          0.000028201480          0.000020508268         -0.000130074766         -0.000363698457         -0.000534605197         -0.000650744480         -0.000428883292         -0.000340955220          
       -0.000049748552          0.000134292348          0.000347858425          0.000488118488          0.000486266168          0.000341974796          0.000123002611         -0.000065128692         -0.000135438156         -0.000049623162          0.000154186546          0.000363307634          0.000540649107          0.000406815579          0.000367220020           
        0.000079048700         -0.000133319205         -0.000322124541         -0.000395647121         -0.000317388822         -0.000123252710          0.000093151256          0.000232805803          0.000221964976          0.000072377954         -0.000149610374         -0.000366455704         -0.000336190230         -0.000349220411            
       -0.000096853611          0.000117553022          0.000257545162          0.000254913678          0.000109349669         -0.000108910650         -0.000300864678         -0.000366215005         -0.000288730568         -0.000080656407          0.000149476649          0.000225801723          0.000289456833             
        0.000100931926         -0.000088591235         -0.000161995974         -0.000082822550          0.000110623148          0.000331448218          0.000465019927          0.000468899109          0.000299857073          0.000084094092         -0.000089082587         -0.000195398286              
       -0.000090963857          0.000049683013          0.000046655934         -0.000098306263         -0.000321007840         -0.000506514906         -0.000591229221         -0.000481722017         -0.000306245324         -0.000057528454          0.000078520647               
        0.000068691662         -0.000004949369          0.000073753064          0.000271076771          0.000485838626          0.000641018920          0.000604410004          0.000490362689          0.000196499849          0.000047093011                
       -0.000037532879         -0.000040255198         -0.000188047417         -0.000405775273         -0.000612400161         -0.000653169793         -0.000614333031         -0.000311214747         -0.000166396496                 
        0.000002141022          0.000082304115          0.000276371970          0.000509118114          0.000622230938          0.000663241343          0.000387910132          0.000265106092                  
        0.000033109765         -0.000113607257         -0.000344026838         -0.000515573176         -0.000631283944         -0.000417357896         -0.000331367739                   
       -0.000062623372          0.000137402590          0.000346397213          0.000522543856          0.000396050281          0.000357204253                    
        0.000085593139         -0.000135404291         -0.000350450703         -0.000326670434         -0.000339539525                     
       -0.000091780176          0.000136034964          0.000217741370          0.000280610604                      
        0.000094684651         -0.000082525468         -0.000187673818                       
       -0.000062614112          0.000072064937                        
        0.000052205315                         
