     -157.129964159316
     -157.170968769879
     -157.171919699073
     -157.172043705686
     -157.172092209308
     -157.172111660885
     -157.172122602215
     -157.194214064595
     -157.197561490965
     -157.197991649474
     -157.198103156035
     -157.198146004253
     -157.198166556882
     -157.198178542061
     -157.200643827526
     -157.201706535277
     -157.202557173732
     -157.203055061712
     -157.203256535590
     -157.203329000217
     -157.203358209332
     -157.203373824888
     -157.203382757607
     -157.203384698808
     -157.203385528562
     -157.203386399853
     -157.203386943463
     -157.203387027341
     -157.203387074750
     -157.203387108330
     -157.203387135008
     -157.203387300075
     -157.203387341916
     -157.203387435115
     -157.203387446344
     -157.203387454358
     -157.205554466862
     -157.205619936248
     -157.205621545385
     -157.205621632804
     -157.205621645035
     -157.205621675076
     -157.205621674275
     -157.205621672685
     -157.205621671292
     -157.205621673907
     -157.205621673068
     -157.205621672459
     -157.205621671981
     -157.205621671579
     -157.205621671151
     -157.205621670727
     -157.205621670337
     -157.205621670003
     -157.205621669761
     -157.205621669608
     -157.205621669566
     -157.205621669627
     -157.205659942761
     -157.205660193735
     -157.205660196818
     -157.205660196599
     -157.205660196299
     -157.205660196389
     -157.205660196357
     -157.205660196337
     -157.205660196330
     -157.205660196318
     -157.205660196313
     -157.205660196311
     -157.205660196310
     -157.205660196309
     -157.205660196307
     -157.205660196309
     -157.205661129711
     -157.205661136228
     -157.205661136432
     -157.205661136435
     -157.205661136431
     -157.205661136423
     -157.205661136423
     -157.205661136425
     -157.205661147613
     -157.205661150858
     -157.205661150890
     -157.205661150893
     -157.205661150891
