     -160.433464817151
     -160.464068546944
     -160.464101426259
     -160.464102113993
     -160.464102159044
     -160.464102163226
     -160.464102163977
     -160.466482143175
     -160.466509409489
     -160.466509648241
     -160.466509619027
     -160.466509598948
     -160.466509600819
     -160.466509601872
     -160.466500516131
     -160.466500517738
     -160.466500516390
     -160.466500515885
     -160.466500515703
     -160.466500515635
     -160.466500515613
     -160.466500515604
     -160.466500515602
     -160.466500515599
     -160.466500515599
     -160.466500515597
     -160.466500515596
     -160.466500515597
     -160.466500515599
     -160.466500515597
     -160.466500515597
     -160.466500515598
     -160.466500515596
     -160.466500515597
     -160.466500515597
     -160.466500515598
     -160.467935841588
     -160.467945726022
     -160.467945856386
     -160.467945862662
     -160.467945862713
     -160.467945862708
     -160.467945862701
     -160.467945862699
     -160.467945862701
     -160.467945862701
     -160.467945862701
     -160.467945862701
     -160.467945862701
     -160.467945862700
     -160.467945862699
     -160.467945862701
     -160.467945862701
     -160.467945862700
     -160.467945862703
     -160.467945862699
     -160.467945862702
     -160.467945862701
     -160.467961119430
     -160.467961179279
     -160.467961182870
     -160.467961182919
     -160.467961182920
     -160.467961182921
     -160.467961182919
     -160.467961182919
     -160.467961182924
     -160.467961182923
     -160.467961182923
     -160.467961182922
     -160.467961182924
     -160.467961182925
     -160.467961182919
     -160.467961182919
     -160.467961367405
     -160.467961368166
     -160.467961368192
     -160.467961368195
     -160.467961368197
     -160.467961368200
     -160.467961368216
     -160.467961368203
     -160.467961367687
     -160.467961370398
     -160.467961370414
     -160.467961370419
     -160.467961370418
