     -196.821748815092
     -197.064400524541
     -197.067022678541
     -197.067396536425
     -197.067517416359
     -197.067555480703
     -197.067567098182
     -197.068603995285
     -197.068777327633
     -197.068858166414
     -197.068914817792
     -197.068970114330
     -197.069010254636
     -197.069047735545
     -197.068940338830
     -197.068957295557
     -197.068980319052
     -197.068998764334
     -197.069016310002
     -197.069029117758
     -197.069043602181
     -197.069052221077
     -197.069055614614
     -197.069058603582
     -197.069063120037
     -197.069066333344
     -197.069069217646
     -197.069074089034
     -197.069075341714
     -197.069076158152
     -197.069076959786
     -197.069077835834
     -197.069078665082
     -197.069079022824
     -197.069080065448
     -197.069080981828
     -197.070117946298
     -197.070255761195
     -197.070336887761
     -197.070403348818
     -197.070455058436
     -197.070495393617
     -197.070527043081
     -197.070552380817
     -197.070573134938
     -197.070590491772
     -197.070605416100
     -197.070618170051
     -197.070628957539
     -197.070638285955
     -197.070646289661
     -197.070653322905
     -197.070659581959
     -197.070665178163
     -197.070670123135
     -197.070674479772
     -197.070678434221
     -197.070682088928
     -197.070698527019
     -197.070703882399
     -197.070709963186
     -197.071755954977
     -197.103848777886
     -197.104258801557
     -197.104266302979
     -197.104266481166
     -197.104266482598
     -197.104266482807
     -197.104266482997
     -197.104266483072
     -197.104266483119
     -197.104266483158
     -197.104266483189
     -197.104266483153
     -197.104266616074
     -197.104266620557
     -197.104266621676
     -197.104266622015
     -197.104266622179
     -197.104266622232
     -197.104266622246
     -197.104266622261
     -197.104266621759
     -197.104266623812
     -197.104266623864
     -197.104266623899
     -197.104266623898
