     -243.909629827759
     -243.963200260313
     -243.967037727361
     -243.967789324712
     -243.968025643333
     -243.968098901116
     -243.968171536839
     -243.980530994948
     -243.982347425931
     -243.982576575088
     -243.982603697672
     -243.982611906119
     -243.982612558982
     -243.982613761206
     -243.982924462636
     -243.982965145990
     -243.982978576483
     -243.982986239866
     -243.982989729250
     -243.982991086999
     -243.982992440394
     -243.982992478885
     -243.982992469646
     -243.982992370041
     -243.982992320823
     -243.982992312954
     -243.982992312486
     -243.982992313088
     -243.982992313843
     -243.982992314584
     -243.982992315231
     -243.982992315709
     -243.982992315947
     -243.982992315865
     -243.982992315372
     -243.982992314387
     -243.984393133389
     -243.984430546412
     -243.984433204078
     -243.984433599459
     -243.984433691641
     -243.984433702419
     -243.984433703936
     -243.984433712149
     -243.984433718280
     -243.984433717079
     -243.984433714128
     -243.984433720850
     -243.984433720924
     -243.984433720994
     -243.984433718049
     -243.984433721145
     -243.984433721172
     -243.984433721218
     -243.984433718251
     -243.984433721320
     -243.984433721307
     -243.984433721296
     -243.984448445352
     -243.984448594826
     -243.984448603211
     -243.984448604286
     -243.984448604553
     -243.984448604624
     -243.984448604654
     -243.984448604676
     -243.984448604674
     -243.984448604680
     -243.984448604677
     -243.984448604671
     -243.984448604679
     -243.984448604693
     -243.984448604670
     -243.984448604676
     -243.984448761089
     -243.984448762185
     -243.984448762230
     -243.984448762240
     -243.984448762241
     -243.984448762241
     -243.984448762246
     -243.984448762247
     -243.984448761620
     -243.984448763923
     -243.984448763965
     -243.984448763963
     -243.984448763965
