     -194.075529543713
     -194.295265093510
     -194.300985724605
     -194.331961288089
     -194.332116419788
     -194.332142060010
     -194.332155503338
     -194.333332674051
     -194.333529262248
     -194.333625696517
     -194.333695680697
     -194.333757772931
     -194.333813346433
     -194.333856941447
     -194.333870368883
     -194.333898967240
     -194.333921417381
     -194.333934631587
     -194.333950046870
     -194.333961700929
     -194.333971652835
     -194.333976270399
     -194.333983203841
     -194.333989215988
     -194.333992801194
     -194.333996306833
     -194.333998002858
     -194.333999856311
     -194.334003347071
     -194.334004671838
     -194.334005439733
     -194.334009706836
     -194.334011409242
     -194.334013207834
     -194.334014840638
     -194.334015953299
     -194.334960198392
     -194.335115251131
     -194.335196108335
     -194.335261639711
     -194.335313914383
     -194.335354565745
     -194.335386841477
     -194.335412636319
     -194.335433849856
     -194.335451298500
     -194.335465769148
     -194.335478055129
     -194.335488573592
     -194.335497677406
     -194.335505535101
     -194.335512406828
     -194.335518547751
     -194.335524009812
     -194.335528716249
     -194.335532958415
     -194.335536740364
     -194.335540191542
     -194.335556817628
     -194.335561866855
     -194.335566639905
     -194.335571760422
     -194.355587334403
     -194.365812667254
     -194.365823029614
     -194.365823175587
     -194.365823176177
     -194.365823175960
     -194.365823176011
     -194.365823176279
     -194.365823176391
     -194.365823176467
     -194.365823176560
     -194.365823176592
     -194.365823310999
     -194.365823314163
     -194.365823314928
     -194.365823315235
     -194.365823315330
     -194.365823315390
     -194.365823315411
     -194.365823315452
     -194.365823315007
     -194.365823317074
     -194.365823317152
     -194.365823317174
     -194.365823317180
