     -122.205901270076
     -122.332349132641
     -122.334594206130
     -122.335129899861
     -122.335467146757
     -122.335682465011
     -122.335780349096
     -122.374509950691
     -122.378648783932
     -122.379227274375
     -122.379424117109
     -122.379522324350
     -122.379581214939
     -122.379616998778
     -122.386059107580
     -122.388340103733
     -122.389518247987
     -122.389958431652
     -122.390120987777
     -122.390183651864
     -122.390209167698
     -122.390224226440
     -122.390227997179
     -122.390231609181
     -122.390234620019
     -122.390236290702
     -122.390238377685
     -122.390240031794
     -122.390240555356
     -122.390241680755
     -122.390243230541
     -122.390243188716
     -122.390243487795
     -122.390243576899
     -122.390243646648
     -122.390243708472
     -122.393009782134
     -122.393108030182
     -122.393110937108
     -122.393111167512
     -122.393111187081
     -122.393111204000
     -122.393111219476
     -122.393111220986
     -122.393111221044
     -122.393111221732
     -122.393111222327
     -122.393111222431
     -122.393111221810
     -122.393111221290
     -122.393111221107
     -122.393111221002
     -122.393111220941
     -122.393111220912
     -122.393111220897
     -122.393111220894
     -122.393111220918
     -122.393111220970
     -122.393200156271
     -122.393201116574
     -122.393201138330
     -122.393201137906
     -122.393201137138
     -122.393201137178
     -122.393201137072
     -122.393201137050
     -122.393201137044
     -122.393201137048
     -122.393201137065
     -122.393201137077
     -122.393201137090
     -122.393201137099
     -122.393201137106
     -122.393201137111
     -122.393204025788
     -122.393204073720
     -122.393204076541
     -122.393204076814
     -122.393204076829
     -122.393204076824
     -122.393204076819
     -122.393204076819
     -122.393204132303
     -122.393204138218
     -122.393204138364
     -122.393204138378
     -122.393204138375
