     -201.948446590813
     -202.230657028956
     -202.230704250366
     -202.230704264268
     -202.230704263742
     -202.230704263716
     -202.230704263711
     -202.231025886318
     -202.231028878345
     -202.231029098028
     -202.231029138425
     -202.231029178346
     -202.231029248951
     -202.231029247552
     -202.230940377571
     -202.230938984096
     -202.230935015811
     -202.230934951008
     -202.230934945632
     -202.230934945567
     -202.230934945807
     -202.230934945931
     -202.230934945982
     -202.230934945997
     -202.230934945999
     -202.230934946004
     -202.230934946002
     -202.230934946002
     -202.230934946001
     -202.230934946002
     -202.230934946003
     -202.230934946002
     -202.230934946006
     -202.230934946002
     -202.230934946002
     -202.230934946003
     -202.231762491732
     -202.231763456631
     -202.231763517310
     -202.231763518923
     -202.231763519120
     -202.231763519157
     -202.231763519161
     -202.231763519164
     -202.231763519163
     -202.231763519162
     -202.231763519165
     -202.231763519165
     -202.231763519164
     -202.231763519163
     -202.231763519166
     -202.231763519163
     -202.231763519164
     -202.231763519165
     -202.231763519165
     -202.231763519162
     -202.231763519164
     -202.231763519164
     -202.231774317333
     -202.231774353995
     -202.231774358962
     -202.231774359329
     -202.231774359403
     -202.231774359410
     -202.231774359408
     -202.231774359409
     -202.231774359408
     -202.231774359412
     -202.231774359410
     -202.231774359409
     -202.231774359411
     -202.231774359412
     -202.231774359410
     -202.231774359407
     -202.231774478716
     -202.231774479419
     -202.231774479398
     -202.231774479402
     -202.231774479414
     -202.231774479415
     -202.231774479417
     -202.231774479415
     -202.231774478858
     -202.231774480978
     -202.231774481006
     -202.231774481007
     -202.231774481011
