     -136.343199792760
     -136.719974064524
     -136.723595871007
     -136.723806064158
     -136.723823410547
     -136.723825991955
     -136.723826474328
     -136.761219105581
     -136.763723742844
     -136.763961544727
     -136.764004249542
     -136.764015118213
     -136.764019152078
     -136.764021129730
     -136.768665950989
     -136.769685433505
     -136.770057278994
     -136.770214319213
     -136.770284070065
     -136.770326452480
     -136.770356165490
     -136.770375533519
     -136.770392053912
     -136.770408565519
     -136.770423827598
     -136.770436923557
     -136.770450310722
     -136.770457475618
     -136.770460646654
     -136.770465781991
     -136.770472690533
     -136.770476940162
     -136.770479416300
     -136.770481295020
     -136.770483813671
     -136.770486976505
     -136.772637130962
     -136.772842728092
     -136.772909449045
     -136.772928334302
     -136.772934233712
     -136.772936388570
     -136.772937261415
     -136.772937668101
     -136.772937867310
     -136.772937962703
     -136.772938009615
     -136.772938028994
     -136.772938040934
     -136.772938047208
     -136.772938050630
     -136.772938052595
     -136.772938053786
     -136.772938054555
     -136.772938055076
     -136.772938055454
     -136.772938055732
     -136.772938055945
     -136.773018343492
     -136.773018659443
     -136.773018658934
     -136.773018657740
     -136.773018657548
     -136.773018657414
     -136.773018657352
     -136.773018657318
     -136.773018657315
     -136.773018657307
     -136.773018657297
     -136.773018657298
     -136.773018657301
     -136.773018657303
     -136.773018657304
     -136.773018657307
     -136.773021481996
     -136.773021503458
     -136.773021504275
     -136.773021504299
     -136.773021504283
     -136.773021504273
     -136.773021504267
     -136.773021504263
     -136.773021565451
     -136.773021568291
     -136.773021568341
     -136.773021568333
     -136.773021568340
