     -248.074716380109
     -248.126807181527
     -248.129953765939
     -248.130271093348
     -248.130437319670
     -248.130517461303
     -248.130535782620
     -248.142749403774
     -248.144884582437
     -248.145161137693
     -248.145199875405
     -248.145206293214
     -248.145208214742
     -248.145209714808
     -248.145533809505
     -248.145581108859
     -248.145596594850
     -248.145601177380
     -248.145604586624
     -248.145604875280
     -248.145604451354
     -248.145604446479
     -248.145604447898
     -248.145604453206
     -248.145604460595
     -248.145604469048
     -248.145604478098
     -248.145604487304
     -248.145604496135
     -248.145604504131
     -248.145604511008
     -248.145604516639
     -248.145604520979
     -248.145604524054
     -248.145604525910
     -248.145604526655
     -248.147018707949
     -248.147054386853
     -248.147057047253
     -248.147057433028
     -248.147057484449
     -248.147057495821
     -248.147057503398
     -248.147057503948
     -248.147057506350
     -248.147057506661
     -248.147057506665
     -248.147057506688
     -248.147057507034
     -248.147057507357
     -248.147057507358
     -248.147057507281
     -248.147057509357
     -248.147057509618
     -248.147057509705
     -248.147057509742
     -248.147057509828
     -248.147057509969
     -248.147072631124
     -248.147072776033
     -248.147072784179
     -248.147072785432
     -248.147072785606
     -248.147072785576
     -248.147072785600
     -248.147072785599
     -248.147072785599
     -248.147072785599
     -248.147072785595
     -248.147072785597
     -248.147072785601
     -248.147072785603
     -248.147072785598
     -248.147072785597
     -248.147072944998
     -248.147072946101
     -248.147072946148
     -248.147072946156
     -248.147072946160
     -248.147072946155
     -248.147072946163
     -248.147072946156
     -248.147072945524
     -248.147072947859
     -248.147072947896
     -248.147072947901
     -248.147072947903
