     -195.888134519114
     -195.900903374572
     -195.900906192867
     -195.900906184685
     -195.900906179774
     -195.900906178948
     -195.900906178814
     -195.900907766149
     -195.900907806142
     -195.900907816573
     -195.900907819957
     -195.900907821221
     -195.900907821743
     -195.900907821986
     -195.900172327691
     -195.900173612122
     -195.900173806869
     -195.900173952535
     -195.900174020481
     -195.900172306351
     -195.900172306947
     -195.900172298273
     -195.900172291174
     -195.900172287910
     -195.900172285711
     -195.900172284135
     -195.900172284164
     -195.900172283762
     -195.900172283136
     -195.900172283655
     -195.900172283504
     -195.900172283009
     -195.900172283595
     -195.900172283472
     -195.900172282989
     -195.900172283585
     -195.901350109291
     -195.901404406596
     -195.901414126579
     -195.901414150255
     -195.901414210737
     -195.901414219838
     -195.901414223025
     -195.901414223746
     -195.901414223956
     -195.901414224029
     -195.901414224039
     -195.901414224046
     -195.901414224051
     -195.901414224056
     -195.901414224053
     -195.901414224052
     -195.901414224051
     -195.901414224052
     -195.901414224052
     -195.901414224049
     -195.901414224049
     -195.901414224054
     -195.901428349320
     -195.901428756179
     -195.901428784210
     -195.901428785138
     -195.901428785359
     -195.901428785507
     -195.901428785593
     -195.901428785602
     -195.901428785607
     -195.901428785611
     -195.901428785609
     -195.901428785633
     -195.901428785637
     -195.901428785638
     -195.901428785634
     -195.901428785638
     -195.901428940073
     -195.901428941670
     -195.901428942493
     -195.901428942800
     -195.901428942965
     -195.901428943077
     -195.901428943167
     -195.901428943188
     -195.901428942910
     -195.901428944994
     -195.901428945013
     -195.901428945013
     -195.901428945002
