     -155.878217602869
     -155.912642486214
     -155.912864508198
     -155.912882796565
     -155.912886532921
     -155.912888331602
     -155.912889006129
     -155.919933473126
     -155.923177402758
     -155.925101099556
     -155.925822269713
     -155.926069246350
     -155.926132245613
     -155.926158300891
     -155.926517190945
     -155.926554718065
     -155.926571221375
     -155.926579186693
     -155.926583862544
     -155.926587429207
     -155.926589782253
     -155.926591628849
     -155.926592068813
     -155.926592787493
     -155.926594155938
     -155.926595504058
     -155.926595510125
     -155.926595515755
     -155.926595521958
     -155.926595529505
     -155.926595538790
     -155.926595549785
     -155.926595562063
     -155.926595574797
     -155.926595587006
     -155.926595597838
     -155.928639050990
     -155.929474455319
     -155.930054715639
     -155.930131746768
     -155.930134650260
     -155.930134951781
     -155.930134994533
     -155.930135001776
     -155.930135000629
     -155.930135000193
     -155.930135000330
     -155.930135000688
     -155.930135004726
     -155.930135006267
     -155.930135007315
     -155.930135007796
     -155.930135008037
     -155.930135008196
     -155.930135008339
     -155.930135008506
     -155.930135008708
     -155.930135008926
     -155.930164699855
     -155.930165317213
     -155.930165353320
     -155.930165356325
     -155.930165356794
     -155.930165357001
     -155.930165356974
     -155.930165356904
     -155.930165356989
     -155.930165356984
     -155.930165356982
     -155.930165356981
     -155.930165356982
     -155.930165356983
     -155.930165357053
     -155.930165357057
     -155.930165983739
     -155.930165987211
     -155.930165987356
     -155.930165987373
     -155.930165987381
     -155.930165987385
     -155.930165987380
     -155.930165987382
     -155.930165991830
     -155.930165994754
     -155.930165994779
     -155.930165994781
     -155.930165994782
