     -600.023327353313
     -600.023577066477
     -600.023577066611
     -600.023577066619
     -600.023577066619
     -600.023577066617
     -600.023577066618
     -600.023577066604
     -600.023577066611
     -600.023577066603
     -600.023577066609
     -600.023577066605
     -600.023577066604
     -600.023577066613
     -600.023576930604
     -600.023576930825
     -600.023576930823
     -600.023576930824
     -600.023576930823
     -600.023576930821
     -600.023576930822
     -600.023576930826
     -600.023576930818
     -600.023576930825
     -600.023576930818
     -600.023576930820
     -600.023576930824
     -600.023576930820
     -600.023576930820
     -600.023576930820
     -600.023576930818
     -600.023576930820
     -600.023576930826
     -600.023576930824
     -600.023576930822
     -600.023576930817
     -600.023576975560
     -600.023576975535
     -600.023576975492
     -600.023576975475
     -600.023576975472
     -600.023576975480
     -600.023576975476
     -600.023576975485
     -600.023576975476
     -600.023576975474
     -600.023576975471
     -600.023576975481
     -600.023576975479
     -600.023576975477
     -600.023576975473
     -600.023576975479
     -600.023576975480
     -600.023576975479
     -600.023576975471
     -600.023576975483
     -600.023576975474
     -600.023576975474
     -600.023577017338
     -600.023577017518
     -600.023577017538
     -600.023577017559
     -600.023577017564
     -600.023577017570
     -600.023577017568
     -600.023577017567
     -600.023577017567
     -600.023577017578
     -600.023577017578
     -600.023577017586
     -600.023577017644
     -600.023577017670
     -600.023577017667
     -600.023577017666
     -600.023577066693
     -600.023577066699
     -600.023577066699
     -600.023577066693
     -600.023577066701
     -600.023577066696
     -600.023577066707
     -600.023577066695
     -600.023577066936
     -600.023577067645
     -600.023577067657
     -600.023577067642
     -600.023577067674
