     -175.128654386440
     -175.139946578818
     -175.139963616418
     -175.139963656139
     -175.139963564072
     -175.139963527327
     -175.139963509176
     -175.141078686456
     -175.141122378155
     -175.141123001115
     -175.141122894863
     -175.141122879342
     -175.141122876757
     -175.141122876240
     -175.141110682729
     -175.141110696073
     -175.141110694655
     -175.141110694375
     -175.141110694337
     -175.141110694327
     -175.141110694325
     -175.141110694326
     -175.141110694327
     -175.141110694325
     -175.141110694325
     -175.141110694327
     -175.141110694325
     -175.141110694328
     -175.141110694327
     -175.141110694326
     -175.141110694329
     -175.141110694325
     -175.141110694328
     -175.141110694328
     -175.141110694325
     -175.141110694326
     -175.142194627980
     -175.142201045824
     -175.142201840634
     -175.142201868391
     -175.142201869064
     -175.142201870318
     -175.142201871264
     -175.142201871353
     -175.142201871354
     -175.142201871350
     -175.142201871347
     -175.142201871350
     -175.142201871349
     -175.142201871347
     -175.142201871349
     -175.142201871348
     -175.142201871347
     -175.142201871347
     -175.142201871346
     -175.142201871346
     -175.142201871349
     -175.142201871346
     -175.142215264754
     -175.142215314354
     -175.142215314909
     -175.142215314893
     -175.142215314887
     -175.142215314885
     -175.142215314884
     -175.142215314885
     -175.142215314885
     -175.142215314882
     -175.142215314883
     -175.142215314885
     -175.142215314883
     -175.142215314884
     -175.142215314883
     -175.142215314883
     -175.142215483259
     -175.142215483673
     -175.142215483697
     -175.142215483698
     -175.142215483699
     -175.142215483699
     -175.142215483697
     -175.142215483698
     -175.142215483144
     -175.142215485682
     -175.142215485701
     -175.142215485692
     -175.142215485693
