     -195.970620780114
     -195.984662887557
     -195.984650018498
     -195.984648668586
     -195.984649011690
     -195.984649153612
     -195.984649242763
     -195.984652575950
     -195.984652747052
     -195.984652746160
     -195.984652730733
     -195.984652720125
     -195.984652714203
     -195.984652711073
     -195.984264918002
     -195.984239794249
     -195.984241295335
     -195.984241769825
     -195.984242346976
     -195.984242458715
     -195.984242496555
     -195.984242512024
     -195.984242519013
     -195.984242522482
     -195.984242524390
     -195.984242525563
     -195.984242526364
     -195.984242526953
     -195.984242527409
     -195.984242527781
     -195.984242528086
     -195.984242528340
     -195.984242528555
     -195.984242528733
     -195.984242528881
     -195.984242529005
     -195.985216900749
     -195.985237948324
     -195.985239849873
     -195.985240299235
     -195.985240625947
     -195.985240659329
     -195.985240657576
     -195.985240656066
     -195.985240655083
     -195.985240654455
     -195.985240654024
     -195.985240653696
     -195.985240653543
     -195.985240653671
     -195.985240653771
     -195.985240653809
     -195.985240655778
     -195.985240655820
     -195.985240655843
     -195.985240655847
     -195.985240655854
     -195.985240655850
     -195.985253108895
     -195.985253432809
     -195.985253453008
     -195.985253460662
     -195.985253461231
     -195.985253467784
     -195.985253473634
     -195.985253473236
     -195.985253467391
     -195.985253467350
     -195.985253467289
     -195.985253467282
     -195.985253467283
     -195.985253467292
     -195.985253467288
     -195.985253467290
     -195.985253623420
     -195.985253625495
     -195.985253625831
     -195.985253625966
     -195.985253625986
     -195.985253626035
     -195.985253626046
     -195.985253626058
     -195.985253625799
     -195.985253627906
     -195.985253627997
     -195.985253628016
     -195.985253628013
