     -194.144754872439
     -194.373944943714
     -194.373984487377
     -194.373984802964
     -194.373984813617
     -194.373984811275
     -194.373984809648
     -194.374239007914
     -194.374239411122
     -194.374239498555
     -194.374239524866
     -194.374239531287
     -194.374239532885
     -194.374239533044
     -194.374206316420
     -194.374204910201
     -194.374204808799
     -194.374204370834
     -194.374204352074
     -194.374204347239
     -194.374204345522
     -194.374204344907
     -194.374204344703
     -194.374204344641
     -194.374204344626
     -194.374204344632
     -194.374204344641
     -194.374204344645
     -194.374204344648
     -194.374204344652
     -194.374204344651
     -194.374204344652
     -194.374204344656
     -194.374204344654
     -194.374204344658
     -194.374204344657
     -194.375088674766
     -194.375178517636
     -194.375183591370
     -194.375183851930
     -194.375183895628
     -194.375183902994
     -194.375183908039
     -194.375183920635
     -194.375183931513
     -194.375183945786
     -194.375183947744
     -194.375183956010
     -194.375183960151
     -194.375183960841
     -194.375183961166
     -194.375183961201
     -194.375183961185
     -194.375183961142
     -194.375183961107
     -194.375183961087
     -194.375183961085
     -194.375183961081
     -194.375197163915
     -194.375197537102
     -194.375197558147
     -194.375197559665
     -194.375197564285
     -194.375197564529
     -194.375197564674
     -194.375197564734
     -194.375197564734
     -194.375197564913
     -194.375197564911
     -194.375197564944
     -194.375197564940
     -194.375197564941
     -194.375197564937
     -194.375197564936
     -194.375197698168
     -194.375197702346
     -194.375197703223
     -194.375197703505
     -194.375197703592
     -194.375197703655
     -194.375197703678
     -194.375197703725
     -194.375197703252
     -194.375197705330
     -194.375197705406
     -194.375197705425
     -194.375197705431
