     -118.781964314157
     -118.878967105369
     -118.882876528879
     -118.883834791082
     -118.884203010665
     -118.884474315232
     -118.884608224733
     -118.930448909925
     -118.933564202319
     -118.933949108267
     -118.934077561868
     -118.934130224607
     -118.934153683531
     -118.934164384682
     -118.941789437995
     -118.944486661672
     -118.945692413717
     -118.945982949902
     -118.946048424530
     -118.946070748158
     -118.946079098800
     -118.946084500111
     -118.946089148632
     -118.946092542994
     -118.946095068005
     -118.946097348364
     -118.946098683429
     -118.946099609495
     -118.946099720649
     -118.946099775624
     -118.946100134927
     -118.946100532787
     -118.946100530716
     -118.946100530926
     -118.946100531379
     -118.946100534820
     -118.948335787971
     -118.948410173928
     -118.948437012382
     -118.948454375351
     -118.948465973228
     -118.948473575260
     -118.948478557796
     -118.948481869344
     -118.948484105766
     -118.948485678962
     -118.948486841801
     -118.948487676249
     -118.948488260897
     -118.948488662410
     -118.948488966123
     -118.948489147981
     -118.948489294112
     -118.948489454621
     -118.948489552554
     -118.948489599678
     -118.948489659879
     -118.948489698728
     -118.948650056279
     -118.948656504686
     -118.948659552197
     -118.948661387480
     -118.948662592383
     -118.948663407178
     -118.948663951571
     -118.948664326769
     -118.948664590049
     -118.948664779514
     -118.948664916669
     -118.948665018124
     -118.948665091752
     -118.948665148560
     -118.948665193107
     -118.948665226148
     -118.948675817617
     -118.948676085483
     -118.948676205499
     -118.948676306253
     -118.948676395131
     -118.948676473988
     -118.948676544312
     -118.948676607148
     -118.948677066196
     -118.948677143771
     -118.948677196525
     -118.948677244215
     -118.948677287605
