        0.477882506296         0.144258391826         0.821408327922
        0.363420582943         0.180590546656         0.255943191923
        0.379011935538         0.132529233084         0.453112982611
        0.376100322052         0.156630935615         0.389757712668
        0.379097657692         0.145904760240         0.419027307393
        0.379622386239         0.148696850554         0.397970302795
        0.379845144108         0.145291376123         0.393816422712
        0.379605106257         0.144646188872         0.383510333552
        0.379239358164         0.143572192790         0.379572540165
        0.378918894638         0.143538686806         0.378382905573
        0.378696542154         0.143931454591         0.380985361428
        0.378606014530         0.144737121138         0.385583695060
        0.378621657604         0.145626773750         0.390823037115
        0.378711209813         0.146375546103         0.395193381269
        0.378831724643         0.146800060129         0.397678513981
        0.378947167670         0.146828814799         0.397848055131
        0.379031221884         0.146497325252         0.395913814438
        0.379071135187         0.145929957922         0.392602794426
        0.379066780992         0.145299686622         0.388924362987
        0.379028057002         0.144779843445         0.385890047874
        0.378970679718         0.144500063802         0.384255750161
        0.378911661445         0.144516539063         0.384349117416
        0.378865313110         0.144803170571         0.386017853264
        0.378840521730         0.145264267525         0.388704054309
        0.378839674317         0.145764240949         0.391617366026
        0.378859204545         0.146165674802         0.393956919116
        0.378891381159         0.146365577464         0.395122518278
        0.378926736588         0.146320617415         0.394861596837
        0.378956490811         0.146055425129         0.393317522044
        0.378974437144         0.145652653136         0.390971676980
        0.378977964853         0.145228229959         0.388499324786
        0.378968130783         0.144898918957         0.386580648125
        0.378948905987         0.144751005486         0.385718342556
        0.378925879741         0.144818309542         0.386109519850
        0.378904782520         0.145074988776         0.387603771525
        0.378890182800         0.145444528594         0.389755533434
        0.378884626283         0.145822009543         0.391953788577
        0.378888346252         0.146103327153         0.393592249801
        0.378899521439         0.146213381723         0.394233525049
        0.378914936385         0.146125739907         0.393723609377
        0.378930836173         0.145868714636         0.392227293095
        0.378943766517         0.145516530668         0.390176732516
        0.378951234923         0.145168240144         0.388148689698
        0.378952095409         0.144920273069         0.386704695473
        0.378946628255         0.144840116241         0.386237766777
        0.378936345729         0.144948207107         0.386866953485
        0.378923598035         0.145212836892         0.388407647549
        0.378911076087         0.145559308476         0.390424912515
        0.378901307260         0.145890745950         0.392354667193
        0.378896220977         0.146114833475         0.393659388567
        0.378896833722         0.146169197183         0.393975901142
        0.378903080193         0.146038541558         0.393215148780
        0.378913805183         0.145758894424         0.391586908924
        0.378926925100         0.145407799148         0.389542690406
        0.378939757849         0.145083089831         0.387652154190
        0.378949496214         0.144875983892         0.386446435917
        0.378953764518         0.144845796802         0.386270902254
        0.378951162605         0.145003196202         0.387187630092
        0.378941680475         0.145306655697         0.388954759287
        0.378926871347         0.145673231236         0.391089261434
        0.378909703123         0.146000903680         0.392997063284
        0.378894064381         0.146196549902         0.394135933872
        0.378883974837         0.146201984581         0.394167120163
        0.378882631455         0.146010909998         0.393054031518
        0.378891493266         0.145671943479         0.391079859606
        0.378909645639         0.145276569312         0.388777421096
        0.378933663550         0.144934927314         0.386788167712
        0.378958101828         0.144745728001         0.385686974389
        0.378976591775         0.144768356518         0.385819653048
        0.378983355414         0.145004877574         0.387198124892
        0.378974809085         0.145397213475         0.389483981882
        0.378950857675         0.145840827068         0.392068205156
        0.378915500370         0.146211810551         0.394228977099
        0.378876479707         0.146400530833         0.395327672010
        0.378843894844         0.146342935849         0.394991209456
        0.378827942543         0.146040882804         0.393230474687
        0.378836203712         0.145565416657         0.390459466865
        0.378871096995         0.145041211695         0.387404753578
        0.378928201173         0.144615336008         0.384923575424
        0.378996049349         0.144417851045         0.383774274417
        0.379057715981         0.144524357483         0.384397926146
        0.379094113880         0.144930693834         0.386770652641
        0.379088495551         0.145547404644         0.390371180287
        0.379031338178         0.146216908714         0.394280597760
        0.378924580561         0.146750484892         0.397397916925
        0.378784316666         0.146976979999         0.398723475582
        0.378640820254         0.146791456712         0.397642455085
        0.378536156713         0.146191189007         0.394136255250
        0.378517222647         0.145290223787         0.388860496100
        0.378629529586         0.144301174137         0.383074364454
        0.378900887692         0.143507244819         0.378370132827
        0.379338608428         0.143160249234         0.376439495191
        0.379893929600         0.143530398850         0.378338370795
        0.380446251709         0.144513158229         0.385088228227
        0.380756332325         0.146444142561         0.394788545694
        0.380097471200         0.147891143100         0.409155982975
        0.377848334050         0.151055748526         0.416657030489
        0.370162965897         0.148977410417         0.432220419747
        0.356971215248         0.157223252423         0.403344798655
        0.347587831548         0.137281489130         0.425141410250
