        0.466392512803         0.109358503437         0.756453374335
        0.386516880346         0.164024671655         0.341156738188
        0.392922349908         0.135961718478         0.473240408827
        0.390495097899         0.148543207860         0.436976384839
        0.392075980386         0.144469270996         0.457560590285
        0.392366675664         0.146301207676         0.453019003877
        0.392756735069         0.145702140925         0.455716008175
        0.392805475296         0.145896504839         0.454353927290
        0.392789505770         0.145705506834         0.453841346136
        0.392692138195         0.145606571408         0.452632053188
        0.392571101262         0.145438665634         0.451483808675
        0.392432359389         0.145276637784         0.450198442503
        0.392287990382         0.145100989721         0.448903005642
        0.392141152153         0.144925191568         0.447584117746
        0.391995254369         0.144748621578         0.446273914069
        0.391852237103         0.144575121788         0.444983866122
        0.391713958750         0.144406366492         0.443731305266
        0.391581979502         0.144244535857         0.442529915783
        0.391457743387         0.144091373930         0.441393320448
        0.391342533618         0.143948552735         0.440333592558
        0.391237482292         0.143817524181         0.439361618583
        0.391143551684         0.143699555791         0.438486773197
        0.391061525448         0.143595697267         0.437716872047
        0.390991998720         0.143506775315         0.437058051888
        0.390935372217         0.143433381979         0.436514711636
        0.390891848837         0.143375869973         0.436089466870
        0.390861433445         0.143334350315         0.435783136187
        0.390843935575         0.143308694073         0.435594752878
        0.390838975087         0.143298537525         0.435521604004
        0.390845990639         0.143303290892         0.435559295235
        0.390864250834         0.143322150390         0.435701840666
        0.390892867867         0.143354113434         0.435941776001
        0.390930813441         0.143397996755         0.436270293328
        0.390976936712         0.143452457120         0.436677395338
        0.391029983974         0.143516014353         0.437152066558
        0.391088619783         0.143587076283         0.437682458969
        0.391151449192         0.143663965241         0.438256089105
        0.391217040756         0.143744945703         0.438860043645
        0.391283949959         0.143828252645         0.439481190337
        0.391350742698         0.143912120185         0.440106391042
        0.391416018479         0.143994810086         0.440722713683
        0.391478432959         0.144074639674         0.441317639872
        0.391536719514         0.144150008751         0.441879265109
        0.391589709481         0.144219425116         0.442396488508
        0.391636350796         0.144281528281         0.442859189229
        0.391675724728         0.144335111057         0.443258386932
        0.391707060469         0.144379138658         0.443586383896
        0.391729747358         0.144412765057         0.443836886631
        0.391743344550         0.144435346346         0.444005105184
        0.391747587997         0.144446450883         0.444087828668
        0.391742394626         0.144445866103         0.444083475855
        0.391727863652         0.144433601872         0.443992120100
        0.391704275021         0.144409890327         0.443815488227
        0.391672084983         0.144375182234         0.443556933371
        0.391631918877         0.144330139886         0.443221382204
        0.391584561234         0.144275626667         0.442815257319
        0.391530943343         0.144212693429         0.442346375939
        0.391472128470         0.144142561890         0.441823826459
        0.391409294941         0.144066605300         0.441257824668
        0.391343717366         0.143986326666         0.440659551804
        0.391276746254         0.143903334855         0.440040976876
        0.391209786362         0.143819318944         0.439414665897
        0.391144274071         0.143736021200         0.438793580928
        0.391081654155         0.143655209089         0.438190871927
        0.391023356279         0.143578646750         0.437619664569
        0.390970771600         0.143508066353         0.437092847227
        0.390925229806         0.143445139779         0.436622860362
        0.390887976962         0.143391451068         0.436221491513
        0.390860154493         0.143348470026         0.435899679041
        0.390842779634         0.143317527428         0.435667327606
        0.390836727646         0.143299792176         0.435533138265
        0.390842716080         0.143296250784         0.435504455799
        0.390861291335         0.143307689501         0.435587135687
        0.390892817727         0.143334679362         0.435785432816
        0.390937469246         0.143377564401         0.436101913749
        0.390995224149         0.143436453233         0.436537393967
        0.391065862470         0.143511214140         0.437090901214
        0.391148966525         0.143601473767         0.437759665572
        0.391243924396         0.143706619438         0.438539136734
        0.391349936418         0.143825805187         0.439423027962
        0.391466024507         0.143957961151         0.440403387366
        0.391591044535         0.144101807020         0.441470692611
        0.391723700947         0.144255867182         0.442613976060
        0.391862565774         0.144418493286         0.443820956787
        0.392006096295         0.144587877732         0.445078237403
        0.392152666992         0.144762099907         0.446371403973
        0.392300570555         0.144939087813         0.447685453986
        0.392448093545         0.145116791758         0.449004403141
        0.392593316237         0.145292740354         0.450313086192
        0.392734354339         0.145465069065         0.451593003376
        0.392867452415         0.145629237653         0.452833350459
        0.392987972265         0.145785101198         0.454000065210
        0.393076015998         0.145914530690         0.455110023229
        0.393103366354         0.146031901402         0.456013842170
        0.392937561256         0.146035641956         0.456905393905
        0.392416937957         0.146071137164         0.456834476307
        0.390758955334         0.145543380048         0.457230216016
        0.387416951922         0.145753514008         0.451850230903
        0.378595422702         0.142881365664         0.451294330983
        0.364369256154         0.148694938764         0.414439611241
        0.357849586076         0.135151540382         0.431746301252
