        0.573846354471         0.725419380259         0.937127970760
        0.612919952820         0.707108321295         0.900586324203
        0.636814569399         0.658115200337         0.895639655814
        0.640780644901         0.624318351983         0.895088012816
        0.632759816400         0.622918060476         0.896048307186
        0.623598699203         0.641284870583         0.897234566513
        0.620893690600         0.657039593451         0.897791319430
        0.624966517252         0.657405469310         0.897513855577
        0.630571263585         0.646225355147         0.896853454720
        0.632443628942         0.636336644545         0.896452271176
        0.629706655377         0.636469037280         0.896597344441
        0.625736617217         0.644509153602         0.897051933039
        0.624395062745         0.651545144150         0.897353238773
        0.626489824768         0.651172228683         0.897255147572
        0.629539078046         0.644922838992         0.896911594537
        0.630545266085         0.639590534621         0.896676939361
        0.628838730594         0.640125173975         0.896754630588
        0.626387811594         0.645252451146         0.897030899958
        0.625619821338         0.649492680930         0.897220911819
        0.627079283771         0.648872625601         0.897155041231
        0.629126148904         0.644529969732         0.896924563493
        0.629730020982         0.641060739798         0.896767095240
        0.628448203253         0.641749797965         0.896826486313
        0.626696733982         0.645540356303         0.897025320371
        0.626219303541         0.648461898450         0.897159444014
        0.627377494868         0.647732774120         0.897104668890
        0.628914411744         0.644359806316         0.896929367558
        0.629299075306         0.641856337495         0.896813295244
        0.628234995110         0.642626047260         0.896865508459
        0.626863606855         0.645692068992         0.897023709942
        0.626555191855         0.647881896466         0.897126262909
        0.627553102158         0.647082124139         0.897075895433
        0.628800227498         0.644254700884         0.896930834830
        0.629049169428         0.642315683649         0.896839144958
        0.628101038182         0.643151574377         0.896888822720
        0.626951974908         0.645802949272         0.897024260665
        0.626754892699         0.647546693614         0.897107563172
        0.627670474308         0.646676395784         0.897058104793
        0.628745317809         0.644160031886         0.896929991929
        0.628899081853         0.642577340012         0.896853592200
        0.628004873605         0.643490080002         0.896903635856
        0.626988195756         0.645911383288         0.897026611901
        0.626874273903         0.647364909232         0.897097566800
        0.627759290035         0.646406169670         0.897046495876
        0.628733078602         0.644051042513         0.896927086000
        0.628811158070         0.642705988984         0.896860635349
        0.627926002125         0.643719956666         0.896913382168
        0.626983583734         0.646037814794         0.897030776946
        0.626939979218         0.647293691578         0.897093650808
        0.627835334132         0.646216450699         0.897038714607
        0.628757478224         0.643911292604         0.896922024778
        0.628767632312         0.642730397588         0.896862014715
        0.627852406533         0.643882082804         0.896919757604
        0.626940416488         0.646199198757         0.897037052186
        0.626963707511         0.647317192869         0.897094853847
        0.627908952308         0.646077384951         0.897033610625
        0.628820387065         0.643722457848         0.896914337521
        0.628762059484         0.642656057281         0.896858071191
        0.627774573171         0.643999330422         0.896923540209
        0.626852646340         0.646417924738         0.897046173138
        0.626947470052         0.647440157862         0.897101441218
        0.627989912108         0.645970781949         0.897030697625
        0.628932612153         0.643455605035         0.896902935886
        0.628796418521         0.642467266250         0.896847891450
        0.627681091013         0.644086773080         0.896924957731
        0.626703158116         0.646731865687         0.897059664766
        0.626884662599         0.647689808017         0.897115019795
        0.628091992395         0.645881595360         0.897029910718
        0.629118761551         0.643058221901         0.896885606617
        0.628881741610         0.642120778281         0.896828900847
        0.627553078028         0.644159627125         0.896923815183
        0.626455668884         0.647212344462         0.897080575788
        0.626757191228         0.648127815028         0.897139322033
        0.628240312505         0.645788884880         0.897031584991
        0.629430235897         0.642426940920         0.896857875687
        0.629043954569         0.641524523614         0.896795448624
        0.627353121545         0.644244444184         0.896919310481
        0.626032722255         0.648006852067         0.897115240597
        0.626523913536         0.648886079567         0.897182649422
        0.628488493264         0.645648330998         0.897036942299
        0.629983020788         0.641334485426         0.896810024165
        0.629345234344         0.640473262959         0.896734292007
        0.626995060078         0.644407122188         0.896908730346
        0.625244700916         0.649468888534         0.897178426721
        0.626076663598         0.650284100861         0.897266477722
        0.628973543163         0.645336710944         0.897051144903
        0.631098921012         0.639173064973         0.896717183468
        0.629977936788         0.638409911460         0.896606145049
        0.626228340875         0.644867417947         0.896878883117
        0.623466900559         0.652708924577         0.897313482101
        0.625000819781         0.653352510291         0.897469550051
        0.630184295728         0.644352303111         0.897109644373
        0.634169060874         0.633551384612         0.896491060661
        0.631996219019         0.633046656067         0.896212398346
        0.623816387072         0.646944028357         0.896693194339
        0.616411635716         0.664088738482         0.897730909440
        0.619091436131         0.664468922931         0.898539792316
        0.637334444244         0.636828540412         0.898146775795
        0.671239691678         0.594904502959         0.895097875096
        0.709408368355         0.568593434147         0.882633255854
