        0.449488234777         0.080184447620         0.650918532125
        0.410631919207         0.120805758716         0.478043047734
        0.403214627818         0.121153321084         0.488663791787
        0.400281279982         0.122082054823         0.482837023684
        0.399227205054         0.121937582311         0.482603615846
        0.398868546198         0.121851465671         0.482340586720
        0.398755114579         0.121793048903         0.482346658892
        0.398724030594         0.121766100793         0.482363744009
        0.398717974968         0.121754379076         0.482382221591
        0.398718319982         0.121749801421         0.482393339860
        0.398719614517         0.121748148766         0.482399421462
        0.398720600761         0.121747618426         0.482402447832
        0.398721178556         0.121747478592         0.482403881673
        0.398721478808         0.121747458798         0.482404532697
        0.398721623869         0.121747467634         0.482404818775
        0.398721690415         0.121747478545         0.482404940836
        0.398721719718         0.121747486014         0.482404991539
        0.398721732176         0.121747490255         0.482405012059
        0.398721737305         0.121747492437         0.482405020148
        0.398721739352         0.121747493490         0.482405023250
        0.398721740143         0.121747493973         0.482405024403
        0.398721740437         0.121747494187         0.482405024816
        0.398721740543         0.121747494278         0.482405024958
        0.398721740578         0.121747494316         0.482405025003
        0.398721740590         0.121747494331         0.482405025017
        0.398721740593         0.121747494337         0.482405025020
        0.398721740594         0.121747494339         0.482405025020
        0.398721740594         0.121747494340         0.482405025020
        0.398721740593         0.121747494340         0.482405025020
        0.398721740593         0.121747494340         0.482405025020
        0.398721740593         0.121747494340         0.482405025020
        0.398721740593         0.121747494340         0.482405025020
        0.398721740593         0.121747494340         0.482405025020
        0.398721740593         0.121747494340         0.482405025020
        0.398721740593         0.121747494340         0.482405025020
        0.398721740593         0.121747494340         0.482405025020
        0.398721740593         0.121747494340         0.482405025020
        0.398721740593         0.121747494340         0.482405025020
        0.398721740593         0.121747494340         0.482405025020
        0.398721740593         0.121747494340         0.482405025020
        0.398721740593         0.121747494340         0.482405025020
        0.398721740593         0.121747494340         0.482405025020
        0.398721740593         0.121747494340         0.482405025020
        0.398721740593         0.121747494340         0.482405025020
        0.398721740593         0.121747494340         0.482405025020
        0.398721740593         0.121747494340         0.482405025020
        0.398721740593         0.121747494340         0.482405025020
        0.398721740593         0.121747494340         0.482405025020
        0.398721740593         0.121747494340         0.482405025020
        0.398721740593         0.121747494340         0.482405025020
        0.398721740593         0.121747494340         0.482405025020
        0.398721740593         0.121747494340         0.482405025020
        0.398721740593         0.121747494340         0.482405025020
        0.398721740593         0.121747494340         0.482405025020
        0.398721740593         0.121747494340         0.482405025020
        0.398721740593         0.121747494340         0.482405025020
        0.398721740593         0.121747494340         0.482405025020
        0.398721740593         0.121747494340         0.482405025020
        0.398721740593         0.121747494340         0.482405025020
        0.398721740593         0.121747494340         0.482405025020
        0.398721740593         0.121747494340         0.482405025020
        0.398721740593         0.121747494340         0.482405025020
        0.398721740593         0.121747494340         0.482405025020
        0.398721740593         0.121747494340         0.482405025020
        0.398721740593         0.121747494340         0.482405025020
        0.398721740593         0.121747494340         0.482405025020
        0.398721740593         0.121747494340         0.482405025020
        0.398721740593         0.121747494340         0.482405025020
        0.398721740593         0.121747494340         0.482405025020
        0.398721740593         0.121747494340         0.482405025020
        0.398721740593         0.121747494340         0.482405025020
        0.398721740593         0.121747494340         0.482405025020
        0.398721740594         0.121747494340         0.482405025020
        0.398721740594         0.121747494340         0.482405025020
        0.398721740596         0.121747494341         0.482405025021
        0.398721740601         0.121747494342         0.482405025023
        0.398721740614         0.121747494345         0.482405025030
        0.398721740645         0.121747494350         0.482405025046
        0.398721740717         0.121747494359         0.482405025087
        0.398721740876         0.121747494367         0.482405025186
        0.398721741208         0.121747494353         0.482405025410
        0.398721741828         0.121747494235         0.482405025890
        0.398721742783         0.121747493737         0.482405026831
        0.398721743543         0.121747492019         0.482405028418
        0.398721741185         0.121747486681         0.482405030234
        0.398721724514         0.121747471130         0.482405028986
        0.398721656491         0.121747427940         0.482405010834
        0.398721424197         0.121747312471         0.482404927656
        0.398720701812         0.121747013742         0.482404627578
        0.398718587314         0.121746263830         0.482403659565
        0.398712665894         0.121744435444         0.482400742674
        0.398696657149         0.121740109868         0.482392354047
        0.398654653397         0.121730204868         0.482369106210
        0.398547355547         0.121708391579         0.482306378128
        0.398280153870         0.121662608315         0.482141996599
        0.397631089975         0.121573427033         0.481716022744
        0.396096372951         0.121417787743         0.480655645243
        0.392574939755         0.121229358551         0.477931947801
        0.384758165438         0.121175543425         0.471748926979
        0.368365203708         0.123665407859         0.453476497957
        0.347575177338         0.126212571705         0.432932977136
