        0.588686006040         0.741889005723         0.939193488184
        0.604462388478         0.685279482017         0.894636777811
        0.621974425600         0.642315576189         0.891131173906
        0.626636078932         0.607050709530         0.890569065389
        0.624437265810         0.592793723154         0.890861621579
        0.619479947561         0.597232534094         0.891432545959
        0.614860803669         0.611339515392         0.892009320264
        0.612494844230         0.624986717365         0.892386645566
        0.612851846926         0.631321063855         0.892461408190
        0.615100357905         0.628846129627         0.892269442890
        0.617719061954         0.620810120076         0.891957127784
        0.619310873432         0.612607191575         0.891701035896
        0.619240216302         0.608679032324         0.891620776796
        0.617818774288         0.610436639977         0.891729329827
        0.616005355525         0.616039343489         0.891941639755
        0.614825125866         0.621861517987         0.892130927175
        0.614830669044         0.624668546793         0.892199242614
        0.615872549424         0.623292004959         0.892124909829
        0.617262129612         0.618997577841         0.891964996770
        0.618199642859         0.614509532693         0.891816251730
        0.618215735611         0.612361669217         0.891759155096
        0.617391956348         0.613528288860         0.891816220817
        0.616263867714         0.617042924356         0.891945330829
        0.615487350723         0.620715551007         0.892068515057
        0.615468218190         0.622457351495         0.892117685169
        0.616158722205         0.621435955050         0.892071243203
        0.617118718185         0.618440700821         0.891962407995
        0.617788516506         0.615318169343         0.891856814475
        0.617808869583         0.613859056387         0.891813810045
        0.617208732253         0.614792813630         0.891853799004
        0.616365332580         0.617442886106         0.891949251218
        0.615772193185         0.620193878676         0.892042928790
        0.615754857957         0.621461128833         0.892081679718
        0.616295640259         0.620590230670         0.892046164501
        0.617060018482         0.618183655302         0.891960130907
        0.617600509055         0.615698193795         0.891875012002
        0.617615687638         0.614574453360         0.891839579655
        0.617116166209         0.615412022215         0.891872336107
        0.616407306903         0.617657065408         0.891952097054
        0.615904873630         0.619961122066         0.892031432908
        0.615893574673         0.620983363580         0.892064602695
        0.616367409692         0.620163834359         0.892033694271
        0.617040501980         0.618025895289         0.891958164627
        0.617518030473         0.615846933226         0.891882771356
        0.617526029739         0.614901639273         0.891851278739
        0.617067364034         0.615722385213         0.891881257182
        0.616415752179         0.617802504273         0.891954377920
        0.615953725333         0.619906282358         0.892027516885
        0.615949692081         0.620797839442         0.892058007276
        0.616403120094         0.619962121193         0.892028360838
        0.617046533650         0.617900324669         0.891956230819
        0.617502218998         0.615831505447         0.891883977910
        0.617502458978         0.614976728688         0.891853961585
        0.617045744416         0.615843264392         0.891883873369
        0.616398428843         0.617925598937         0.891956380670
        0.615940434105         0.619998266472         0.892029101607
        0.615943794037         0.620832013671         0.892059207424
        0.616412238267         0.619917632252         0.892028465983
        0.617075710734         0.617774250173         0.891954184310
        0.617544854311         0.615657038190         0.891879539787
        0.617537717038         0.614827550118         0.891848661288
        0.617047670123         0.615807722706         0.891880739436
        0.616353418926         0.618055169936         0.891958235244
        0.615861864979         0.620259321033         0.892036344035
        0.615871651521         0.621098734109         0.892068668261
        0.616393597318         0.620025753518         0.892034510890
        0.617134802582         0.617616955259         0.891951883059
        0.617660979036         0.615269057633         0.891868187729
        0.617648054031         0.614397388336         0.891833297295
        0.617078833079         0.615591994979         0.891870160952
        0.616267054754         0.618228738967         0.891960065807
        0.615687145167         0.620785256998         0.892051800027
        0.615700582214         0.621707383190         0.892090411801
        0.616334574380         0.620339676603         0.892049625467
        0.617246090217         0.617371132036         0.891949067457
        0.617903031858         0.614503680621         0.891845353595
        0.617889079242         0.613493515474         0.891800760319
        0.617160603583         0.615095415396         0.891846517642
        0.616100947581         0.618532307197         0.891961956173
        0.615325319180         0.621844560893         0.892082869045
        0.615332086176         0.622978570780         0.892136313235
        0.616193503157         0.621025156509         0.892083432057
        0.617471522777         0.616880772238         0.891945772675
        0.618428707987         0.612883081311         0.891798208547
        0.618438396018         0.611538883880         0.891729603262
        0.617373295327         0.614011468912         0.891791221434
        0.615742575499         0.619245350104         0.891961855319
        0.614469478533         0.624325034854         0.892151758594
        0.614397021748         0.626005461456         0.892247320107
        0.615774708843         0.622655925230         0.892175201262
        0.618018347756         0.615521526159         0.891951222652
        0.619914057839         0.608458003188         0.891684158328
        0.620208820544         0.606059995456         0.891526887811
        0.618311149637         0.611006298656         0.891596319936
        0.614740144091         0.622000059474         0.891903680254
        0.611073159337         0.633545094656         0.892336213071
        0.609424480291         0.637979935706         0.892707586858
        0.611853983583         0.629077698515         0.892850485141
        0.620546520370         0.605751909413         0.892630806866
        0.637995135013         0.573987450731         0.891792123533
        0.741087819254         0.597544144438         0.882682237393
