        0.520248924028         0.620675380336         0.914231689300
        0.480413010480         0.160038447332         0.251551712908
        0.480355932711         0.622553654090         0.868662511819
        0.490081560123         0.158659315569         0.249848014839
        0.484254339544         0.627089656039         0.867416971210
        0.483384001189         0.157510581531         0.250413529169
        0.482602370534         0.634465413173         0.866103782358
        0.475804416395         0.155037340333         0.256638007429
        0.477690965105         0.644308393545         0.864143460740
        0.470283617257         0.152301321221         0.264244674585
        0.472596823568         0.652575791757         0.862415111064
        0.468212504370         0.150416672356         0.269704434589
        0.469538815284         0.656460809605         0.861541796727
        0.469445234448         0.149924424260         0.271293555036
        0.469362339143         0.655433159256         0.861668065209
        0.472575464171         0.150683710274         0.269301693199
        0.471491470412         0.651100913143         0.862490834946
        0.475693661480         0.152048761586         0.265511324941
        0.474425731450         0.646206287594         0.863463485357
        0.477272527299         0.153228561192         0.262163863820
        0.476556029970         0.643257094766         0.864074206260
        0.476781762345         0.153661617912         0.260879903399
        0.476921416725         0.643425752195         0.864072339328
        0.474783038349         0.153240299092         0.262004152953
        0.475574788360         0.646185721971         0.863547641695
        0.472511711728         0.152298625644         0.264622984632
        0.473428341179         0.649782283921         0.862841223957
        0.471188508033         0.151392813863         0.267176045586
        0.471701620372         0.652238836270         0.862346402215
        0.471412008791         0.150998313303         0.268313348523
        0.471273516514         0.652370346362         0.862304933059
        0.472917465553         0.151276922612         0.267560977742
        0.472263122036         0.650311632654         0.862698169461
        0.474789692308         0.152022135382         0.265484906380
        0.474029698443         0.647338089915         0.863279166459
        0.475989527135         0.152796042655         0.263311200462
        0.475562296926         0.645118637008         0.863719093934
        0.475906910741         0.153175345530         0.262233741271
        0.476036308162         0.644814884999         0.863785984534
        0.474656998438         0.152974221658         0.262783313529
        0.475241684932         0.646495698173         0.863462269150
        0.472980783685         0.152330569747         0.264580071475
        0.473667087032         0.649153422898         0.862943505411
        0.471820395265         0.151617405189         0.266579379074
        0.472210235311         0.651287367850         0.862524285117
        0.471804158101         0.151232931976         0.267661626726
        0.471679639665         0.651728402238         0.862435482795
        0.472915411864         0.151383968047         0.267242906933
        0.472356974834         0.650263331342         0.862720361603
        0.474515540333         0.151977598893         0.265581758509
        0.473851469091         0.647733272644         0.863214468551
        0.475701998113         0.152676518091         0.263624551950
        0.475319905959         0.645562454789         0.863638273383
        0.475805616592         0.153086215041         0.262478876114
        0.475931463095         0.644974822059         0.863751655952
        0.474759390500         0.152972558542         0.262801142982
        0.475326923490         0.646319682340         0.863486807262
        0.473140056169         0.152392475445         0.264429297102
        0.473824237653         0.648869701476         0.862987682944
        0.471857735800         0.151666500987         0.266461218046
        0.472255994366         0.651204762397         0.862533726854
        0.471656997985         0.151206021540         0.267742132232
        0.471519960615         0.651983343917         0.862387366257
        0.472696357324         0.151286203112         0.267503851551
        0.472079537565         0.650692156827         0.862646487765
        0.474437031766         0.151886747029         0.265811077149
        0.473684349744         0.647966737221         0.863182504392
        0.475912259033         0.152689578591         0.263563992602
        0.475472104077         0.645293216259         0.863701121476
        0.476246538297         0.153241288926         0.262036829442
        0.476414702714         0.644225793361         0.863898254799
        0.475154439841         0.153199905412         0.262181589990
        0.475885199399         0.645519480749         0.863631087832
        0.473146273182         0.152536324595         0.264064055012
        0.474045287698         0.648643362868         0.863011928102
        0.471309409301         0.151577745409         0.266749018292
        0.471830217990         0.651963636717         0.862368349541
        0.470751951958         0.150857721142         0.268731567269
        0.470506439757         0.653548560123         0.862080567631
        0.471980446580         0.150837743892         0.268727311970
        0.471000535214         0.652215968205         0.862372790795
        0.474538535973         0.151637953311         0.266429706293
        0.473333092336         0.648289066598         0.863165628821
        0.477124034448         0.152920955186         0.262826227100
        0.476464790251         0.643635325637         0.864074096289
        0.478174614710         0.154006128375         0.259856658902
        0.478678804824         0.640894114942         0.864568631805
        0.476675293475         0.154181835409         0.259511714154
        0.478366810988         0.642197057736         0.864236030770
        0.472812794464         0.153082291112         0.262756837524
        0.474879439022         0.647957150567         0.863023129504
        0.468155815244         0.150955887091         0.268775809372
        0.469054545001         0.656304299546         0.861348230754
        0.465272883009         0.148700059947         0.274885113917
        0.463200119010         0.663443451897         0.860029462737
        0.467052680973         0.147670410151         0.277087620518
        0.460759433690         0.664692650182         0.860080038045
        0.476300125493         0.149425435426         0.270628720335
        0.468849346118         0.655755736584         0.862458016734
        0.487699574206         0.153687947952         0.247622081768
        0.599550757618         0.649159294955         0.872889862276
