        0.555408206323         0.411923736634         0.928300264392
        0.580008935345         0.458497241717         0.895439613148
        0.591723186300         0.479842033390         0.889905947418
        0.596948729711         0.488266171901         0.888965160493
        0.599275743112         0.491730999344         0.888917717024
        0.600306921394         0.493187436698         0.889003429321
        0.600761689580         0.493805509851         0.889074288547
        0.600961520626         0.494068996887         0.889116084311
        0.601049106622         0.494181623629         0.889137949644
        0.601087430923         0.494229860769         0.889148730259
        0.601104181969         0.494250555075         0.889153867934
        0.601111498667         0.494259446660         0.889156264709
        0.601114693245         0.494263272393         0.889157367026
        0.601116087734         0.494264920589         0.889157868984
        0.601116696397         0.494265631508         0.889158095915
        0.601116962060         0.494265938485         0.889158197957
        0.601117078018         0.494266071170         0.889158243652
        0.601117128636         0.494266128574         0.889158264048
        0.601117150734         0.494266153429         0.889158273129
        0.601117160382         0.494266164199         0.889158277163
        0.601117164595         0.494266168869         0.889158278953
        0.601117166434         0.494266170895         0.889158279745
        0.601117167238         0.494266171775         0.889158280096
        0.601117167589         0.494266172157         0.889158280251
        0.601117167742         0.494266172324         0.889158280319
        0.601117167809         0.494266172396         0.889158280349
        0.601117167839         0.494266172427         0.889158280362
        0.601117167851         0.494266172441         0.889158280368
        0.601117167857         0.494266172447         0.889158280371
        0.601117167860         0.494266172450         0.889158280372
        0.601117167861         0.494266172451         0.889158280373
        0.601117167861         0.494266172451         0.889158280373
        0.601117167861         0.494266172451         0.889158280373
        0.601117167861         0.494266172451         0.889158280373
        0.601117167861         0.494266172451         0.889158280373
        0.601117167861         0.494266172452         0.889158280373
        0.601117167861         0.494266172451         0.889158280373
        0.601117167861         0.494266172451         0.889158280373
        0.601117167861         0.494266172451         0.889158280373
        0.601117167861         0.494266172451         0.889158280373
        0.601117167861         0.494266172451         0.889158280373
        0.601117167862         0.494266172452         0.889158280373
        0.601117167861         0.494266172452         0.889158280373
        0.601117167861         0.494266172452         0.889158280373
        0.601117167861         0.494266172451         0.889158280373
        0.601117167861         0.494266172451         0.889158280373
        0.601117167861         0.494266172451         0.889158280373
        0.601117167861         0.494266172451         0.889158280373
        0.601117167862         0.494266172451         0.889158280373
        0.601117167862         0.494266172452         0.889158280373
        0.601117167861         0.494266172451         0.889158280373
        0.601117167861         0.494266172451         0.889158280373
        0.601117167861         0.494266172452         0.889158280373
        0.601117167861         0.494266172452         0.889158280373
        0.601117167861         0.494266172451         0.889158280373
        0.601117167861         0.494266172451         0.889158280373
        0.601117167862         0.494266172451         0.889158280373
        0.601117167862         0.494266172451         0.889158280373
        0.601117167862         0.494266172452         0.889158280373
        0.601117167861         0.494266172452         0.889158280373
        0.601117167861         0.494266172451         0.889158280373
        0.601117167861         0.494266172451         0.889158280373
        0.601117167861         0.494266172451         0.889158280373
        0.601117167861         0.494266172451         0.889158280373
        0.601117167861         0.494266172452         0.889158280373
        0.601117167861         0.494266172451         0.889158280373
        0.601117167861         0.494266172451         0.889158280373
        0.601117167862         0.494266172451         0.889158280373
        0.601117167862         0.494266172452         0.889158280373
        0.601117167862         0.494266172452         0.889158280373
        0.601117167862         0.494266172452         0.889158280373
        0.601117167863         0.494266172452         0.889158280373
        0.601117167865         0.494266172453         0.889158280374
        0.601117167870         0.494266172455         0.889158280375
        0.601117167881         0.494266172459         0.889158280377
        0.601117167906         0.494266172470         0.889158280383
        0.601117167965         0.494266172494         0.889158280396
        0.601117168100         0.494266172549         0.889158280425
        0.601117168412         0.494266172678         0.889158280492
        0.601117169135         0.494266172978         0.889158280645
        0.601117170808         0.494266173676         0.889158280996
        0.601117174682         0.494266175302         0.889158281796
        0.601117183660         0.494266179090         0.889158283623
        0.601117204475         0.494266187931         0.889158287789
        0.601117252771         0.494266208590         0.889158297274
        0.601117364908         0.494266256932         0.889158318838
        0.601117625480         0.494266370231         0.889158367762
        0.601118231488         0.494266636240         0.889158478479
        0.601119642198         0.494267262061         0.889158728215
        0.601122929593         0.494268737802         0.889159289098
        0.601130599255         0.494272227135         0.889160541539
        0.601148516859         0.494280503977         0.889163316172
        0.601190439556         0.494300212694         0.889169394050
        0.601288701388         0.494347363296         0.889182483843
        0.601519479449         0.494460820968         0.889209914248
        0.602062690374         0.494735840972         0.889264666691
        0.603344240001         0.495408972235         0.889363554356
        0.606374415239         0.497080329372         0.889500178144
        0.613563863529         0.501346192309         0.889511424671
        0.630805003959         0.513035413764         0.888610757241
        0.680212267699         0.552374570202         0.880313369301
