        0.999852643896         0.999869390092         0.999969636811
        0.999848853400         0.999853260757         0.999956659757
        0.999942136010         0.999924664534         0.999967466174
        0.999948992912         0.999946499574         0.999977286419
        0.999949260457         0.999947475525         0.999977786467
        0.999949269423         0.999947509860         0.999977804294
        0.999949269710         0.999947510976         0.999977804875
        0.999949269719         0.999947511011         0.999977804894
        0.999949269719         0.999947511012         0.999977804894
        0.999949269719         0.999947511012         0.999977804894
        0.999949269719         0.999947511012         0.999977804894
        0.999949269719         0.999947511012         0.999977804894
        0.999949269719         0.999947511012         0.999977804894
        0.999949269719         0.999947511012         0.999977804894
        0.999949269719         0.999947511012         0.999977804894
        0.999949269719         0.999947511012         0.999977804894
        0.999949269719         0.999947511012         0.999977804894
        0.999949269719         0.999947511012         0.999977804894
        0.999949269719         0.999947511012         0.999977804894
        0.999949269719         0.999947511012         0.999977804894
        0.999949269719         0.999947511012         0.999977804894
        0.999949269719         0.999947511012         0.999977804894
        0.999949269719         0.999947511012         0.999977804894
        0.999949269719         0.999947511012         0.999977804894
        0.999949269719         0.999947511012         0.999977804894
        0.999949269719         0.999947511012         0.999977804894
        0.999949269719         0.999947511012         0.999977804894
        0.999949269719         0.999947511012         0.999977804894
        0.999949269719         0.999947511012         0.999977804894
        0.999949269719         0.999947511012         0.999977804894
        0.999949269719         0.999947511012         0.999977804894
        0.999949269719         0.999947511012         0.999977804894
        0.999949269719         0.999947511012         0.999977804894
        0.999949269719         0.999947511012         0.999977804894
        0.999949269719         0.999947511012         0.999977804894
        0.999949269719         0.999947511012         0.999977804894
        0.999949269719         0.999947511012         0.999977804894
        0.999949269719         0.999947511012         0.999977804894
        0.999949269719         0.999947511012         0.999977804894
        0.999949269719         0.999947511012         0.999977804894
        0.999949269719         0.999947511012         0.999977804894
        0.999949269719         0.999947511012         0.999977804894
        0.999949269719         0.999947511012         0.999977804894
        0.999949269719         0.999947511012         0.999977804894
        0.999949269719         0.999947511012         0.999977804894
        0.999949269719         0.999947511012         0.999977804894
        0.999949269719         0.999947511012         0.999977804894
        0.999949269719         0.999947511012         0.999977804894
        0.999949269719         0.999947511012         0.999977804894
        0.999949269719         0.999947511012         0.999977804894
        0.999949269719         0.999947511012         0.999977804894
        0.999949269719         0.999947511012         0.999977804894
        0.999949269719         0.999947511012         0.999977804894
        0.999949269719         0.999947511012         0.999977804894
        0.999949269719         0.999947511012         0.999977804894
        0.999949269719         0.999947511012         0.999977804894
        0.999949269719         0.999947511012         0.999977804894
        0.999949269719         0.999947511012         0.999977804894
        0.999949269719         0.999947511012         0.999977804894
        0.999949269719         0.999947511012         0.999977804894
        0.999949269719         0.999947511012         0.999977804894
        0.999949269719         0.999947511012         0.999977804894
        0.999949269719         0.999947511012         0.999977804894
        0.999949269719         0.999947511012         0.999977804894
        0.999949269719         0.999947511012         0.999977804894
        0.999949269719         0.999947511012         0.999977804894
        0.999949269719         0.999947511012         0.999977804894
        0.999949269719         0.999947511012         0.999977804894
        0.999949269719         0.999947511012         0.999977804894
        0.999949269719         0.999947511012         0.999977804894
        0.999949269719         0.999947511012         0.999977804894
        0.999949269719         0.999947511012         0.999977804894
        0.999949269719         0.999947511012         0.999977804894
        0.999949269719         0.999947511012         0.999977804894
        0.999949269719         0.999947511012         0.999977804894
        0.999949269719         0.999947511012         0.999977804894
        0.999949269719         0.999947511012         0.999977804894
        0.999949269719         0.999947511012         0.999977804894
        0.999949269719         0.999947511012         0.999977804894
        0.999949269719         0.999947511012         0.999977804894
        0.999949269719         0.999947511012         0.999977804894
        0.999949269719         0.999947511012         0.999977804894
        0.999949269719         0.999947511012         0.999977804894
        0.999949269719         0.999947511012         0.999977804894
        0.999949269719         0.999947511012         0.999977804894
        0.999949269719         0.999947511012         0.999977804894
        0.999949269719         0.999947511012         0.999977804894
        0.999949269719         0.999947511012         0.999977804894
        0.999949269719         0.999947511012         0.999977804894
        0.999949269719         0.999947511012         0.999977804894
        0.999949269719         0.999947511012         0.999977804894
        0.999949269719         0.999947511012         0.999977804894
        0.999949269717         0.999947511012         0.999977804894
        0.999949269660         0.999947511005         0.999977804890
        0.999949267862         0.999947510782         0.999977804774
        0.999949212986         0.999947503854         0.999977801163
        0.999947680754         0.999947297705         0.999977695452
        0.999915547926         0.999942050259         0.999975030573
        0.999871841764         0.999831988348         0.999952681652
        0.999895941354         0.999842597623         0.999958887617
