        0.526006756020         0.683935464039         0.909262145779
        0.480828621640         0.143669504051         0.332040097427
        0.459922828233         0.587489038927         0.803577140481
        0.499022351587         0.244988728496         0.486564571999
        0.454819788317         0.389359622015         0.616859488939
        0.490947715807         0.442861986471         0.662367122891
        0.462156895840         0.245619789724         0.451276879686
        0.482175949772         0.578043016471         0.776619985907
        0.470716990611         0.179192069387         0.361371154071
        0.478591741585         0.636797961588         0.828613091489
        0.476957882778         0.156352587199         0.323641016279
        0.478766872845         0.654322701020         0.848041708451
        0.481064991975         0.150269305163         0.308377371139
        0.480489045060         0.656671104501         0.854946375302
        0.483730069606         0.149278051966         0.300998236111
        0.482477884907         0.654972979241         0.857702344987
        0.485309231434         0.149499149861         0.296593754082
        0.484143276348         0.652982132686         0.859043095303
        0.485965795751         0.149795577129         0.293893389497
        0.485228629405         0.651827267314         0.859752458037
        0.485841107278         0.149852182773         0.292595477989
        0.485651197012         0.651769116129         0.860065591875
        0.485119016553         0.149609754966         0.292524636687
        0.485446636792         0.652721286021         0.860089644111
        0.484027569869         0.149112986759         0.293430060731
        0.484741202203         0.654412730784         0.859910660504
        0.482814401957         0.148460464369         0.294973313374
        0.483723926287         0.656471734607         0.859614245821
        0.481713670697         0.147773929724         0.296769330022
        0.482613602891         0.658499397228         0.859285267318
        0.480914271383         0.147170766198         0.298440314198
        0.481623093435         0.660139354321         0.859002280562
        0.480535534132         0.146742001497         0.299668893995
        0.480926057818         0.661134305006         0.858828921957
        0.480614180432         0.146539712204         0.300243119045
        0.480631419287         0.661360353616         0.858804038068
        0.481104213805         0.146573620597         0.300085626221
        0.480769441905         0.660836473691         0.858934644834
        0.481889508248         0.146814103240         0.299260144743
        0.481291118980         0.659711336714         0.859195316477
        0.482807036969         0.147199556584         0.297953151498
        0.482080407728         0.658231454097         0.859534577063
        0.483676933315         0.147647458930         0.296434512701
        0.482976994440         0.656695476039         0.859886223656
        0.484334429149         0.148068375665         0.295005148345
        0.483805739757         0.655401262138         0.860182684279
        0.484658399011         0.148381150196         0.293941340066
        0.484407951146         0.654593963167         0.860367806987
        0.484591881378         0.148526748232         0.293445076544
        0.484669327627         0.654423722915         0.860407059119
        0.484151268209         0.148478329571         0.293608508284
        0.484539973218         0.654920066583         0.860293617952
        0.483422762825         0.148245740272         0.294398129806
        0.484043178719         0.655987295412         0.860049497213
        0.482546770381         0.147873629035         0.295661144798
        0.483271514737         0.657421655103         0.859721598717
        0.481692855901         0.147433492632         0.297152858523
        0.482370857417         0.658947418243         0.859373371888
        0.481029448102         0.147010967926         0.298580498203
        0.481514948732         0.660265889027         0.859073479271
        0.480693339004         0.146690480599         0.299656131763
        0.480874655851         0.661109184101         0.858883360031
        0.480764094414         0.146539812765         0.300149803367
        0.480586994668         0.661289792844         0.858845779725
        0.481247733153         0.146597188894         0.299933869355
        0.480729075619         0.660737519895         0.858976315426
        0.482072576202         0.146863099878         0.299010838362
        0.481301399660         0.659517359956         0.859259273283
        0.483098238771         0.147298346670         0.297519586036
        0.482223492367         0.657824845879         0.859648840481
        0.484136641487         0.147828804988         0.295718231312
        0.483342938191         0.655958978672         0.860075443453
        0.484981981132         0.148356342740         0.293945688770
        0.484456764061         0.654276434566         0.860456449634
        0.485445133172         0.148774331332         0.292567362126
        0.485342152432         0.653133788955         0.860709642281
        0.485387198663         0.148985436742         0.291913059638
        0.485791950327         0.652826513439         0.860767432522
        0.484746994698         0.148918981295         0.292216556687
        0.485649632235         0.653534154454         0.860589627789
        0.483558246391         0.148545206322         0.293566041833
        0.484838425741         0.655280241148         0.860172788621
        0.481953991009         0.147884258648         0.295872895298
        0.483380267759         0.657913151708         0.859554766013
        0.480158128575         0.147008642221         0.298862954972
        0.481402094284         0.661110598807         0.858813880667
        0.478467129596         0.146039191794         0.302089715324
        0.479129669728         0.664405795508         0.858063360082
        0.477229153209         0.145136439058         0.304962415177
        0.476873073059         0.667227552084         0.857443215561
        0.476835743925         0.144492248981         0.306771432865
        0.475014910199         0.668937536258         0.857114471255
        0.477763476847         0.144334121328         0.306668913973
        0.474031086421         0.668825467417         0.857268194568
        0.480787397511         0.144983810652         0.303477688618
        0.474674642715         0.665931825638         0.858194813061
        0.487789307859         0.147168546289         0.294787174389
        0.480212956223         0.658141258024         0.860706872566
        0.498650993200         0.153456176465         0.271085362150
        0.584789433541         0.640381163318         0.870383691123
