        0.476656285458         0.119750848884         0.780335643442
        0.394421853587         0.137110288347         0.366875506455
        0.394461454310         0.125861392099         0.453581377297
        0.394128115760         0.130788852966         0.452390910044
        0.395369464261         0.130365256589         0.463685393339
        0.396304269996         0.130806074661         0.467322017766
        0.396927555559         0.130921010934         0.469820362567
        0.397280415091         0.131033131010         0.470943130097
        0.397468924098         0.131091664360         0.471522438732
        0.397563990983         0.131126898720         0.471790603731
        0.397610259346         0.131145513271         0.471917064773
        0.397632066525         0.131155288648         0.471974405039
        0.397642095311         0.131160170523         0.472000256711
        0.397646608717         0.131162554600         0.472011684957
        0.397648603910         0.131163685329         0.472016690424
        0.397649472332         0.131164210569         0.472018856509
        0.397649845460         0.131164449537         0.472019786480
        0.397650004066         0.131164556413         0.472020182714
        0.397650070917         0.131164603463         0.472020350652
        0.397650098917         0.131164623899         0.472020421537
        0.397650110598         0.131164632670         0.472020451386
        0.397650115463         0.131164636399         0.472020463941
        0.397650117489         0.131164637970         0.472020469223
        0.397650118334         0.131164638629         0.472020471448
        0.397650118688         0.131164638904         0.472020472387
        0.397650118837         0.131164639019         0.472020472784
        0.397650118900         0.131164639067         0.472020472953
        0.397650118927         0.131164639086         0.472020473024
        0.397650118938         0.131164639095         0.472020473055
        0.397650118943         0.131164639098         0.472020473068
        0.397650118945         0.131164639100         0.472020473073
        0.397650118946         0.131164639100         0.472020473075
        0.397650118946         0.131164639101         0.472020473076
        0.397650118947         0.131164639101         0.472020473077
        0.397650118947         0.131164639101         0.472020473077
        0.397650118947         0.131164639101         0.472020473077
        0.397650118947         0.131164639101         0.472020473077
        0.397650118947         0.131164639101         0.472020473077
        0.397650118947         0.131164639101         0.472020473077
        0.397650118947         0.131164639101         0.472020473077
        0.397650118947         0.131164639101         0.472020473077
        0.397650118947         0.131164639101         0.472020473077
        0.397650118947         0.131164639101         0.472020473077
        0.397650118947         0.131164639101         0.472020473077
        0.397650118947         0.131164639101         0.472020473077
        0.397650118947         0.131164639101         0.472020473077
        0.397650118947         0.131164639101         0.472020473077
        0.397650118947         0.131164639101         0.472020473077
        0.397650118947         0.131164639101         0.472020473077
        0.397650118947         0.131164639101         0.472020473077
        0.397650118947         0.131164639101         0.472020473077
        0.397650118947         0.131164639101         0.472020473077
        0.397650118947         0.131164639101         0.472020473077
        0.397650118947         0.131164639101         0.472020473077
        0.397650118947         0.131164639101         0.472020473077
        0.397650118947         0.131164639101         0.472020473077
        0.397650118947         0.131164639101         0.472020473077
        0.397650118947         0.131164639101         0.472020473077
        0.397650118947         0.131164639101         0.472020473077
        0.397650118947         0.131164639101         0.472020473077
        0.397650118947         0.131164639101         0.472020473077
        0.397650118947         0.131164639101         0.472020473077
        0.397650118947         0.131164639101         0.472020473077
        0.397650118947         0.131164639101         0.472020473077
        0.397650118947         0.131164639101         0.472020473077
        0.397650118947         0.131164639101         0.472020473077
        0.397650118947         0.131164639101         0.472020473077
        0.397650118947         0.131164639101         0.472020473077
        0.397650118947         0.131164639101         0.472020473077
        0.397650118947         0.131164639101         0.472020473077
        0.397650118947         0.131164639101         0.472020473077
        0.397650118947         0.131164639101         0.472020473077
        0.397650118946         0.131164639101         0.472020473077
        0.397650118946         0.131164639101         0.472020473078
        0.397650118946         0.131164639102         0.472020473079
        0.397650118946         0.131164639103         0.472020473080
        0.397650118949         0.131164639109         0.472020473084
        0.397650118965         0.131164639124         0.472020473095
        0.397650119027         0.131164639164         0.472020473132
        0.397650119230         0.131164639262         0.472020473245
        0.397650119832         0.131164639487         0.472020473580
        0.397650121490         0.131164639963         0.472020474523
        0.397650125744         0.131164640845         0.472020477033
        0.397650135923         0.131164642105         0.472020483362
        0.397650158370         0.131164642597         0.472020498359
        0.397650202566         0.131164636832         0.472020531286
        0.397650273588         0.131164605128         0.472020596184
        0.397650333381         0.131164485845         0.472020701265
        0.397650156481         0.131164101575         0.472020794061
        0.397648863409         0.131162974775         0.472020550938
        0.397643532325         0.131159887516         0.472018701349
        0.397625323673         0.131151912050         0.472010936872
        0.397569146210         0.131132365707         0.471984204609
        0.397407440296         0.131087283750         0.471900274135
        0.396965691618         0.130989650831         0.471656769944
        0.395813164487         0.130800061527         0.470972015847
        0.392924419360         0.130481444686         0.469169270585
        0.385931534667         0.130198872462         0.464368152758
        0.370785797458         0.130767137835         0.452722739136
        0.333813906642         0.129296719079         0.418900243856
