        0.457687816578         0.130608951466         0.795838297182
        0.328798894397         0.222219335682         0.185268938129
        0.355260565062         0.125634286413         0.458656716153
        0.355077406126         0.176292071672         0.308372194985
        0.355834228481         0.142934261430         0.367045802038
        0.357715129864         0.154178997603         0.327193999075
        0.354743720430         0.149456782917         0.343432395428
        0.354164238218         0.153931041766         0.347473797578
        0.353457566174         0.155403508051         0.355296470798
        0.354379865494         0.155469501479         0.355464437267
        0.355462710033         0.153880997685         0.349596300419
        0.356130775643         0.151886129304         0.343163057947
        0.355903556304         0.151180060917         0.340475973013
        0.355056014281         0.152020686285         0.343428748105
        0.354263891362         0.153704718980         0.349129903801
        0.354083688327         0.154887713216         0.353198756100
        0.354593659368         0.154753900097         0.352755258956
        0.355365595980         0.153506856031         0.348499002060
        0.355820327073         0.152153296371         0.343864363851
        0.355650071853         0.151702898455         0.342307156324
        0.355021940266         0.152428253282         0.344773980381
        0.354424797883         0.153716664210         0.349175466236
        0.354294552473         0.154577116550         0.352123362949
        0.354700365176         0.154394066437         0.351506275984
        0.355314683621         0.153360116679         0.347975055163
        0.355673645377         0.152289985865         0.344312172397
        0.355523903989         0.151985136133         0.343261366126
        0.354999046309         0.152639388913         0.345491399337
        0.354504240055         0.153722217308         0.349192099659
        0.354406035899         0.154404678459         0.351528943121
        0.354762897447         0.154189543024         0.350798339689
        0.355293103752         0.153270107387         0.347656966139
        0.355595275060         0.152361368777         0.344547783603
        0.355450388183         0.152147547884         0.343812126629
        0.354979363887         0.152770077561         0.345936869094
        0.354543591399         0.153736978990         0.349241909006
        0.354469135868         0.154309407293         0.351200933285
        0.354803992060         0.154063481781         0.350362812686
        0.355288206597         0.153202302705         0.347419711518
        0.355554612528         0.152389885071         0.344641056534
        0.355406021751         0.152241473661         0.344131427026
        0.354960502932         0.152859663434         0.346243216382
        0.354558156140         0.153764621677         0.349336729222
        0.354502532645         0.154265031841         0.351048278255
        0.354832521455         0.153984156799         0.350089090661
        0.355295451181         0.153142282696         0.347211437959
        0.355539799273         0.152384702171         0.344621243842
        0.355381128337         0.152288941378         0.344293438570
        0.354940792807         0.152926105435         0.346471468295
        0.354553455567         0.153808342462         0.349487339068
        0.354513653735         0.154261066018         0.351034699418
        0.354852661989         0.153936899254         0.349926174738
        0.355314059539         0.153081211077         0.347000928555
        0.355546975687         0.152347070328         0.344491873666
        0.355371916286         0.152298642047         0.344327619184
        0.354918513030         0.152979245348         0.346655402318
        0.354529911753         0.153873573057         0.349712503301
        0.354504073211         0.154296333634         0.351156145789
        0.354866299500         0.153915266629         0.349851730196
        0.355345880834         0.153010963894         0.346760033120
        0.355577544702         0.152271387304         0.344233666157
        0.355378429583         0.152270724260         0.344234777358
        0.354891476248         0.153025646563         0.346818080852
        0.354483519984         0.153970314804         0.350047041232
        0.354470289479         0.154378293238         0.351438459067
        0.354873523040         0.153918273995         0.349862429474
        0.355395911807         0.152920673689         0.346451624030
        0.355638986305         0.152142522748         0.343795325215
        0.355405187482         0.152196301866         0.343985626692
        0.354856490422         0.153071129851         0.346981002516
        0.354403669878         0.154118028699         0.350559055769
        0.354400956090         0.154527560342         0.351953164702
        0.354871577588         0.153950827430         0.349975564763
        0.355474825031         0.152791041766         0.346010303260
        0.355750300335         0.151926278883         0.343061461290
        0.355465837368         0.152050587194         0.343498519883
        0.354808585151         0.153123395053         0.347174871760
        0.354265235918         0.154358877101         0.351397073963
        0.354265885910         0.154793817914         0.352873218686
        0.354849439431         0.154028603766         0.350246514492
        0.355606604079         0.152578652475         0.345289768028
        0.355961682715         0.151538261898         0.341748578699
        0.355602254792         0.151767757446         0.342558927908
        0.354741224439         0.153198347215         0.347469199421
        0.353999401008         0.154802958833         0.352953477172
        0.353969314724         0.155313898800         0.354678446369
        0.354757619368         0.154197379815         0.350836257974
        0.355855865797         0.152151540290         0.343854772191
        0.356448148386         0.150714475834         0.338959671250
        0.355993365891         0.151121488406         0.340484184964
        0.354677940191         0.153360008338         0.348105201555
        0.353305380283         0.155843114551         0.356746295265
        0.353067585557         0.156620123733         0.359256220718
        0.354073097956         0.154697426643         0.352185293270
        0.356727017892         0.150530255963         0.340129122603
        0.358137569549         0.148829358002         0.327795718223
        0.359070595984         0.146634334980         0.338624186340
        0.355232707197         0.158563595633         0.340920238334
        0.347028930083         0.152208212570         0.398415290086
        0.333538925984         0.181499293659         0.348183564417
        0.343767509091         0.141638828321         0.439111325590
