        0.466558441973         0.109625587261         0.757583655396
        0.386730897477         0.164193794246         0.341389660702
        0.393260163099         0.136085592435         0.474473727877
        0.390840497302         0.148788333576         0.438293459679
        0.392527374836         0.144762091181         0.459761356651
        0.392896491650         0.146721967937         0.455870029762
        0.393399570097         0.146232360851         0.459540454787
        0.393562393010         0.146569948507         0.459154567354
        0.393675117432         0.146524294304         0.459762814977
        0.393711905053         0.146585932391         0.459723659994
        0.393732033924         0.146583949117         0.459817344768
        0.393738031660         0.146594806827         0.459810680615
        0.393740832387         0.146594988411         0.459823057401
        0.393741448015         0.146596638992         0.459820681778
        0.393741645658         0.146596571830         0.459821428910
        0.393741581677         0.146596701090         0.459820218928
        0.393741499635         0.146596585100         0.459819642397
        0.393741406389         0.146596514633         0.459818895961
        0.393741328060         0.146596422712         0.459818334784
        0.393741260052         0.146596349934         0.459817820532
        0.393741203134         0.146596283989         0.459817393358
        0.393741154769         0.146596229090         0.459817023401
        0.393741113841         0.146596182014         0.459816709280
        0.393741079058         0.146596142292         0.459816440451
        0.393741049524         0.146596108560         0.459816211509
        0.393741024437         0.146596080015         0.459816016408
        0.393741003146         0.146596055839         0.459815850476
        0.393740985089         0.146596035388         0.459815709472
        0.393740969789         0.146596018095         0.459815589814
        0.393740956837         0.146596003488         0.459815488386
        0.393740945884         0.146595991157         0.459815402513
        0.393740936631         0.146595980759         0.459815329896
        0.393740928822         0.146595971997         0.459815268560
        0.393740922241         0.146595964622         0.459815216816
        0.393740916699         0.146595958421         0.459815173221
        0.393740912041         0.146595953213         0.459815136542
        0.393740908131         0.146595948846         0.459815105730
        0.393740904856         0.146595945190         0.459815079895
        0.393740902119         0.146595942135         0.459815058281
        0.393740899840         0.146595939590         0.459815040251
        0.393740897950         0.146595937477         0.459815025267
        0.393740896393         0.146595935732         0.459815012880
        0.393740895121         0.146595934302         0.459815002714
        0.393740894095         0.146595933141         0.459814994460
        0.393740893284         0.146595932214         0.459814987864
        0.393740892663         0.146595931492         0.459814982722
        0.393740892213         0.146595930952         0.459814978876
        0.393740891920         0.146595930577         0.459814976206
        0.393740891774         0.146595930356         0.459814974628
        0.393740891771         0.146595930281         0.459814974094
        0.393740891911         0.146595930350         0.459814974586
        0.393740892199         0.146595930565         0.459814976122
        0.393740892643         0.146595930934         0.459814978749
        0.393740893258         0.146595931467         0.459814982550
        0.393740894063         0.146595932182         0.459814987644
        0.393740895082         0.146595933102         0.459814994191
        0.393740896348         0.146595934255         0.459815002393
        0.393740897898         0.146595935677         0.459815012505
        0.393740899781         0.146595937414         0.459815024837
        0.393740902054         0.146595939518         0.459815039765
        0.393740904785         0.146595942054         0.459815057740
        0.393740908055         0.146595945100         0.459815079303
        0.393740911962         0.146595948748         0.459815105095
        0.393740916619         0.146595953108         0.459815135876
        0.393740922164         0.146595958310         0.459815172545
        0.393740928755         0.146595964509         0.459815216159
        0.393740936580         0.146595971886         0.459815267966
        0.393740945860         0.146595980657         0.459815329425
        0.393740956854         0.146595991074         0.459815402250
        0.393740969865         0.146596003435         0.459815488445
        0.393740985250         0.146596018090         0.459815590348
        0.393741003422         0.146596035452         0.459815710685
        0.393741024868         0.146596056002         0.459815852626
        0.393741050153         0.146596080308         0.459816019855
        0.393741079936         0.146596109035         0.459816216637
        0.393741114987         0.146596142962         0.459816447919
        0.393741156204         0.146596183014         0.459816719378
        0.393741204628         0.146596230253         0.459817037659
        0.393741261522         0.146596286011         0.459817410158
        0.393741328344         0.146596351709         0.459817846083
        0.393741407179         0.146596429552         0.459818354362
        0.393741500445         0.146596521096         0.459818950098
        0.393741613478         0.146596631472         0.459819639684
        0.393741751601         0.146596758857         0.459820463004
        0.393741934440         0.146596920926         0.459821390849
        0.393742166871         0.146597079581         0.459822602098
        0.393742509047         0.146597309544         0.459823775684
        0.393742812984         0.146597274516         0.459825905578
        0.393743030908         0.146597333805         0.459826415064
        0.393741089872         0.146594999556         0.459831067646
        0.393734290675         0.146592450878         0.459820473127
        0.393703990181         0.146573166449         0.459828953828
        0.393624450939         0.146554254782         0.459717367568
        0.393362928647         0.146434473922         0.459701902686
        0.392762535434         0.146363344130         0.458830024044
        0.391035417547         0.145743662255         0.458569647344
        0.387646891038         0.145882236654         0.452648663737
        0.378780839637         0.142958738031         0.451726360349
        0.364542466148         0.148729524953         0.414660386456
        0.357884638023         0.135171108390         0.431758963950
