        0.465133868745         0.111813372006         0.757908999449
        0.377821874979         0.172293113128         0.312090231006
        0.386520486382         0.135581207363         0.461224074968
        0.383700528323         0.151651166678         0.409486261609
        0.385146440821         0.144601945195         0.429153675698
        0.385086543989         0.146321293933         0.415193366542
        0.385044216980         0.144334594054         0.412280706510
        0.384730201439         0.143845903626         0.405030254155
        0.384423821733         0.143004083816         0.400898288207
        0.384171485173         0.142633860504         0.397870549573
        0.384021167366         0.142467930250         0.396987394612
        0.383978036517         0.142589029953         0.397744370792
        0.384027465151         0.142904482042         0.399886015726
        0.384143520383         0.143352756242         0.402868231570
        0.384294424073         0.143846364789         0.406152459752
        0.384449099464         0.144307400913         0.409208697574
        0.384580864688         0.144669580193         0.411604192795
        0.384670688396         0.144888192993         0.413044039774
        0.384708671902         0.144943404535         0.413399730200
        0.384694302560         0.144840963198         0.412711386907
        0.384635363676         0.144609201212         0.411168214219
        0.384545852713         0.144293268299         0.409070158339
        0.384443236288         0.143947450035         0.406777077694
        0.384345478385         0.143626723919         0.404652930239
        0.384268261302         0.143378745905         0.403012823621
        0.384222771577         0.143237345301         0.402080077693
        0.384214320867         0.143218357294         0.401958760117
        0.384241941432         0.143318262693         0.402624802287
        0.384298951679         0.143515696394         0.403936088142
        0.384374350456         0.143775481866         0.405659238755
        0.384454787391         0.144054507024         0.407508552210
        0.384526785435         0.144308521526         0.409191006764
        0.384578869891         0.144498836872         0.410450588431
        0.384603287180         0.144597958415         0.411105525385
        0.384597070904         0.144593361878         0.411073229319
        0.384562319992         0.144488917388         0.410379665317
        0.384505677123         0.144303818049         0.409152212186
        0.384437116462         0.144069236667         0.407597497329
        0.384368250217         0.143823261153         0.405967850490
        0.384310429605         0.143604900377         0.404521615577
        0.384272938780         0.143448074384         0.403483367794
        0.384261558189         0.143376489616         0.403009996335
        0.384277711065         0.143400154558         0.403167652034
        0.384318313518         0.143514036456         0.403922872951
        0.384376339194         0.143699033831         0.405149042581
        0.384442000019         0.143925091002         0.406647027640
        0.384504351281         0.144155961415         0.408176727445
        0.384553065882         0.144354883144         0.409494656410
        0.384580098392         0.144490298008         0.410391809577
        0.384580978058         0.144540744149         0.410726052174
        0.384555528428         0.144498180049         0.410444123766
        0.384507900713         0.144369236431         0.409589925871
        0.384445914954         0.144174205634         0.408297833510
        0.384379810944         0.143943919503         0.406772029605
        0.384320603248         0.143714986090         0.405254973143
        0.384278297399         0.143524105298         0.403989765286
        0.384260247754         0.143402326602         0.403182125685
        0.384269918126         0.143370126598         0.402967789514
        0.384306246689         0.143434067216         0.403390363932
        0.384363725772         0.143585563572         0.404393148646
        0.384433198067         0.143801977109         0.405826351172
        0.384503259641         0.144049900847         0.407468817577
        0.384562063412         0.144290170760         0.409061195515
        0.384599249075         0.144483869944         0.410345676558
        0.384607697803         0.144598430505         0.411106395005
        0.384584827566         0.144612907005         0.411204354807
        0.384533206613         0.144521600652         0.410601453965
        0.384460360580         0.144335441883         0.409369685477
        0.384377769385         0.144080858839         0.407683707845
        0.384299175909         0.143796226020         0.405797401048
        0.384238440554         0.143526349111         0.404007414380
        0.384207256510         0.143315746660         0.402608728247
        0.384213076892         0.143201692138         0.401848596915
        0.384257589871         0.143208049201         0.401885703414
        0.384336012240         0.143340855119         0.402760849326
        0.384437363667         0.143586388998         0.404384062777
        0.384545747249         0.143912129258         0.406540812944
        0.384642515488         0.144270602693         0.408917357305
        0.384709064206         0.144605709960         0.411142484544
        0.384729889724         0.144860738808         0.412840441122
        0.384695481847         0.144986999956         0.413688005981
        0.384604620098         0.144951884122         0.413467775582
        0.384465690445         0.144745164750         0.412109897366
        0.384296759161         0.144382553617         0.409715751478
        0.384124270566         0.143905875634         0.406559194144
        0.383980473827         0.143379546990         0.403064116607
        0.383899724021         0.142883909279         0.399759114475
        0.383914223258         0.142505135634         0.397216819200
        0.384049272240         0.142325793887         0.395976013404
        0.384318632122         0.142408331576         0.396482703496
        0.384720104087         0.142798481647         0.398978522643
        0.385224405967         0.143477224245         0.403572480138
        0.385775287900         0.144457906179         0.409863538376
        0.386204708866         0.145504465640         0.417823463070
        0.386314768233         0.146833533564         0.425376075358
        0.385236807324         0.147315261232         0.434363845980
        0.382528281875         0.149020958846         0.434986969103
        0.374027964248         0.145919699565         0.442830547078
        0.360541238983         0.153710265058         0.405132261771
        0.356669668107         0.136537137685         0.432023250482
