        0.525488105075         0.321634838741         0.850002069764
        0.495361424021         0.391784413414         0.827454159828
        0.468975642327         0.412443829237         0.821473843232
        0.457000661896         0.410086104327         0.810276450404
        0.452613367826         0.406447465580         0.803548059249
        0.451041138017         0.404957522721         0.800934423309
        0.450440860152         0.404503540328         0.800056824826
        0.450197098721         0.404361367506         0.799751051696
        0.450094950561         0.404308536022         0.799634216490
        0.450051871884         0.404286194685         0.799586662836
        0.450033837048         0.404276282395         0.799566775552
        0.450026361724         0.404271909422         0.799558442368
        0.450023281169         0.404270034101         0.799554989580
        0.450022012399         0.404269250541         0.799553575663
        0.450021488620         0.404268926996         0.799552999562
        0.450021271798         0.404268793368         0.799552764534
        0.450021181847         0.404268737858         0.799552668267
        0.450021144483         0.404268714706         0.799552628721
        0.450021128952         0.404268705036         0.799552612438
        0.450021122492         0.404268700992         0.799552605728
        0.450021119802         0.404268699301         0.799552602961
        0.450021118680         0.404268698594         0.799552601820
        0.450021118211         0.404268698298         0.799552601349
        0.450021118015         0.404268698173         0.799552601154
        0.450021117933         0.404268698121         0.799552601072
        0.450021117899         0.404268698099         0.799552601039
        0.450021117885         0.404268698089         0.799552601025
        0.450021117879         0.404268698085         0.799552601019
        0.450021117876         0.404268698084         0.799552601017
        0.450021117875         0.404268698083         0.799552601016
        0.450021117875         0.404268698083         0.799552601015
        0.450021117875         0.404268698083         0.799552601015
        0.450021117875         0.404268698083         0.799552601015
        0.450021117875         0.404268698083         0.799552601015
        0.450021117874         0.404268698082         0.799552601015
        0.450021117875         0.404268698082         0.799552601015
        0.450021117875         0.404268698083         0.799552601015
        0.450021117875         0.404268698082         0.799552601015
        0.450021117875         0.404268698082         0.799552601015
        0.450021117874         0.404268698082         0.799552601015
        0.450021117874         0.404268698082         0.799552601015
        0.450021117874         0.404268698082         0.799552601015
        0.450021117874         0.404268698082         0.799552601015
        0.450021117874         0.404268698082         0.799552601015
        0.450021117874         0.404268698082         0.799552601015
        0.450021117874         0.404268698082         0.799552601015
        0.450021117874         0.404268698082         0.799552601015
        0.450021117874         0.404268698082         0.799552601015
        0.450021117874         0.404268698082         0.799552601015
        0.450021117874         0.404268698082         0.799552601015
        0.450021117874         0.404268698082         0.799552601015
        0.450021117874         0.404268698082         0.799552601015
        0.450021117874         0.404268698082         0.799552601015
        0.450021117874         0.404268698082         0.799552601015
        0.450021117875         0.404268698082         0.799552601015
        0.450021117874         0.404268698082         0.799552601015
        0.450021117874         0.404268698082         0.799552601015
        0.450021117874         0.404268698082         0.799552601015
        0.450021117874         0.404268698082         0.799552601015
        0.450021117874         0.404268698082         0.799552601015
        0.450021117874         0.404268698082         0.799552601015
        0.450021117874         0.404268698082         0.799552601014
        0.450021117874         0.404268698082         0.799552601014
        0.450021117874         0.404268698082         0.799552601014
        0.450021117874         0.404268698082         0.799552601014
        0.450021117874         0.404268698082         0.799552601014
        0.450021117874         0.404268698082         0.799552601014
        0.450021117874         0.404268698082         0.799552601014
        0.450021117874         0.404268698082         0.799552601014
        0.450021117874         0.404268698082         0.799552601014
        0.450021117874         0.404268698082         0.799552601014
        0.450021117873         0.404268698082         0.799552601014
        0.450021117872         0.404268698081         0.799552601013
        0.450021117868         0.404268698080         0.799552601011
        0.450021117858         0.404268698078         0.799552601007
        0.450021117837         0.404268698073         0.799552600997
        0.450021117785         0.404268698061         0.799552600974
        0.450021117662         0.404268698032         0.799552600918
        0.450021117372         0.404268697966         0.799552600783
        0.450021116685         0.404268697810         0.799552600462
        0.450021115058         0.404268697448         0.799552599697
        0.450021111207         0.404268696603         0.799552597872
        0.450021102104         0.404268694641         0.799552593518
        0.450021080604         0.404268690097         0.799552583142
        0.450021029830         0.404268679572         0.799552558382
        0.450020909852         0.404268655147         0.799552499162
        0.450020626028         0.404268598371         0.799552357207
        0.450019953916         0.404268466491         0.799552016485
        0.450018362980         0.404268162636         0.799551199997
        0.450014609384         0.404267475616         0.799549253754
        0.450005810236         0.404265967048         0.799544649830
        0.449985338978         0.404262751786         0.799533810049
        0.449937831879         0.404255875189         0.799508054602
        0.449826210015         0.404239891943         0.799444862630
        0.449555807194         0.404198170411         0.799283423836
        0.448881716548         0.404089710115         0.798867020745
        0.447212969824         0.403852416430         0.797830804759
        0.443301152268         0.403492801176         0.795396309671
        0.435066081772         0.403827865334         0.790326025183
        0.422360199049         0.412360738360         0.784306946516
        0.429450151371         0.468906636231         0.796761053101
