        0.461008528769         0.109824444570         0.742776566413
        0.368689991129         0.177934022382         0.288678519602
        0.378601782721         0.134104630497         0.441519905350
        0.376613366008         0.152267990789         0.378117144681
        0.377912717132         0.142702435100         0.394516974706
        0.378186517151         0.144404336137         0.377092644501
        0.378019265880         0.142311077170         0.375483660487
        0.377729925346         0.142603580652         0.373287443400
        0.377378909468         0.142963440137         0.376605683879
        0.377156785686         0.143911891326         0.381680058279
        0.377066268116         0.144844514202         0.387232124121
        0.377115965162         0.145537166649         0.391253286977
        0.377257255120         0.145781941413         0.392706709453
        0.377436565174         0.145557450469         0.391418009806
        0.377597769008         0.144984146873         0.388089685282
        0.377699648561         0.144278271966         0.383981860610
        0.377722122765         0.143676456712         0.380471713718
        0.377668934883         0.143360950421         0.378624085662
        0.377563806051         0.143408807795         0.378890240106
        0.377442137001         0.143776514886         0.381019963532
        0.377340381763         0.144322950382         0.384193769161
        0.377286031364         0.144860485883         0.387320515202
        0.377290793933         0.145216938167         0.389397804200
        0.377348566307         0.145288652337         0.389821108931
        0.377438437138         0.145068988791         0.388549870129
        0.377531611971         0.144644844700         0.386087749728
        0.377600155573         0.144164034688         0.383293333365
        0.377625030721         0.143785179255         0.381088903769
        0.377601186845         0.143626612679         0.380163251731
        0.377538352057         0.143730390061         0.380762090189
        0.377457461416         0.144052075658         0.382628312821
        0.377383932022         0.144478481747         0.385104820583
        0.377339882031         0.144866658341         0.387361013570
        0.377337627038         0.145090986537         0.388666518048
        0.377376329171         0.145083128472         0.388623502379
        0.377442687531         0.144852342371         0.387284951645
        0.377515347550         0.144480267909         0.385124595785
        0.377571620198         0.144092553314         0.382872206560
        0.377594444699         0.143817000422         0.381270437150
        0.377577488266         0.143741975013         0.380833081144
        0.377526867940         0.143888449052         0.381682469588
        0.377459027124         0.144204411680         0.383516844030
        0.377395479692         0.144583051141         0.385715901667
        0.377356080077         0.144898450664         0.387548164039
        0.377352900117         0.145047004693         0.388411626120
        0.377386576548         0.144981080764         0.388029377001
        0.377446218487         0.144724108590         0.386537326121
        0.377512873767         0.144362371907         0.384436574254
        0.377565471126         0.144016334061         0.382426857213
        0.377587401647         0.143800924236         0.381175816268
        0.377571705304         0.143787744512         0.381099400153
        0.377523254967         0.143981504907         0.382224932735
        0.377457256973         0.144318368189         0.384181505534
        0.377394528431         0.144686776607         0.386321018688
        0.377355009081         0.144964028145         0.387930724283
        0.377351510047         0.145056725734         0.388468234183
        0.377385631530         0.144931902100         0.387742305162
        0.377447125218         0.144628564286         0.385979831703
        0.377516934326         0.144245681599         0.383755971259
        0.377573021918         0.143910265228         0.381808617909
        0.377597228558         0.143735719334         0.380796384636
        0.377581051365         0.143783966066         0.381078566348
        0.377528530250         0.144043840933         0.382589713082
        0.377455289840         0.144433172250         0.384851886375
        0.377383957750         0.144824369513         0.387123531975
        0.377337297885         0.145085661067         0.388639218584
        0.377331115719         0.145124827107         0.388863743684
        0.377369096895         0.144921129538         0.387677513561
        0.377441203832         0.144534603205         0.385430284310
        0.377526230706         0.144088936510         0.382841416872
        0.377597889213         0.143732659394         0.380774122256
        0.377632712543         0.143590592163         0.379953207582
        0.377617449074         0.143721128083         0.380716872024
        0.377553681989         0.144093634747         0.382885612176
        0.377458167848         0.144594291891         0.385796563324
        0.377358621638         0.145059775100         0.388499736837
        0.377286011380         0.145329099731         0.390059686182
        0.377265461413         0.145297575777         0.389869176209
        0.377308313848         0.144955339212         0.387872912573
        0.377407660559         0.144396986786         0.384623105644
        0.377538803753         0.143797397066         0.381138393254
        0.377664830350         0.143359385338         0.378599015448
        0.377746088092         0.143248221463         0.377965623035
        0.377751201732         0.143533237719         0.379639488430
        0.377666738957         0.144155948948         0.383277081124
        0.377502922592         0.144937046865         0.387831465064
        0.377293943088         0.145623417523         0.391826157143
        0.377092563651         0.145963572750         0.393795435075
        0.376960930272         0.145790615525         0.392766938303
        0.376957394892         0.145087987162         0.388642130417
        0.377126908318         0.144013360106         0.382356614851
        0.377481864719         0.142884187915         0.375717502939
        0.378007039941         0.142069156069         0.371078487513
        0.378612295277         0.141993910869         0.370416324808
        0.379157622405         0.142689697262         0.375614623832
        0.379336373456         0.144631720530         0.385141041652
        0.378425651075         0.146190504520         0.401115904398
        0.375804439273         0.150059488164         0.409735297741
        0.367586763741         0.147462174387         0.429222925540
        0.354365949633         0.158128651382         0.393923524888
        0.354069355943         0.137567453302         0.431784603679
