        0.558374731513         0.448565211793         0.928781741513
        0.573675173442         0.448136017927         0.895011447588
        0.588642394316         0.474942693871         0.889701218842
        0.595499872737         0.486097213533         0.888814304197
        0.598606178016         0.490766479067         0.888814281226
        0.600001893689         0.492760207820         0.888942169480
        0.600624193357         0.493617419376         0.889041456802
        0.600900004083         0.493986598650         0.889099533794
        0.601021728097         0.494145649243         0.889129918846
        0.601075291140         0.494214188143         0.889144928467
        0.601098813527         0.494243735610         0.889152097793
        0.601109129301         0.494256481307         0.889155450023
        0.601113649061         0.494261983297         0.889156995214
        0.601115628081         0.494264360217         0.889157700355
        0.601116494231         0.494265387888         0.889158019806
        0.601116873202         0.494265832547         0.889158163739
        0.601117038985         0.494266025093         0.889158228315
        0.601117111497         0.494266108527         0.889158257191
        0.601117143211         0.494266144704         0.889158270070
        0.601117157081         0.494266160401         0.889158275801
        0.601117163146         0.494266167215         0.889158278347
        0.601117165799         0.494266170175         0.889158279476
        0.601117166959         0.494266171461         0.889158279976
        0.601117167467         0.494266172021         0.889158280198
        0.601117167689         0.494266172264         0.889158280296
        0.601117167786         0.494266172370         0.889158280339
        0.601117167828         0.494266172416         0.889158280358
        0.601117167847         0.494266172436         0.889158280366
        0.601117167855         0.494266172445         0.889158280370
        0.601117167859         0.494266172449         0.889158280372
        0.601117167860         0.494266172450         0.889158280372
        0.601117167861         0.494266172451         0.889158280373
        0.601117167861         0.494266172451         0.889158280373
        0.601117167861         0.494266172451         0.889158280373
        0.601117167861         0.494266172451         0.889158280373
        0.601117167861         0.494266172451         0.889158280373
        0.601117167861         0.494266172452         0.889158280373
        0.601117167861         0.494266172451         0.889158280373
        0.601117167861         0.494266172451         0.889158280373
        0.601117167861         0.494266172451         0.889158280373
        0.601117167861         0.494266172452         0.889158280373
        0.601117167861         0.494266172451         0.889158280373
        0.601117167861         0.494266172451         0.889158280373
        0.601117167861         0.494266172451         0.889158280373
        0.601117167861         0.494266172451         0.889158280373
        0.601117167861         0.494266172451         0.889158280373
        0.601117167862         0.494266172451         0.889158280373
        0.601117167862         0.494266172451         0.889158280373
        0.601117167861         0.494266172451         0.889158280373
        0.601117167861         0.494266172452         0.889158280373
        0.601117167861         0.494266172452         0.889158280373
        0.601117167861         0.494266172451         0.889158280373
        0.601117167861         0.494266172451         0.889158280373
        0.601117167861         0.494266172451         0.889158280373
        0.601117167861         0.494266172451         0.889158280373
        0.601117167861         0.494266172451         0.889158280373
        0.601117167861         0.494266172452         0.889158280373
        0.601117167861         0.494266172452         0.889158280373
        0.601117167861         0.494266172451         0.889158280373
        0.601117167861         0.494266172451         0.889158280373
        0.601117167861         0.494266172451         0.889158280373
        0.601117167861         0.494266172451         0.889158280373
        0.601117167861         0.494266172451         0.889158280373
        0.601117167861         0.494266172451         0.889158280373
        0.601117167861         0.494266172451         0.889158280373
        0.601117167861         0.494266172452         0.889158280373
        0.601117167861         0.494266172452         0.889158280373
        0.601117167861         0.494266172452         0.889158280373
        0.601117167861         0.494266172452         0.889158280373
        0.601117167861         0.494266172451         0.889158280373
        0.601117167861         0.494266172451         0.889158280373
        0.601117167861         0.494266172451         0.889158280373
        0.601117167861         0.494266172451         0.889158280373
        0.601117167860         0.494266172450         0.889158280373
        0.601117167859         0.494266172448         0.889158280373
        0.601117167856         0.494266172443         0.889158280374
        0.601117167852         0.494266172433         0.889158280376
        0.601117167845         0.494266172411         0.889158280381
        0.601117167836         0.494266172363         0.889158280395
        0.601117167833         0.494266172258         0.889158280429
        0.601117167868         0.494266172032         0.889158280516
        0.601117168051         0.494266171548         0.889158280735
        0.601117168719         0.494266170522         0.889158281283
        0.601117170857         0.494266168374         0.889158282648
        0.601117177235         0.494266163952         0.889158286031
        0.601117195482         0.494266155062         0.889158294378
        0.601117246246         0.494266137798         0.889158314904
        0.601117384762         0.494266106068         0.889158365194
        0.601117757548         0.494266053259         0.889158487999
        0.601118751023         0.494265983399         0.889158786910
        0.601121380989         0.494265956514         0.889159512229
        0.601128314802         0.494266247416         0.889161266786
        0.601146562831         0.494267863061         0.889165495741
        0.601194599358         0.494274166816         0.889175634832
        0.601321300081         0.494295865424         0.889199711352
        0.601656465993         0.494366077128         0.889255743035
        0.602545046207         0.494585202151         0.889380359399
        0.604896207002         0.495254340522         0.889630727910
        0.611049791087         0.497321626304         0.890057638492
        0.626301028654         0.505002792085         0.891149854932
        0.699414649183         0.563538658787         0.882595191959
