        0.463936856183         0.114697917040         0.762072413535
        0.369371189978         0.180779717769         0.285784782296
        0.380759242079         0.134773552678         0.454085065805
        0.377950845372         0.155174788780         0.387050649350
        0.379645464020         0.144820475084         0.409559401750
        0.379767221098         0.147134122729         0.389705450060
        0.379711396753         0.144328639909         0.387135628542
        0.379461385314         0.144175375978         0.380773265600
        0.379181519289         0.143774327906         0.380401719602
        0.379001557076         0.144221767568         0.382250461960
        0.378920016342         0.144910622649         0.386517488137
        0.378941493658         0.145758458155         0.391391549741
        0.379025306528         0.146485571442         0.395664711683
        0.379136326132         0.146935620309         0.398288840660
        0.379238931832         0.147022041088         0.398794952623
        0.379310206709         0.146762272712         0.397278815116
        0.379339473312         0.146256862664         0.394328980576
        0.379328518830         0.145657923093         0.390834194887
        0.379288112403         0.145127377787         0.387738550474
        0.379233817995         0.144796161730         0.385805801948
        0.379181483462         0.144734467394         0.385444797059
        0.379143552110         0.144938825327         0.386635039811
        0.379126778363         0.145338260575         0.388962491741
        0.379131636402         0.145816647230         0.391750154156
        0.379153286137         0.146244858638         0.394245458986
        0.379183628421         0.146514221253         0.395815198353
        0.379213794590         0.146562959647         0.396099507113
        0.379236410810         0.146389448711         0.395088972403
        0.379247135593         0.146049632877         0.393109535627
        0.379245221867         0.145639996890         0.390723272254
        0.379233124925         0.145270995936         0.388573621162
        0.379215397800         0.145038032728         0.387216328574
        0.379197246430         0.144997415652         0.386979404335
        0.379183144813         0.145153215197         0.387886566343
        0.379175842623         0.145457987436         0.389661471250
        0.379175958385         0.145826730428         0.391809028920
        0.379182178270         0.146160103182         0.393750655775
        0.379191919721         0.146370696879         0.394977282065
        0.379202213562         0.146405537175         0.395180388284
        0.379210533531         0.146259125973         0.394327939978
        0.379215357330         0.145973875959         0.392666911606
        0.379216351996         0.145628081048         0.390653237057
        0.379214198989         0.145314758092         0.388828601650
        0.379210173265         0.145116984991         0.387676823513
        0.379205642305         0.145086180044         0.387497354503
        0.379201648995         0.145228925853         0.388328539923
        0.379198694364         0.145505670343         0.389940053334
        0.379196759398         0.145841531961         0.391895828795
        0.379195522156         0.146146299082         0.393670535301
        0.379194661519         0.146338350308         0.394788874765
        0.379194112929         0.146366233425         0.394951235066
        0.379194164462         0.146222271398         0.394112912209
        0.379195346612         0.145944644880         0.392496235958
        0.379198153072         0.145607395191         0.390532362788
        0.379202701507         0.145300932102         0.388747776895
        0.379208475830         0.145108112081         0.387624987465
        0.379214273305         0.145082134997         0.387473803534
        0.379218417036         0.145232078210         0.388347080543
        0.379219207200         0.145519944593         0.390023524858
        0.379215498220         0.145870133328         0.392062853240
        0.379207228986         0.146189006666         0.393919750719
        0.379195718368         0.146389556310         0.395087520450
        0.379183579696         0.146414765796         0.395234131142
        0.379174203100         0.146253498718         0.394294738010
        0.379170884165         0.145944578850         0.392495449168
        0.379175805364         0.145567720140         0.390300522564
        0.379189159956         0.145223365092         0.388294967424
        0.379208711644         0.145006436124         0.387031675580
        0.379229995983         0.144980729976         0.386882269173
        0.379247209418         0.145160715832         0.387931050632
        0.379254640514         0.145505778066         0.389941437963
        0.379248325753         0.145928864991         0.392406327024
        0.379227504438         0.146317817102         0.394672324740
        0.379195435192         0.146564282003         0.396108178496
        0.379159235003         0.146592952829         0.396275092620
        0.379128605572         0.146383485225         0.395054418501
        0.379113590633         0.145979010130         0.392697310270
        0.379121802098         0.145478336812         0.389779419955
        0.379155780726         0.145012993438         0.387067266508
        0.379211237419         0.144714201814         0.385325890576
        0.379276806232         0.144677741874         0.385114070651
        0.379335640163         0.144935661138         0.386619294137
        0.379368766919         0.145442595490         0.389577752210
        0.379359688179         0.146081233845         0.393305974269
        0.379299383674         0.146686963565         0.396844089705
        0.379190618648         0.147086849444         0.399182974012
        0.379050641392         0.147144361652         0.399524432530
        0.378910949946         0.146799194848         0.397512983996
        0.378814704851         0.146091615712         0.393381280112
        0.378808921825         0.145166698318         0.387962054782
        0.378938474894         0.144245838059         0.382578195270
        0.379227948867         0.143602983765         0.378735914529
        0.379679769071         0.143445674257         0.377964705752
        0.380236912080         0.144025047318         0.380968039842
        0.380755002185         0.145117898057         0.388695033427
        0.380994561542         0.147184772633         0.398469007916
        0.380093330994         0.148374423658         0.413079860806
        0.377656137822         0.151803575890         0.417993381673
        0.369292572146         0.148394152153         0.434543795561
        0.356386523495         0.158695603988         0.395431686892
        0.355335406960         0.137789129615         0.432829793411
