        0.471191068022         0.248456635167         0.906363215735
        0.156352380139         0.249465300690         0.026482966947
        0.274723233124         0.085554457136         0.517641333461
        0.268356077453         0.156220418186         0.131181319981
        0.238375744838         0.131418966458         0.297640452357
        0.269926749407         0.137776652976         0.248394300923
        0.253243543558         0.121317441042         0.238638363418
        0.252883197024         0.139009813612         0.263117550048
        0.262274999016         0.132000514958         0.249759482106
        0.254705653079         0.125256585963         0.244286283940
        0.253910581998         0.138951298248         0.261089753788
        0.262023772200         0.128905349075         0.247002288201
        0.253084896931         0.128801956345         0.248215873425
        0.256332813031         0.137741101682         0.259743273412
        0.260638768966         0.127244288996         0.244696340038
        0.252480930852         0.131802265413         0.252305217961
        0.258345972476         0.135841778113         0.256973444394
        0.258812504708         0.126776814182         0.244265642889
        0.252788514823         0.134125919636         0.255389924823
        0.259690861149         0.133539724075         0.253680160080
        0.256909918918         0.127414849598         0.245361223864
        0.253822337742         0.135514234065         0.257166374475
        0.260239183596         0.131288300826         0.250497989617
        0.255267140602         0.128869240154         0.247558492075
        0.255305569776         0.135871129235         0.257509234929
        0.259993019658         0.129494084790         0.247997735077
        0.254156418760         0.130745985110         0.250295970483
        0.256904738120         0.135279184086         0.256538978142
        0.259092468594         0.128444153402         0.246579974254
        0.253732895225         0.132617692310         0.252972797977
        0.258294086392         0.133979969433         0.254598168210
        0.257784680286         0.128262090069         0.246409396597
        0.254011814319         0.134100149933         0.255056081734
        0.259213860697         0.132322587899         0.252180420731
        0.256373952565         0.128895606358         0.247398581324
        0.254872963540         0.134919618891         0.256171923890
        0.259514452873         0.130693295296         0.249832327675
        0.255162389501         0.130136807846         0.249239627769
        0.256090407915         0.134957370202         0.256164821760
        0.259178747932         0.129440953685         0.248047531237
        0.254392589396         0.131670599119         0.251475929481
        0.257381147812         0.134263205644         0.255115130320
        0.258318958429         0.128812488593         0.247173735893
        0.254203320016         0.133141770149         0.253599059187
        0.258462983325         0.133036104487         0.253311984063
        0.257148987046         0.128910063910         0.247350698697
        0.254606489855         0.134227736060         0.255151640762
        0.259110380128         0.131576685150         0.251187236795
        0.255937937719         0.129677430968         0.248490862321
        0.255489497557         0.134702743483         0.255816649732
        0.259197726417         0.130221527114         0.249223308840
        0.254953952467         0.130917463787         0.250305602584
        0.256642062324         0.134481021827         0.255476640223
        0.258721910968         0.129272590270         0.247852949334
        0.254409387170         0.132337096199         0.252370926395
        0.257801893257         0.133630599990         0.254232262657
        0.257800157240         0.128935533433         0.247370678204
        0.254418062178         0.133610687848         0.254218799660
        0.258709969369         0.132355460031         0.252377080212
        0.256643788049         0.129278729123         0.247873509726
        0.254972947843         0.134449223713         0.255435592631
        0.259164443744         0.130950081422         0.250333864732
        0.255513209903         0.130220679965         0.249242758996
        0.255948616303         0.134661472551         0.255748153755
        0.259062549800         0.129735886946         0.248564896343
        0.254663043755         0.131548128393         0.251170442941
        0.257127905859         0.134194675785         0.255080724199
        0.258422259397         0.128992542692         0.247473976618
        0.254288291719         0.132961336544         0.253224780617
        0.258247484652         0.133146334410         0.253571594838
        0.257379343785         0.128897902496         0.247319805650
        0.254482309895         0.134137770209         0.254941516378
        0.259053317685         0.131744434805         0.251545978020
        0.256160178475         0.129488616153         0.248158492960
        0.255215139266         0.134801674244         0.255922841092
        0.259355154056         0.130299773183         0.249449709736
        0.255035237971         0.130649544486         0.249827449872
        0.256336838591         0.134785516784         0.255924459346
        0.259069407571         0.129139495571         0.247755752249
        0.254261854733         0.132135000264         0.251974800014
        0.257605688844         0.134070391136         0.254913825651
        0.258242042037         0.128534306299         0.246860778642
        0.254026875491         0.133619546203         0.254129517698
        0.258736232830         0.132796059037         0.253087772627
        0.257047180387         0.128631886972         0.246992148813
        0.254399928466         0.134772690190         0.255797340865
        0.259455647638         0.131234610233         0.250850861916
        0.255772889566         0.129409258437         0.248131325703
        0.255275105060         0.135346611612         0.256582621221
        0.259621455027         0.129723515236         0.248747112621
        0.254686139690         0.130667481165         0.249931921241
        0.256470048597         0.135218663840         0.256503040989
        0.259285605535         0.128721245989         0.246685837026
        0.253316924089         0.131583745897         0.253546203228
        0.260437687572         0.135467682222         0.251839232950
        0.250414838878         0.126375688969         0.252107604233
        0.271764558395         0.133919085321         0.250277790463
        0.228490513631         0.142304159719         0.237011621035
        0.290788723439         0.100420402514         0.328663420743
        0.222877594453         0.187648541412         0.116808972744
        0.287931956788         0.208941057319         0.585846923538
