        0.469723364258         0.115604337623         0.772280943568
        0.384938393467         0.164383604887         0.331063238126
        0.392422227038         0.135249713422         0.470910899546
        0.390229590116         0.148624556645         0.435955453028
        0.392215832015         0.144611272181         0.458778294489
        0.392742357102         0.146683096388         0.455383923409
        0.393338021637         0.146229013752         0.459375870967
        0.393546595264         0.146595635886         0.459115754244
        0.393682041294         0.146562222914         0.459793059800
        0.393729210857         0.146631332758         0.459781202400
        0.393754101770         0.146632658009         0.459889022005
        0.393762198532         0.146645346159         0.459888388050
        0.393765964087         0.146646394261         0.459904155459
        0.393767042827         0.146648543363         0.459903657293
        0.393767495540         0.146648761393         0.459905732225
        0.393767593155         0.146649085740         0.459905510693
        0.393767629152         0.146649111105         0.459905747756
        0.393767629464         0.146649152906         0.459905682085
        0.393767628797         0.146649152691         0.459905703008
        0.393767626408         0.146649156797         0.459905687002
        0.393767625349         0.146649155731         0.459905687359
        0.393767624612         0.146649155857         0.459905683691
        0.393767624294         0.146649155473         0.459905683098
        0.393767624109         0.146649155386         0.459905682199
        0.393767624022         0.146649155276         0.459905681905
        0.393767623971         0.146649155236         0.459905681647
        0.393767623943         0.146649155204         0.459905681526
        0.393767623926         0.146649155189         0.459905681440
        0.393767623916         0.146649155179         0.459905681392
        0.393767623910         0.146649155174         0.459905681360
        0.393767623906         0.146649155170         0.459905681341
        0.393767623904         0.146649155168         0.459905681330
        0.393767623902         0.146649155167         0.459905681322
        0.393767623902         0.146649155166         0.459905681318
        0.393767623901         0.146649155166         0.459905681315
        0.393767623901         0.146649155166         0.459905681314
        0.393767623900         0.146649155165         0.459905681312
        0.393767623900         0.146649155165         0.459905681312
        0.393767623900         0.146649155165         0.459905681312
        0.393767623900         0.146649155165         0.459905681311
        0.393767623900         0.146649155165         0.459905681311
        0.393767623900         0.146649155165         0.459905681311
        0.393767623900         0.146649155165         0.459905681311
        0.393767623900         0.146649155165         0.459905681311
        0.393767623900         0.146649155165         0.459905681311
        0.393767623900         0.146649155165         0.459905681311
        0.393767623900         0.146649155165         0.459905681311
        0.393767623900         0.146649155165         0.459905681311
        0.393767623900         0.146649155165         0.459905681311
        0.393767623900         0.146649155165         0.459905681311
        0.393767623900         0.146649155165         0.459905681311
        0.393767623900         0.146649155165         0.459905681311
        0.393767623900         0.146649155165         0.459905681311
        0.393767623900         0.146649155165         0.459905681311
        0.393767623900         0.146649155165         0.459905681311
        0.393767623900         0.146649155165         0.459905681311
        0.393767623900         0.146649155165         0.459905681311
        0.393767623900         0.146649155165         0.459905681311
        0.393767623900         0.146649155165         0.459905681311
        0.393767623900         0.146649155165         0.459905681311
        0.393767623900         0.146649155165         0.459905681312
        0.393767623900         0.146649155165         0.459905681311
        0.393767623900         0.146649155165         0.459905681312
        0.393767623901         0.146649155165         0.459905681312
        0.393767623901         0.146649155166         0.459905681313
        0.393767623901         0.146649155166         0.459905681315
        0.393767623902         0.146649155166         0.459905681317
        0.393767623903         0.146649155167         0.459905681321
        0.393767623905         0.146649155168         0.459905681327
        0.393767623909         0.146649155170         0.459905681338
        0.393767623915         0.146649155173         0.459905681354
        0.393767623923         0.146649155177         0.459905681382
        0.393767623938         0.146649155185         0.459905681426
        0.393767623960         0.146649155198         0.459905681498
        0.393767623996         0.146649155218         0.459905681610
        0.393767624051         0.146649155251         0.459905681798
        0.393767624140         0.146649155311         0.459905682078
        0.393767624280         0.146649155401         0.459905682581
        0.393767624544         0.146649155605         0.459905683255
        0.393767625023         0.146649155899         0.459905684749
        0.393767626205         0.146649156762         0.459905686385
        0.393767628718         0.146649157830         0.459905692041
        0.393767635760         0.146649161778         0.459905696407
        0.393767650581         0.146649164626         0.459905724013
        0.393767690136         0.146649180171         0.459905735118
        0.393767759401         0.146649170800         0.459905882232
        0.393767918029         0.146649202776         0.459905860566
        0.393768041863         0.146648963756         0.459906584254
        0.393768111051         0.146648777994         0.459905699721
        0.393766254346         0.146646338616         0.459908557119
        0.393759994201         0.146643582851         0.459897422008
        0.393731999869         0.146625140341         0.459903935520
        0.393657577553         0.146606188773         0.459800160227
        0.393411148104         0.146492539003         0.459783414089
        0.392836742826         0.146418454179         0.458974426473
        0.391179626133         0.145831791200         0.458703429598
        0.387858630463         0.145920785894         0.453171478547
        0.379168018609         0.143201540031         0.452009697307
        0.364797415005         0.148487054181         0.417283411861
        0.355598504888         0.135057884575         0.429855176094
