        0.549846463420         0.459597836353         0.918735294248
        0.440832872602         0.156688479302         0.603549438852
        0.419358780272         0.122390143243         0.518739159935
        0.407338402912         0.128622740801         0.519182797245
        0.403468583888         0.127606949295         0.511719423089
        0.401549863747         0.128649419095         0.511530273164
        0.400925983263         0.128706766121         0.510726370364
        0.400613529784         0.129007706907         0.510860635854
        0.400521294612         0.129067221723         0.510789188388
        0.400472245332         0.129153173768         0.510858339751
        0.400460529883         0.129175185424         0.510859992342
        0.400453358518         0.129198440020         0.510882990121
        0.400452414403         0.129205152823         0.510886536859
        0.400451508020         0.129211306618         0.510893228767
        0.400451615967         0.129213239252         0.510894666170
        0.400451543851         0.129214870057         0.510896518638
        0.400451630764         0.129215422228         0.510896991274
        0.400451640226         0.129215861202         0.510897497189
        0.400451672756         0.129216021140         0.510897643580
        0.400451680289         0.129216142069         0.510897782537
        0.400451690551         0.129216189396         0.510897827345
        0.400451693519         0.129216223579         0.510897866146
        0.400451696561         0.129216237883         0.510897879934
        0.400451697559         0.129216247797         0.510897891000
        0.400451698444         0.129216252207         0.510897895291
        0.400451698765         0.129216255147         0.510897898516
        0.400451699022         0.129216256525         0.510897899866
        0.400451699124         0.129216257414         0.510897900825
        0.400451699198         0.129216257846         0.510897901256
        0.400451699230         0.129216258119         0.510897901543
        0.400451699252         0.129216258255         0.510897901680
        0.400451699262         0.129216258339         0.510897901771
        0.400451699269         0.129216258383         0.510897901812
        0.400451699272         0.129216258409         0.510897901841
        0.400451699274         0.129216258423         0.510897901855
        0.400451699275         0.129216258431         0.510897901864
        0.400451699276         0.129216258436         0.510897901868
        0.400451699276         0.129216258438         0.510897901871
        0.400451699276         0.129216258440         0.510897901872
        0.400451699277         0.129216258440         0.510897901873
        0.400451699277         0.129216258441         0.510897901873
        0.400451699277         0.129216258441         0.510897901874
        0.400451699277         0.129216258441         0.510897901874
        0.400451699277         0.129216258441         0.510897901874
        0.400451699277         0.129216258441         0.510897901874
        0.400451699277         0.129216258441         0.510897901874
        0.400451699277         0.129216258441         0.510897901874
        0.400451699277         0.129216258441         0.510897901874
        0.400451699277         0.129216258441         0.510897901874
        0.400451699277         0.129216258441         0.510897901873
        0.400451699277         0.129216258441         0.510897901874
        0.400451699277         0.129216258441         0.510897901873
        0.400451699277         0.129216258441         0.510897901873
        0.400451699277         0.129216258441         0.510897901873
        0.400451699277         0.129216258441         0.510897901873
        0.400451699277         0.129216258441         0.510897901873
        0.400451699277         0.129216258441         0.510897901873
        0.400451699277         0.129216258441         0.510897901873
        0.400451699277         0.129216258441         0.510897901873
        0.400451699277         0.129216258441         0.510897901873
        0.400451699277         0.129216258441         0.510897901873
        0.400451699277         0.129216258441         0.510897901873
        0.400451699277         0.129216258441         0.510897901873
        0.400451699277         0.129216258441         0.510897901873
        0.400451699277         0.129216258441         0.510897901874
        0.400451699277         0.129216258441         0.510897901874
        0.400451699277         0.129216258441         0.510897901874
        0.400451699277         0.129216258442         0.510897901874
        0.400451699278         0.129216258444         0.510897901877
        0.400451699278         0.129216258445         0.510897901877
        0.400451699281         0.129216258452         0.510897901887
        0.400451699279         0.129216258454         0.510897901886
        0.400451699292         0.129216258483         0.510897901923
        0.400451699284         0.129216258490         0.510897901916
        0.400451699330         0.129216258600         0.510897902065
        0.400451699287         0.129216258621         0.510897902025
        0.400451699448         0.129216259059         0.510897902615
        0.400451699206         0.129216259123         0.510897902410
        0.400451699714         0.129216260901         0.510897904764
        0.400451698353         0.129216261131         0.510897903761
        0.400451699570         0.129216268397         0.510897913079
        0.400451691878         0.129216269245         0.510897908023
        0.400451692003         0.129216299000         0.510897944211
        0.400451648696         0.129216301923         0.510897917621
        0.400451622546         0.129216423321         0.510898053328
        0.400451381007         0.129216429891         0.510897907109
        0.400451131661         0.129216918198         0.510898383032
        0.400449803717         0.129216896261         0.510897549591
        0.400448048384         0.129218800754         0.510898997677
        0.400440882450         0.129218312945         0.510894135495
        0.400430057123         0.129225272591         0.510896978555
        0.400392268777         0.129220219385         0.510868225832
        0.400330897781         0.129241924050         0.510861009499
        0.400137395551         0.129198470605         0.510689585033
        0.399812622790         0.129233727378         0.510542844718
        0.398866253751         0.128898438462         0.509525630865
        0.397246985442         0.128624839836         0.508133847210
        0.393133275810         0.126631037494         0.502547606818
        0.385698680935         0.123245370518         0.491915503149
        0.370681984202         0.126055715391         0.459835060609
        0.479437034233         0.555090130891         0.875254340708
