        0.526685505110         0.629813774869         0.905436003913
        0.495409128505         0.146171689402         0.477204469650
        0.498464394707         0.661891459498         0.850115710212
        0.505647154055         0.148894440617         0.464067381598
        0.508378370164         0.663714681896         0.849752183892
        0.516009655929         0.146870991664         0.441467576490
        0.519283779698         0.662621034511         0.851583749534
        0.524991579919         0.145328672092         0.424981465700
        0.527143632431         0.661310609029         0.853009701372
        0.529404312449         0.144909738721         0.416848884538
        0.529844923324         0.660485468928         0.853605874532
        0.528787409131         0.145566420271         0.417266626292
        0.527869050182         0.660272791293         0.853419660597
        0.525043794093         0.146807180850         0.423339128002
        0.523673025645         0.660487211826         0.852812069429
        0.521100161726         0.147944441860         0.430412465258
        0.520184389967         0.660827249008         0.852239977983
        0.519286101308         0.148436688082         0.434407034778
        0.519274644314         0.661042017835         0.852025319324
        0.520257523931         0.148144191072         0.433694047358
        0.520992264696         0.661031685808         0.852222253290
        0.522950045502         0.147356852386         0.429523647368
        0.523861962335         0.660856215385         0.852639339181
        0.525460396603         0.146591574139         0.424900642627
        0.525961169047         0.660662903313         0.852987934555
        0.526266500201         0.146285843095         0.422658702609
        0.526096022643         0.660581478958         0.853062657649
        0.525071832245         0.146563250886         0.423861668956
        0.524412385926         0.660648675885         0.852850749553
        0.522838995562         0.147195224267         0.427388011431
        0.522156288413         0.660800590412         0.852516570951
        0.521076384412         0.147765889540         0.430822525005
        0.520807084788         0.660926990083         0.852283291490
        0.520865308744         0.147931950776         0.432026494286
        0.521149900033         0.660946628106         0.852290881846
        0.522227337554         0.147621303359         0.430412979764
        0.522845234746         0.660855856159         0.852516646217
        0.524186925002         0.147058015137         0.427192977025
        0.524718959374         0.660723907000         0.852801197032
        0.525445339454         0.146608645918         0.424511895127
        0.525549863370         0.660642376095         0.852957089957
        0.525217598849         0.146550572292         0.424062083315
        0.524843697958         0.660663839751         0.852888794103
        0.523707684752         0.146904991949         0.426043321890
        0.523116007078         0.660769368591         0.852649288367
        0.521942028482         0.147433154399         0.429094800449
        0.521527500754         0.660884322634         0.852400714906
        0.521087467416         0.147792924700         0.431206263019
        0.521121279508         0.660929956445         0.852307070830
        0.521696254848         0.147755695996         0.431014094672
        0.522152084872         0.660876017423         0.852428332304
        0.523356584926         0.147348825947         0.428664054174
        0.523930267740         0.660760232085         0.852682896813
        0.524965539285         0.146836325070         0.425705143885
        0.525274060828         0.660662562896         0.852901361346
        0.525447315147         0.146550908899         0.424088840472
        0.525279458012         0.660651251972         0.852936971612
        0.524458153939         0.146682306255         0.424907687478
        0.523916069766         0.660736116171         0.852762206599
        0.522625414206         0.147153971798         0.427672650507
        0.522064384386         0.660860423699         0.852489223662
        0.521159099377         0.147666518570         0.430596667182
        0.520959985236         0.660937758692         0.852299566948
        0.521071192093         0.147883711517         0.431724005108
        0.521388051539         0.660910449256         0.852326271252
        0.522495143294         0.147647666566         0.430206455198
        0.523141178765         0.660791147192         0.852563150699
        0.524550835986         0.147088671783         0.426913758190
        0.525103463636         0.660658818530         0.852861254039
        0.525869492983         0.146556378613         0.423957906731
        0.525937992892         0.660608792051         0.853019251068
        0.525475271608         0.146407631135         0.423381048475
        0.524966634556         0.660686760946         0.852914695685
        0.523473846601         0.146776773038         0.425799296568
        0.522683187845         0.660850256692         0.852593569919
        0.521085463923         0.147471110894         0.429868904397
        0.520537189376         0.660987484882         0.852256319420
        0.519943985392         0.148064805309         0.432979649307
        0.520062973665         0.660987919599         0.852139951751
        0.521043777778         0.148147398334         0.432839378366
        0.521851650462         0.660823343836         0.852362050237
        0.523974888799         0.147586252445         0.429030769274
        0.525011262007         0.660586209215         0.852822844746
        0.526971877277         0.146644122527         0.423559096500
        0.527521838199         0.660452397672         0.853234935408
        0.527854508714         0.145869337764         0.419937409837
        0.527383347822         0.660575565162         0.853279605341
        0.525403061015         0.145806658254         0.421195165452
        0.523963032263         0.660959879134         0.852813060672
        0.520402614788         0.146686316006         0.427868433614
        0.518770355225         0.661378606868         0.852009006106
        0.515713914506         0.148271148137         0.437120385567
        0.515152465957         0.661390568890         0.851350296005
        0.515253123836         0.149965005662         0.443540284340
        0.517001468447         0.660443701116         0.851464284849
        0.522470378513         0.151170863345         0.441124914583
        0.527272793358         0.657959550260         0.852899514859
        0.539693414818         0.151855703590         0.424691309317
        0.548853372609         0.653377173316         0.856141438640
        0.566773801665         0.152960306486         0.383316447870
        0.676118691903         0.653627405687         0.870627951546
