        0.452268741010         0.105326116172         0.710398084287
        0.352958749912         0.185757301867         0.253194913826
        0.365131103493         0.130807574605         0.408651300962
        0.365698225019         0.152380720748         0.334597725363
        0.365728617824         0.140825394959         0.354142681721
        0.365632013862         0.144486789294         0.345166933312
        0.364093579066         0.144714125217         0.354529151603
        0.363434255324         0.146766123349         0.361375846263
        0.363464609548         0.147554879986         0.365447515864
        0.364279879445         0.147126799843         0.363573147222
        0.365209815692         0.145822037609         0.357698379355
        0.365698249379         0.144540460971         0.351950461156
        0.365488870980         0.144093542891         0.349863833082
        0.364779932107         0.144671678114         0.352412679098
        0.364051582614         0.145823660497         0.357565213857
        0.363751943587         0.146776649004         0.361865616081
        0.364030170105         0.146949245611         0.362678632048
        0.364669681703         0.146293342809         0.359762312266
        0.365248031150         0.145283422856         0.355230187566
        0.365410029984         0.144582358830         0.352060634852
        0.365081787342         0.144613943128         0.352172787274
        0.364498615142         0.145312769427         0.355290986463
        0.364040772765         0.146195602930         0.359254597463
        0.363988974280         0.146690303890         0.361491330998
        0.364354803560         0.146501911255         0.360664792383
        0.364887037393         0.145784674508         0.357455029420
        0.365241479675         0.145022104270         0.354027551236
        0.365201284377         0.144704626128         0.352588300169
        0.364808094056         0.145017307259         0.353977631516
        0.364325462500         0.145734608005         0.357191245287
        0.364063936587         0.146380394229         0.360094037283
        0.364182802575         0.146541451263         0.360827117012
        0.364594102971         0.146129725431         0.358988158796
        0.365026145400         0.145428227935         0.355842048092
        0.365201636429         0.144898258077         0.353458685672
        0.365014531078         0.144878023361         0.353359877750
        0.364593457997         0.145368276632         0.355554078331
        0.364214131377         0.146039974864         0.358567546532
        0.364119850308         0.146453766664         0.360428121856
        0.364366299643         0.146345797140         0.359948740185
        0.364789111403         0.145794926448         0.357479994930
        0.365112801833         0.145166035238         0.354657757714
        0.365129361722         0.144869574368         0.353324755200
        0.364831299204         0.145094968609         0.354333100712
        0.364414396634         0.145690220546         0.357002372719
        0.364149718740         0.146263866155         0.359576337829
        0.364208171447         0.146441255322         0.360373255874
        0.364550650855         0.146108126255         0.358879596969
        0.364954053589         0.145483846403         0.356079289386
        0.365155953260         0.144977605242         0.353808532232
        0.365024565562         0.144921388131         0.353557102633
        0.364644388215         0.145353211102         0.355495139699
        0.364262086771         0.145991553596         0.358358636746
        0.364127157034         0.146418090058         0.360270318282
        0.364329866097         0.146350602897         0.359964860943
        0.364741231410         0.145828826469         0.357622383771
        0.365094688778         0.145191450619         0.354764068681
        0.365157998267         0.144857336523         0.353269219435
        0.364885056019         0.145051582773         0.354145625375
        0.364448860850         0.145654734433         0.356853970464
        0.364132440590         0.146275575773         0.359636780433
        0.364146200518         0.146503533841         0.360652937558
        0.364488956736         0.146178671966         0.359188951062
        0.364943795104         0.145502746144         0.356154792186
        0.365214471097         0.144915015193         0.353523480389
        0.365117118743         0.144808567143         0.353056303708
        0.364703975969         0.145269215032         0.355132003292
        0.364236610947         0.146009211173         0.358453077634
        0.364021542514         0.146545312821         0.360849484620
        0.364210898638         0.146511959867         0.360686000180
        0.364696685938         0.145908103362         0.357967180413
        0.365170922918         0.145112706544         0.354401117251
        0.365319039136         0.144649510671         0.352338489346
        0.365026180976         0.144845490684         0.353238286926
        0.364462532815         0.145603591611         0.356651911628
        0.363986388303         0.146445342916         0.360422796564
        0.363919204681         0.146808834574         0.362031246918
        0.364332359938         0.146418748390         0.360255667836
        0.364984683852         0.145488031766         0.356069812895
        0.365460008894         0.144607869733         0.352137479355
        0.365427965116         0.144378678192         0.351147959592
        0.364867076617         0.145008473335         0.354013389030
        0.364103134480         0.146142116763         0.359113266694
        0.363625087987         0.147052133848         0.363169046808
        0.363780662977         0.147093821923         0.363300201387
        0.364537089970         0.146146392936         0.359001026878
        0.365463731222         0.144748385494         0.352728144377
        0.365966821200         0.143808338228         0.348579438906
        0.365651336577         0.144038001079         0.349724545787
        0.364595809379         0.145444428094         0.356142505479
        0.363367215230         0.147232087256         0.364165418628
        0.362725605587         0.148207065495         0.368425971428
        0.363244698944         0.147519439718         0.365155648352
        0.364828739757         0.145319607850         0.354957549469
        0.366977857266         0.142645789124         0.343822124196
        0.368207589727         0.141840617466         0.338329373041
        0.367871431970         0.142388825515         0.349100279660
        0.364080208461         0.149172001443         0.362180663074
        0.355480196256         0.147929016368         0.400675277733
        0.340799219029         0.165625019751         0.371588558692
        0.347425914088         0.139013353947         0.430596880312
