        0.486555828388         0.237978796469         0.922307189757
        0.125636951795         0.279702347482         0.013699344859
        0.374111430889         0.113582033467         0.860204004220
        0.202528437784         0.421962113499         0.016128627012
        0.324044795783         0.078092119856         0.856329674495
        0.243042239594         0.471683195215         0.016782242122
        0.299663543596         0.069427021660         0.858940392167
        0.262707036693         0.487391982919         0.016804253836
        0.288318843085         0.067784380650         0.860665536485
        0.271808214797         0.492295905828         0.016772196151
        0.283203742632         0.067662511412         0.861514372513
        0.275908452364         0.493895610832         0.016751576949
        0.280934888117         0.067766862535         0.861906466166
        0.277729507329         0.494451069396         0.016741269368
        0.279936439026         0.067853264779         0.862083544032
        0.278532157320         0.494656563436         0.016736452518
        0.279498733971         0.067901462360         0.862162517603
        0.278884466137         0.494736791933         0.016734266188
        0.279307217672         0.067925173851         0.862197454397
        0.279038748221         0.494769401963         0.016733289513
        0.279223503692         0.067936202898         0.862212829694
        0.279106222681         0.494783026221         0.016732857293
        0.279186930922         0.067941189121         0.862219574274
        0.279135710275         0.494788819480         0.016732667088
        0.279170957817         0.067943409164         0.862222527059
        0.279148591392         0.494791309673         0.016732583662
        0.279163982747         0.067944389252         0.862223818282
        0.279154216890         0.494792387022         0.016732547142
        0.279160937190         0.067944819867         0.862224382534
        0.279156673334         0.494792854903         0.016732531173
        0.279159607467         0.067945008550         0.862224629008
        0.279157745884         0.494793058551         0.016732524195
        0.279159026913         0.067945091097         0.862224736647
        0.279158214167         0.494793147304         0.016732521147
        0.279158773448         0.067945127178         0.862224783648
        0.279158418617         0.494793186013         0.016732519816
        0.279158662789         0.067945142941         0.862224804170
        0.279158507878         0.494793202903         0.016732519235
        0.279158614476         0.067945149826         0.862224813129
        0.279158546850         0.494793210274         0.016732518981
        0.279158593379         0.067945152832         0.862224817041
        0.279158563869         0.494793213490         0.016732518871
        0.279158584161         0.067945154144         0.862224818748
        0.279158571309         0.494793214893         0.016732518822
        0.279158580117         0.067945154715         0.862224819491
        0.279158574581         0.494793215502         0.016732518801
        0.279158578309         0.067945154961         0.862224819811
        0.279158576063         0.494793215759         0.016732518792
        0.279158577420         0.067945155061         0.862224819941
        0.279158576833         0.494793215853         0.016732518789
        0.279158576806         0.067945155087         0.862224819975
        0.279158577450         0.494793215851         0.016732518789
        0.279158576018         0.067945155058         0.862224819938
        0.279158578363         0.494793215752         0.016732518793
        0.279158574485         0.067945154954         0.862224819802
        0.279158580235         0.494793215484         0.016732518802
        0.279158571093         0.067945154698         0.862224819469
        0.279158584430         0.494793214852         0.016732518824
        0.279158563373         0.067945154105         0.862224818698
        0.279158593995         0.494793213396         0.016732518874
        0.279158545712         0.067945152744         0.862224816927
        0.279158615886         0.494793210058         0.016732518989
        0.279158505271         0.067945149625         0.862224812868
        0.279158666021         0.494793202407         0.016732519252
        0.279158412645         0.067945142483         0.862224803570
        0.279158780853         0.494793184874         0.016732519855
        0.279158200491         0.067945126133         0.862224782276
        0.279159043870         0.494793144677         0.016732521236
        0.279157714571         0.067945088723         0.862224733509
        0.279159646299         0.494793052464         0.016732524398
        0.279156601661         0.067945003188         0.862224621835
        0.279161026097         0.494792840685         0.016732531635
        0.279154052925         0.067944807890         0.862224366160
        0.279164186226         0.494792353360         0.016732548192
        0.279148216646         0.067944363031         0.862223780987
        0.279171423249         0.494791228211         0.016732586053
        0.279134855152         0.067943353936         0.862222442377
        0.279187994522         0.494788615570         0.016732672600
        0.279104276752         0.067941081840         0.862219382634
        0.279225930505         0.494782490557         0.016732870691
        0.279034340802         0.067936033443         0.862212395446
        0.279312741872         0.494767904607         0.016733327690
        0.278874562926         0.067925087315         0.862196446303
        0.279511266806         0.494732304858         0.016734414190
        0.278510203145         0.067902449869         0.862159931077
        0.279964762583         0.494642203431         0.016737244789
        0.277681923250         0.067860142729         0.862074976357
        0.280998800146         0.494402759602         0.016746340125
        0.275809134799         0.067800258815         0.861865949427
        0.283349766218         0.493728807129         0.016786008057
        0.271612797084         0.067803890786         0.861269712330
        0.288674039861         0.491727594165         0.017007654314
        0.262361093732         0.068322739765         0.859062660929
        0.300709544832         0.485541465959         0.018405999154
        0.242420074750         0.071143133703         0.848331146262
        0.327927789389         0.467115286024         0.027426069736
        0.204446788984         0.079846546821         0.789457310231
        0.387664552956         0.406902163523         0.086020893826
        0.155055069659         0.078976109552         0.517370846026
        0.471737553357         0.439354327321         0.372565682891
