        0.472465981942         0.126337482263         0.796514327298
        0.377897134937         0.175114255135         0.298740608687
        0.390092052175         0.135770121584         0.473965375239
        0.386972457252         0.155266887687         0.422931774573
        0.390094014081         0.148461676007         0.457533232901
        0.390565413781         0.152253384944         0.449467394058
        0.391426227024         0.151146958722         0.456521333386
        0.391621904684         0.151931530493         0.455073961458
        0.391810708856         0.151751457895         0.456449539518
        0.391851149745         0.151913816538         0.456156721040
        0.391885327222         0.151882433457         0.456412390008
        0.391890877221         0.151914555650         0.456348179386
        0.391896077618         0.151908319938         0.456393890744
        0.391896402315         0.151914309647         0.456379436347
        0.391897053506         0.151912909812         0.456387379156
        0.391896955195         0.151913959256         0.456384126884
        0.391897011168         0.151913623463         0.456385454413
        0.391896960756         0.151913792860         0.456384708493
        0.391896956720         0.151913708554         0.456384899555
        0.391896938868         0.151913730398         0.456384710951
        0.391896933079         0.151913707105         0.456384717421
        0.391896926154         0.151913706740         0.456384658327
        0.391896922502         0.151913698981         0.456384642856
        0.391896919265         0.151913696572         0.456384618828
        0.391896917132         0.151913693348         0.456384606412
        0.391896915432         0.151913691611         0.456384594698
        0.391896914215         0.151913690044         0.456384587024
        0.391896913284         0.151913689010         0.456384580828
        0.391896912601         0.151913688190         0.456384576422
        0.391896912088         0.151913687608         0.456384573055
        0.391896911709         0.151913687168         0.456384570597
        0.391896911427         0.151913686847         0.456384568758
        0.391896911218         0.151913686609         0.456384567406
        0.391896911064         0.151913686435         0.456384566403
        0.391896910950         0.151913686306         0.456384565665
        0.391896910866         0.151913686212         0.456384565121
        0.391896910804         0.151913686142         0.456384564721
        0.391896910758         0.151913686091         0.456384564426
        0.391896910725         0.151913686054         0.456384564210
        0.391896910700         0.151913686027         0.456384564052
        0.391896910682         0.151913686007         0.456384563935
        0.391896910669         0.151913685992         0.456384563851
        0.391896910659         0.151913685982         0.456384563789
        0.391896910652         0.151913685974         0.456384563744
        0.391896910647         0.151913685968         0.456384563711
        0.391896910644         0.151913685964         0.456384563687
        0.391896910641         0.151913685961         0.456384563671
        0.391896910639         0.151913685959         0.456384563659
        0.391896910638         0.151913685958         0.456384563651
        0.391896910638         0.151913685957         0.456384563647
        0.391896910638         0.151913685957         0.456384563645
        0.391896910638         0.151913685957         0.456384563646
        0.391896910639         0.151913685958         0.456384563650
        0.391896910641         0.151913685959         0.456384563657
        0.391896910643         0.151913685961         0.456384563668
        0.391896910646         0.151913685964         0.456384563684
        0.391896910651         0.151913685967         0.456384563706
        0.391896910658         0.151913685973         0.456384563736
        0.391896910667         0.151913685980         0.456384563779
        0.391896910679         0.151913685990         0.456384563837
        0.391896910696         0.151913686004         0.456384563918
        0.391896910719         0.151913686023         0.456384564027
        0.391896910751         0.151913686048         0.456384564177
        0.391896910795         0.151913686084         0.456384564382
        0.391896910853         0.151913686132         0.456384564661
        0.391896910933         0.151913686197         0.456384565041
        0.391896911042         0.151913686287         0.456384565558
        0.391896911189         0.151913686409         0.456384566261
        0.391896911389         0.151913686575         0.456384567216
        0.391896911659         0.151913686802         0.456384568510
        0.391896912023         0.151913687108         0.456384570263
        0.391896912514         0.151913687526         0.456384572629
        0.391896913173         0.151913688088         0.456384575831
        0.391896914059         0.151913688854         0.456384580122
        0.391896915238         0.151913689876         0.456384585940
        0.391896916820         0.151913691283         0.456384593624
        0.391896918887         0.151913693105         0.456384604155
        0.391896921672         0.151913695706         0.456384617592
        0.391896925176         0.151913698833         0.456384636744
        0.391896930051         0.151913703821         0.456384659001
        0.391896935667         0.151913708675         0.456384695036
        0.391896944694         0.151913719358         0.456384726618
        0.391896953257         0.151913724443         0.456384802732
        0.391896974748         0.151913752990         0.456384822515
        0.391896989168         0.151913743597         0.456385029937
        0.391897064561         0.151913840609         0.456384896703
        0.391897090411         0.151913715830         0.456385665172
        0.391897380985         0.151914081094         0.456384588004
        0.391897236651         0.151913170044         0.456387970620
        0.391897863113         0.151914461014         0.456381398484
        0.391894494206         0.151908456333         0.456396488294
        0.391890313250         0.151912248905         0.456356762114
        0.391853530932         0.151875600883         0.456418979363
        0.391784896237         0.151885138215         0.456175358899
        0.391489348326         0.151682840533         0.456401301005
        0.390928022680         0.151732806215         0.454934422135
        0.389034190889         0.150741343984         0.455662618291
        0.385833717867         0.151398390462         0.447276092438
        0.376430960355         0.146876600366         0.450012505999
        0.363257240210         0.154738651705         0.404436634484
        0.360499384188         0.137220171817         0.435721137698
