        0.456850812609         0.088720551022         0.687393890805
        0.403406436702         0.135429344820         0.430413243002
        0.399892337908         0.128714988773         0.477346227263
        0.397772654106         0.131687483007         0.467379284424
        0.397470963391         0.131081498186         0.471039888271
        0.397458197501         0.131196619884         0.471136368371
        0.397529992130         0.131148457641         0.471674284128
        0.397584349852         0.131155421281         0.471840799622
        0.397617733236         0.131156341270         0.471945098858
        0.397635107476         0.131159873946         0.471987162605
        0.397643535572         0.131161952817         0.472006930444
        0.397647357743         0.131163287367         0.472015002074
        0.397649011204         0.131163986976         0.472018373799
        0.397649693649         0.131164342082         0.472019690147
        0.397649963462         0.131164509095         0.472020195467
        0.397650065291         0.131164584624         0.472020379513
        0.397650101797         0.131164617165         0.472020443908
        0.397650114072         0.131164630648         0.472020464986
        0.397650117850         0.131164635996         0.472020471326
        0.397650118854         0.131164638026         0.472020472960
        0.397650119041         0.131164638757         0.472020473248
        0.397650119032         0.131164639004         0.472020473223
        0.397650118996         0.131164639080         0.472020473161
        0.397650118971         0.131164639100         0.472020473118
        0.397650118958         0.131164639103         0.472020473096
        0.397650118951         0.131164639103         0.472020473085
        0.397650118948         0.131164639102         0.472020473080
        0.397650118947         0.131164639101         0.472020473078
        0.397650118947         0.131164639101         0.472020473077
        0.397650118947         0.131164639101         0.472020473077
        0.397650118947         0.131164639101         0.472020473077
        0.397650118947         0.131164639101         0.472020473077
        0.397650118947         0.131164639101         0.472020473077
        0.397650118947         0.131164639101         0.472020473077
        0.397650118947         0.131164639101         0.472020473077
        0.397650118947         0.131164639101         0.472020473077
        0.397650118947         0.131164639101         0.472020473077
        0.397650118947         0.131164639101         0.472020473077
        0.397650118947         0.131164639101         0.472020473077
        0.397650118947         0.131164639101         0.472020473077
        0.397650118947         0.131164639101         0.472020473077
        0.397650118947         0.131164639101         0.472020473077
        0.397650118947         0.131164639101         0.472020473077
        0.397650118947         0.131164639101         0.472020473077
        0.397650118947         0.131164639101         0.472020473077
        0.397650118947         0.131164639101         0.472020473077
        0.397650118947         0.131164639101         0.472020473077
        0.397650118946         0.131164639101         0.472020473077
        0.397650118947         0.131164639101         0.472020473077
        0.397650118947         0.131164639101         0.472020473077
        0.397650118947         0.131164639101         0.472020473077
        0.397650118947         0.131164639101         0.472020473077
        0.397650118947         0.131164639101         0.472020473077
        0.397650118947         0.131164639101         0.472020473077
        0.397650118947         0.131164639101         0.472020473077
        0.397650118947         0.131164639101         0.472020473077
        0.397650118947         0.131164639101         0.472020473077
        0.397650118946         0.131164639101         0.472020473077
        0.397650118947         0.131164639101         0.472020473077
        0.397650118947         0.131164639101         0.472020473077
        0.397650118946         0.131164639101         0.472020473077
        0.397650118947         0.131164639101         0.472020473077
        0.397650118947         0.131164639101         0.472020473077
        0.397650118947         0.131164639101         0.472020473077
        0.397650118947         0.131164639101         0.472020473077
        0.397650118947         0.131164639101         0.472020473077
        0.397650118947         0.131164639101         0.472020473077
        0.397650118947         0.131164639101         0.472020473077
        0.397650118947         0.131164639101         0.472020473077
        0.397650118947         0.131164639101         0.472020473077
        0.397650118947         0.131164639101         0.472020473077
        0.397650118947         0.131164639101         0.472020473077
        0.397650118947         0.131164639101         0.472020473078
        0.397650118947         0.131164639101         0.472020473078
        0.397650118947         0.131164639103         0.472020473080
        0.397650118951         0.131164639106         0.472020473083
        0.397650118965         0.131164639116         0.472020473093
        0.397650119010         0.131164639139         0.472020473122
        0.397650119145         0.131164639195         0.472020473205
        0.397650119523         0.131164639317         0.472020473435
        0.397650120505         0.131164639558         0.472020474048
        0.397650122895         0.131164639956         0.472020475599
        0.397650128281         0.131164640352         0.472020479309
        0.397650139244         0.131164639718         0.472020487576
        0.397650158088         0.131164633993         0.472020504225
        0.397650179070         0.131164609702         0.472020532520
        0.397650157963         0.131164526602         0.472020562255
        0.397649910439         0.131164271759         0.472020522937
        0.397648806232         0.131163549073         0.472020111812
        0.397644897073         0.131161605574         0.472018329803
        0.397632600731         0.131156675700         0.472011894647
        0.397596650199         0.131144590301         0.471991949596
        0.397497678092         0.131117056094         0.471931039783
        0.397236439595         0.131055037777         0.471768262826
        0.396581709217         0.130935964280         0.471296850142
        0.394985197634         0.130686567406         0.470213303537
        0.391372195840         0.130436247312         0.466902978047
        0.383222229983         0.129714448981         0.461265263099
        0.367311262207         0.132782912923         0.437220580305
        0.352868017693         0.129699711923         0.430386600325
