      -91.807421456901
      -91.811292863406
      -91.811295106727
      -91.811295168150
      -91.811295172037
      -91.811295172024
      -91.811295171093
      -91.811601851958
      -91.811601760944
      -91.811601757605
      -91.811601740653
      -91.811601740467
      -91.811601740439
      -91.811601740432
      -91.811540771256
      -91.811537255529
      -91.811537258889
      -91.811537259922
      -91.811537260590
      -91.811537294543
      -91.811537474110
      -91.811537543213
      -91.811537551754
      -91.811537552856
      -91.811537553031
      -91.811537553063
      -91.811537553069
      -91.811537553070
      -91.811537553071
      -91.811537553071
      -91.811537553070
      -91.811537553071
      -91.811537553070
      -91.811537553070
      -91.811537553071
      -91.811537553070
      -91.812042019494
      -91.812043477783
      -91.812043547898
      -91.812043555786
      -91.812043555890
      -91.812043556145
      -91.812043556313
      -91.812043556398
      -91.812043556438
      -91.812043556455
      -91.812043556463
      -91.812043556466
      -91.812043556468
      -91.812043556468
      -91.812043556468
      -91.812043556468
      -91.812043556469
      -91.812043556469
      -91.812043556469
      -91.812043556468
      -91.812043556469
      -91.812043556468
      -91.812049504372
      -91.812049518306
      -91.812049518150
      -91.812049517944
      -91.812049517872
      -91.812049517836
      -91.812049517818
      -91.812049517807
      -91.812049517802
      -91.812049517798
      -91.812049517796
      -91.812049517795
      -91.812049517795
      -91.812049517793
      -91.812049517794
      -91.812049517793
      -91.812049589543
      -91.812049589737
      -91.812049589751
      -91.812049589753
      -91.812049589755
      -91.812049589755
      -91.812049589755
      -91.812049589755
      -91.812049589488
      -91.812049590620
      -91.812049590624
      -91.812049590624
      -91.812049590623
