     -190.702687593013
     -190.926219863623
     -190.932847695781
     -190.933335548948
     -190.933558668048
     -190.939770870528
     -190.941653433394
     -190.942214605111
     -190.942244157391
     -190.942252764858
     -190.942257586326
     -190.942265780870
     -190.942270499668
     -190.942273183337
     -190.942047550668
     -190.942043515142
     -190.942043082406
     -190.942039184349
     -190.942036957205
     -190.942037285055
     -190.942036426198
     -190.942037455398
     -190.942036875688
     -190.942037481892
     -190.942038799881
     -190.942040224206
     -190.942041878582
     -190.942041363920
     -190.942041720607
     -190.942041241992
     -190.942041607769
     -190.942043282551
     -190.942043766884
     -190.942045251355
     -190.942047481380
     -190.942048336620
     -190.943055010145
     -190.943145917444
     -190.943179237164
     -190.943199469707
     -190.943215061346
     -190.943228239166
     -190.943239286752
     -190.943248699974
     -190.943256917043
     -190.943263998565
     -190.943270230797
     -190.943275725080
     -190.943280659641
     -190.943285000430
     -190.943288832826
     -190.943292318021
     -190.943295383410
     -190.943298168953
     -190.943300647470
     -190.943302948148
     -190.943305002831
     -190.943306892472
     -190.943320583685
     -190.943323353499
     -190.943326019059
     -190.943328722348
     -190.943331215402
     -190.943333589825
     -190.943335758782
     -190.943337829845
     -190.943339863489
     -190.943341782329
     -190.943343515829
     -190.943345082595
     -190.943346564621
     -190.943347927774
     -190.943349180734
     -190.943350344025
     -190.943350765954
     -190.943350934654
     -190.943351093783
     -190.943351242541
     -190.943351388590
     -190.943351530162
     -190.943351671834
     -190.943351821765
     -190.943351978452
     -190.943352098398
     -190.943352179949
     -190.943352246105
     -190.943352315267
