     -193.328728375344
     -193.482738630497
     -193.515850202458
     -193.577416949261
     -193.577993940101
     -193.620610868437
     -193.635720429672
     -193.637016093635
     -193.637240714402
     -193.637398370696
     -193.639222996729
     -193.664255429918
     -193.664972988356
     -193.664987180391
     -193.664970362712
     -193.664970403731
     -193.664969739514
     -193.664969812939
     -193.664968953626
     -193.664967735615
     -193.664967619038
     -193.664967574428
     -193.664967377439
     -193.664966823786
     -193.664966933867
     -193.664967101852
     -193.664967036834
     -193.664966975719
     -193.664966969559
     -193.664966968456
     -193.664966968096
     -193.664966967917
     -193.664966967815
     -193.664966967755
     -193.664966967715
     -193.664966967692
     -193.665990780984
     -193.666027170230
     -193.666029680749
     -193.666029666334
     -193.666030019819
     -193.666030049348
     -193.666030054709
     -193.666030257331
     -193.666030366098
     -193.666030362917
     -193.666030366711
     -193.666030365125
     -193.666030364137
     -193.666030363522
     -193.666030363104
     -193.666030362808
     -193.666030362581
     -193.666030362406
     -193.666030362265
     -193.666030362145
     -193.666030362049
     -193.666030361959
     -193.666043435087
     -193.666043635684
     -193.666043649787
     -193.666043652843
     -193.666043653290
     -193.666043653468
     -193.666043655759
     -193.666043655579
     -193.666043655520
     -193.666043655559
     -193.666043655529
     -193.666043655520
     -193.666043655521
     -193.666043655522
     -193.666043655518
     -193.666043655520
     -193.666043786937
     -193.666043789123
     -193.666043789756
     -193.666043790023
     -193.666043790172
     -193.666043790242
     -193.666043790275
     -193.666043790309
     -193.666043789860
     -193.666043791954
     -193.666043792024
     -193.666043792039
     -193.666043792051
