        -0.002246650726        0.073845162012       -0.075344351707        0.028308158247       -0.007435536544        0.014126764763       -0.014293738350        0.004576305078       -0.000909902558        0.003445381690       -0.003297409477        0.000598638149       -0.000011716935        0.000976567383       -0.000811986724       -0.000019718148        0.000045296223        0.000323180666       -0.000208391378       -0.000089701807        0.000027598168        0.000158591961       -0.000056674347       -0.000131313422        0.000011805297        0.000186727990        0.000005139336
         0.044026314410        0.078832935046       -0.077182153215        0.016246734708       -0.000459617588        0.016467585069       -0.014485979337        0.001044775589        0.000420395883        0.004490847626       -0.003200691663       -0.000506771476        0.000173025108        0.001389368151       -0.000687949583       -0.000373782808       -0.000007753631        0.000468411897       -0.000071751278       -0.000187540341       -0.000120135132        0.000165462051        0.000168441139       -0.000074192115       -0.000295120727        0.000011527208
         0.039294229301        0.064009082014       -0.068739089111        0.017875178281       -0.000580602891        0.012573843158       -0.012724050861        0.001915682363        0.000518709864        0.003291985539       -0.002878013561       -0.000131820850        0.000277276246        0.001003504502       -0.000680646170       -0.000227175990        0.000090385371        0.000346169245       -0.000158678108       -0.000143724137        0.000021363165        0.000161768003       -0.000032209266       -0.000126057436       -0.000006874111
         0.041919720754        0.068914821495       -0.070324298399        0.016328393390       -0.000414936173        0.013959983467       -0.013047444738        0.001379833266        0.000455562332        0.003742571654       -0.002901375601       -0.000319357685        0.000208605330        0.001147996479       -0.000642709171       -0.000286139497        0.000024803832        0.000379554460       -0.000090544800       -0.000136020337       -0.000075516337        0.000117504337        0.000098290846       -0.000025528817
         0.042727259755        0.064636974009       -0.070129753546        0.017474163489        0.000124176783        0.012917061587       -0.013158747134        0.001761585401        0.000684613478        0.003454406239       -0.003006406787       -0.000203227508        0.000318036905        0.001076641327       -0.000716279099       -0.000270356832        0.000101091419        0.000392952343       -0.000164060573       -0.000196474074        0.000021208957        0.000223720573       -0.000012593649
         0.043851404986        0.066448580168       -0.069968374193        0.016347917762        0.000164077607        0.013428366601       -0.013026951488        0.001412623208        0.000622589869        0.003613920993       -0.002921402593       -0.000304400351        0.000259060372        0.001113403035       -0.000652547260       -0.000276822934        0.000037229558        0.000358546229       -0.000086576597       -0.000117507086       -0.000074034021        0.000074925420
         0.044073735411        0.064947191826       -0.069721009617        0.016714457012        0.000318796025        0.013035449654       -0.013018273186        0.001541273444        0.000701503276        0.003501148456       -0.002951565140       -0.000268423645        0.000308357857        0.001095593962       -0.000691276676       -0.000292463217        0.000087259682        0.000405177023       -0.000144460594       -0.000208551485        0.000001716255
         0.043759645702        0.065653994129       -0.069703026124        0.016526181665        0.000194767627        0.013209515033       -0.012983262166        0.001486579753        0.000643009003        0.003541592504       -0.002921654365       -0.000271158010        0.000274400627        0.001079104023       -0.000663506868       -0.000250718278        0.000062214444        0.000318820448       -0.000114491681       -0.000079761566
         0.044118968835        0.065184334675       -0.069816732852        0.016655024682        0.000325138247        0.013105811008       -0.013040378151        0.001515422613        0.000699001497        0.003530567389       -0.002952583356       -0.000288846428        0.000303918538        0.001118254781       -0.000677626357       -0.000328865230        0.000075439609        0.000434456499       -0.000097162308
         0.043995328551        0.065415495279       -0.069727233098        0.016550731336        0.000267291859        0.013153789102       -0.012998195413        0.001498071551        0.000666621363        0.003518908313       -0.002930902283       -0.000255472423        0.000288256125        0.001047869606       -0.000677257554       -0.000213451536        0.000099252096        0.000239700485
         0.044125891626        0.065266826716       -0.069762684985        0.016586018773        0.000314912734        0.013132341288       -0.013017179791        0.001488510439        0.000688811840        0.003549192305       -0.002932895391       -0.000315563546        0.000286714809        0.001145825883       -0.000634083152       -0.000383086958        0.000040732759
         0.044021241428        0.065332935834       -0.069731258872        0.016579998323        0.000280689242        0.013122145085       -0.013004213117        0.001517341189        0.000681778090        0.003483238928       -0.002941251184       -0.000226926155        0.000337078767        0.000964803910       -0.000701573521       -0.000163043045
         0.044102758826        0.065306834242       -0.069759746582        0.016570596852        0.000306490726        0.013154103203       -0.013001436950        0.001462132617        0.000673183906        0.003576052641       -0.002879192855       -0.000381218103        0.000242374416        0.001165261418       -0.000465225853
         0.044057119327        0.065296087592       -0.069742920483        0.016595150505        0.000295488135        0.013088041643       -0.013021205339        0.001550804546        0.000718382268        0.003406787561       -0.002991544194       -0.000149206841        0.000482608890        0.000749694993
         0.044089723155        0.065335013202       -0.069737768202        0.016542155783        0.000291794220        0.013187356343       -0.012949390000        0.001397570571        0.000629207791        0.003623428123       -0.002712807044       -0.000548682933        0.000150856196
         0.044074584716        0.065253209324       -0.069753283723        0.016618150188        0.000336448992        0.013005290530       -0.013046273912        0.001588425593        0.000888211769        0.003182133553       -0.003031889947       -0.000127334133
         0.044065626176        0.065378981787       -0.069674406761        0.016481216238        0.000236624659        0.013231361273       -0.012745276966        0.001233299502        0.000475782041        0.003562033119       -0.002060334128
         0.044121921264        0.065156780077       -0.069807354324        0.016683431056        0.000476472504        0.012788329913       -0.013200850317        0.001706017642        0.001453481533        0.002524087600
         0.044004138074        0.065456393921       -0.069469709483        0.016300587375        0.000107006153        0.013248167714       -0.012083647790        0.000695963595        0.000276357254
         0.044337684609        0.064910581139       -0.069881431538        0.016660988377        0.001115051421        0.012126009171       -0.013205223923        0.001295598323
         0.043725316574        0.065496954833       -0.068670147393        0.015852539978       -0.000376463727        0.012611242855       -0.009479732137
         0.045097801381        0.064212010521       -0.070323057295        0.016567273060        0.003388624949        0.009845119501
         0.043153685593        0.065055942680       -0.065913135647        0.013938542701       -0.000494619226
         0.048238995996        0.062019585954       -0.069762942999        0.013289499409
         0.040845997560        0.060953280772       -0.054504788874
         0.060302976115        0.052667796054
         0.040598711682
